0 0.927885 0.401878 0.016346 0.021373
0 0.795913 0.256801 0.008173 0.013601
0 0.531731 0.368199 0.018269 0.026554
0 0.059615 0.530440 0.018269 0.020725
0 0.841827 0.217293 0.007692 0.007124
0 0.829087 0.308614 0.009135 0.013601
0 0.932933 0.419689 0.008173 0.010363
0 0.958654 0.474093 0.006731 0.009067
0 0.868269 0.391192 0.010577 0.015544
0 0.873558 0.381477 0.007692 0.011658
0 0.884375 0.384715 0.010096 0.015544
0 0.946635 0.284003 0.012500 0.008420
0 0.969471 0.590997 0.007212 0.007124
0 0.828125 0.513277 0.010096 0.013601
0 0.864183 0.563472 0.019712 0.019430
0 0.738942 0.334197 0.009615 0.010363
0 0.663462 0.318329 0.016346 0.021373
0 0.743029 0.279145 0.005288 0.007772
0 0.745433 0.350389 0.006250 0.009067
0 0.731490 0.227008 0.006250 0.008420
0 0.594712 0.301490 0.009615 0.012306
0 0.592548 0.287241 0.016827 0.018782
0 0.608173 0.300842 0.013462 0.016192
0 0.608173 0.317034 0.005769 0.008420
0 0.608654 0.253238 0.004808 0.007772
0 0.601923 0.274935 0.005769 0.008420
0 0.569952 0.266516 0.005288 0.008420
0 0.620673 0.226684 0.011538 0.010363
0 0.483894 0.263277 0.019712 0.022668
0 0.556971 0.317034 0.014904 0.016192
0 0.505048 0.385687 0.007212 0.011010
0 0.537740 0.388601 0.006250 0.009067
0 0.548558 0.393135 0.005769 0.010363
0 0.597596 0.498057 0.011538 0.014249
0 0.604327 0.494495 0.009615 0.014896
0 0.614663 0.479598 0.006250 0.007124
0 0.515385 0.517811 0.013462 0.018782
0 0.523558 0.508744 0.007692 0.009715
0 0.518269 0.545661 0.009615 0.011010
0 0.531971 0.548251 0.014904 0.013601
0 0.546154 0.588083 0.009615 0.010363
0 0.494471 0.579987 0.012019 0.013601
0 0.712500 0.475065 0.007692 0.009715
0 0.731490 0.497409 0.012019 0.016839
0 0.732933 0.586788 0.012019 0.012953
0 0.623077 0.555052 0.008654 0.010363
0 0.645433 0.529469 0.007212 0.008420
0 0.642067 0.550842 0.006250 0.008420
0 0.590385 0.581606 0.011538 0.009067
0 0.596875 0.575453 0.007212 0.007124
0 0.428846 0.502591 0.012500 0.018135
0 0.440625 0.511334 0.012981 0.018782
0 0.412981 0.474741 0.007692 0.012953
0 0.451442 0.450130 0.007692 0.014249
0 0.483894 0.513601 0.008173 0.011658
0 0.448798 0.386334 0.007212 0.012306
0 0.676442 0.442358 0.005769 0.010363
0 0.361538 0.298251 0.009615 0.018782
0 0.362500 0.321891 0.007692 0.018135
0 0.343510 0.331282 0.008173 0.012306
0 0.311058 0.251943 0.009615 0.011658
0 0.325481 0.234456 0.009615 0.011658
0 0.276683 0.223769 0.015865 0.026554
0 0.240144 0.233808 0.011058 0.014249
0 0.226683 0.257124 0.011058 0.014249
0 0.250240 0.325777 0.012981 0.019430
0 0.269231 0.378886 0.017308 0.040155
0 0.273077 0.404145 0.008654 0.014249
0 0.289904 0.386658 0.009615 0.018135
0 0.300240 0.472150 0.014904 0.018135
0 0.324038 0.474417 0.015385 0.012306
0 0.263702 0.471826 0.013942 0.021373
0 0.254567 0.492228 0.016827 0.022021
0 0.148558 0.552461 0.026923 0.018135
0 0.125000 0.525259 0.008654 0.010363
0 0.182692 0.520402 0.006731 0.007124
0 0.145673 0.339378 0.006731 0.007772
0 0.079808 0.272992 0.008654 0.008420
0 0.099519 0.262630 0.005769 0.009715
0 0.046154 0.551166 0.004808 0.007772
0 0.101683 0.560557 0.012019 0.017487
0 0.154567 0.592940 0.008173 0.009715
0 0.250000 0.564767 0.007692 0.010363
0 0.319712 0.546956 0.006731 0.011010
0 0.344471 0.580959 0.005288 0.009067
0 0.234135 0.667746 0.011538 0.011658
0 0.226923 0.652850 0.006731 0.010363
0 0.217788 0.664832 0.006731 0.008420
0 0.152885 0.666127 0.017308 0.009715
0 0.008894 0.725065 0.009135 0.013601
0 0.119471 0.798575 0.008173 0.011658
0 0.122115 0.738342 0.007692 0.010363
0 0.038221 0.883096 0.007212 0.009715
0 0.025240 0.993523 0.008173 0.012953
0 0.160337 0.977008 0.016827 0.020078
0 0.159615 0.918394 0.010577 0.011658
0 0.352404 0.983484 0.014423 0.033031
0 0.381250 0.953044 0.007692 0.008420
0 0.391827 0.818329 0.007692 0.014896
0 0.246394 0.798251 0.006250 0.008420
0 0.472596 0.911593 0.010577 0.012306
0 0.448558 0.941386 0.006731 0.012306
0 0.548558 0.807966 0.015385 0.021373
0 0.560337 0.801490 0.008173 0.012306
0 0.514183 0.862370 0.008173 0.009715
0 0.549519 0.995142 0.015385 0.009715
0 0.581250 0.976360 0.012500 0.013601
0 0.622596 0.981218 0.010577 0.015544
0 0.619231 0.886658 0.015385 0.012953
0 0.625721 0.906412 0.008173 0.012306
0 0.662260 0.913860 0.017788 0.024611
0 0.677644 0.862047 0.010096 0.014249
0 0.693269 0.791127 0.016346 0.012306
0 0.770673 0.792422 0.017308 0.016192
0 0.703846 0.897021 0.012500 0.022021
0 0.726923 0.946567 0.010577 0.017487
0 0.775721 0.956930 0.009135 0.016192
0 0.830048 0.922927 0.005288 0.009067
0 0.829087 0.939443 0.006250 0.011010
0 0.829327 0.848122 0.006731 0.012306
0 0.828846 0.864313 0.006731 0.013601
0 0.787740 0.104922 0.007212 0.010363
0 0.817788 0.128886 0.006731 0.009067
0 0.584135 0.062500 0.008654 0.012306
0 0.969231 0.019754 0.014423 0.017487
0 0.980048 0.070920 0.009135 0.013601
0 0.486779 0.058614 0.009135 0.011010
0 0.425721 0.080311 0.012981 0.012953
0 0.393269 0.142811 0.006731 0.016192
0 0.367308 0.080959 0.008654 0.010363
0 0.382692 0.075130 0.007692 0.010363
0 0.311058 0.080959 0.010577 0.009067
0 0.215865 0.080311 0.013462 0.012953
0 0.124038 0.082902 0.013462 0.009067
0 0.133894 0.057642 0.011058 0.011658
0 0.094712 0.066062 0.011538 0.010363
0 0.868029 0.840350 0.008173 0.011010
0 0.866827 0.886010 0.004808 0.007772
0 0.867548 0.894754 0.007212 0.011010
0 0.891827 0.940738 0.006731 0.012306
0 0.883654 0.953692 0.005769 0.008420
0 0.958173 0.931347 0.009615 0.014249
0 0.959135 0.911593 0.015385 0.020078
0 0.899038 0.839702 0.007692 0.011010
0 0.956250 0.786917 0.009615 0.010363
0 0.939183 0.787241 0.004327 0.007124
0 0.966346 0.787241 0.003846 0.007124
0 0.985577 0.804404 0.007692 0.010363
0 0.964183 0.841969 0.007212 0.007772
0 0.866346 0.801813 0.004808 0.007772
0 0.445913 0.562500 0.005288 0.008420
0 0.433654 0.665479 0.008654 0.009715
0 0.442067 0.664508 0.006250 0.007772
0 0.559615 0.664508 0.010577 0.007772
0 0.051202 0.356218 0.008173 0.016839
