2 0.080288 0.059262 0.014423 0.014896
2 0.051442 0.120790 0.009615 0.020078
2 0.185337 0.124676 0.012981 0.018782
2 0.162740 0.113342 0.007212 0.015544
2 0.185577 0.062176 0.007692 0.009067
2 0.284375 0.100712 0.010096 0.016192
2 0.414183 0.128562 0.012019 0.020078
2 0.451202 0.091645 0.010096 0.023964
2 0.481250 0.113342 0.016346 0.014249
2 0.498317 0.106218 0.006250 0.014249
2 0.579567 0.088083 0.013942 0.014249
2 0.655529 0.070920 0.008173 0.014896
2 0.765865 0.082902 0.010577 0.018135
2 0.801923 0.115609 0.012500 0.011010
2 0.816346 0.094236 0.007692 0.013601
2 0.892788 0.075777 0.010577 0.016839
2 0.860817 0.080959 0.008173 0.016839
2 0.957692 0.390868 0.013462 0.014896
2 0.857933 0.424547 0.008173 0.009715
2 0.870433 0.443977 0.009135 0.013601
2 0.863462 0.641516 0.009615 0.018782
2 0.942548 0.745142 0.011058 0.016192
2 0.973558 0.636982 0.017308 0.014896
2 0.957212 0.608161 0.012500 0.016839
2 0.923077 0.506153 0.007692 0.013601
2 0.938462 0.522668 0.012500 0.015544
2 0.950240 0.497733 0.010096 0.014896
2 0.971154 0.495790 0.013462 0.017487
2 0.993990 0.506477 0.012019 0.014249
2 0.711058 0.433938 0.019231 0.023316
2 0.691827 0.432966 0.009615 0.012306
2 0.801683 0.439119 0.010096 0.014249
2 0.789904 0.461464 0.006731 0.008420
2 0.800000 0.461464 0.006731 0.012306
2 0.512019 0.395078 0.012500 0.014249
2 0.474519 0.488666 0.011538 0.016192
2 0.472837 0.697863 0.010096 0.018782
2 0.492548 0.709197 0.011058 0.018135
2 0.801442 0.718912 0.007692 0.011658
2 0.760577 0.738342 0.010577 0.016839
2 0.713462 0.670661 0.012500 0.012306
2 0.719712 0.742552 0.009615 0.012306
2 0.739183 0.749352 0.017788 0.027202
2 0.631010 0.484132 0.016827 0.023964
2 0.655529 0.548899 0.013942 0.017487
2 0.565144 0.501943 0.017788 0.023316
2 0.525240 0.555052 0.010096 0.011658
2 0.517067 0.577073 0.012981 0.018135
2 0.560817 0.595531 0.012981 0.026554
2 0.536298 0.606218 0.018750 0.018135
2 0.617067 0.587759 0.010096 0.014896
2 0.601923 0.589054 0.007692 0.014896
2 0.620433 0.621762 0.013942 0.015544
2 0.682692 0.553109 0.007692 0.014249
2 0.407212 0.400907 0.012500 0.019430
2 0.389904 0.409650 0.013462 0.016192
2 0.317067 0.416775 0.015865 0.021373
2 0.164663 0.401231 0.022596 0.017487
2 0.110096 0.430376 0.014423 0.021373
2 0.390385 0.496114 0.013462 0.016839
2 0.380048 0.652526 0.013942 0.026554
2 0.408173 0.666451 0.010577 0.018135
2 0.343029 0.682642 0.022596 0.016839
2 0.296875 0.740609 0.014904 0.013601
2 0.116106 0.705959 0.018750 0.034974
2 0.113221 0.668718 0.012981 0.018782
2 0.095673 0.531412 0.009615 0.018782
2 0.141106 0.737694 0.012019 0.019430
2 0.238221 0.697215 0.015865 0.018782
2 0.198317 0.693653 0.011058 0.011658
2 0.185337 0.494495 0.020673 0.027850
2 0.155288 0.487694 0.007692 0.016839
2 0.145433 0.525259 0.012981 0.011658
2 0.241587 0.569624 0.012019 0.017487
2 0.229327 0.611723 0.013462 0.022668
2 0.207933 0.592293 0.012019 0.016192
2 0.207933 0.621114 0.015865 0.022021
2 0.172596 0.619819 0.019231 0.018135
2 0.172596 0.667098 0.011538 0.011658
2 0.162019 0.652526 0.013462 0.016192
2 0.286298 0.612047 0.011058 0.016839
2 0.244231 0.526231 0.013462 0.027850
2 0.219952 0.543394 0.014904 0.019430
2 0.269231 0.480246 0.014423 0.016192
2 0.291827 0.511658 0.014423 0.019430
2 0.229327 0.465674 0.011538 0.014249
2 0.134375 0.985427 0.012981 0.018782
2 0.168029 0.981865 0.013942 0.018135
2 0.338702 0.969883 0.015865 0.022668
2 0.421394 0.967293 0.010096 0.012306
2 0.307692 0.982837 0.014423 0.017487
2 0.394952 0.976684 0.012981 0.012953
2 0.428606 0.984456 0.012019 0.012953
2 0.715385 0.973122 0.017308 0.020078
2 0.692067 0.947863 0.014904 0.012306
2 0.829808 0.989313 0.013462 0.017487
2 0.956250 0.980570 0.011538 0.020725
2 0.777404 0.988990 0.021154 0.012953
2 0.923077 0.731541 0.008654 0.016192
2 0.926923 0.750972 0.009615 0.012306
