2 0.906010 0.061528 0.007212 0.012953
2 0.800721 0.053433 0.012019 0.014896
2 0.336779 0.076749 0.014904 0.013601
2 0.315865 0.083225 0.008654 0.008420
2 0.042067 0.013925 0.012019 0.013601
2 0.158894 0.027850 0.012981 0.015544
2 0.127885 0.142487 0.010577 0.016839
2 0.068269 0.180699 0.013462 0.019430
2 0.144952 0.163536 0.011058 0.014896
2 0.025000 0.263925 0.012500 0.026554
2 0.048077 0.262953 0.010577 0.010363
2 0.116587 0.223446 0.007212 0.012953
2 0.101923 0.224741 0.008654 0.007772
2 0.098558 0.260363 0.006731 0.011658
2 0.132933 0.260363 0.008173 0.015544
2 0.154567 0.192681 0.010096 0.009715
2 0.330529 0.150583 0.012019 0.011010
2 0.287981 0.257124 0.007692 0.015544
2 0.293029 0.293394 0.010096 0.018135
2 0.631731 0.144754 0.011538 0.017487
2 0.845192 0.246438 0.014423 0.013601
2 0.868510 0.133096 0.011058 0.014896
2 0.904567 0.458873 0.011058 0.012306
2 0.759856 0.542746 0.011058 0.019430
2 0.772356 0.610104 0.008173 0.015544
2 0.849519 0.655117 0.015385 0.018782
2 0.606490 0.418394 0.009135 0.015544
2 0.374519 0.420661 0.011538 0.013601
2 0.350962 0.528174 0.012500 0.018782
2 0.419471 0.491904 0.008173 0.011010
2 0.387019 0.668070 0.010577 0.012306
2 0.175962 0.462435 0.010577 0.014249
2 0.070192 0.444301 0.014423 0.015544
2 0.162500 0.631801 0.014423 0.018782
2 0.105529 0.545661 0.010096 0.011010
2 0.042067 0.527526 0.010096 0.014896
2 0.126923 0.724093 0.011538 0.012953
2 0.385337 0.730570 0.012981 0.012953
2 0.348077 0.728627 0.017308 0.012953
2 0.323317 0.728627 0.008173 0.009067
2 0.355048 0.708549 0.012981 0.011658
2 0.282452 0.766516 0.010096 0.014896
2 0.916106 0.743847 0.010096 0.012306
2 0.842308 0.946567 0.007692 0.013601
2 0.854087 0.938148 0.010096 0.011010
2 0.784135 0.777526 0.006731 0.014896
2 0.356010 0.953692 0.010096 0.013601
2 0.059856 0.892163 0.012981 0.014896
