2 0.017548 0.004534 0.006250 0.006477
2 0.038462 0.009715 0.006731 0.006477
2 0.024760 0.014249 0.004327 0.005181
2 0.037981 0.029145 0.004808 0.006477
2 0.014183 0.029793 0.004327 0.005181
2 0.025721 0.060881 0.004327 0.006477
2 0.033173 0.059909 0.004808 0.004534
2 0.019471 0.062824 0.003365 0.005181
2 0.020673 0.073834 0.003846 0.009067
2 0.030288 0.039508 0.005769 0.006477
2 0.034856 0.090026 0.004327 0.005181
2 0.034135 0.070596 0.004808 0.006477
2 0.029808 0.078368 0.005769 0.005181
2 0.025962 0.121114 0.004808 0.006477
2 0.009856 0.115285 0.004327 0.006477
2 0.014904 0.112694 0.003846 0.006477
2 0.024519 0.107189 0.003846 0.004534
2 0.029567 0.109780 0.004327 0.004534
2 0.041346 0.107189 0.003846 0.004534
2 0.042308 0.129534 0.003846 0.006477
2 0.037260 0.125000 0.003365 0.005181
2 0.025240 0.146049 0.004327 0.004534
2 0.015865 0.134715 0.003846 0.005181
2 0.027644 0.161917 0.010096 0.005181
2 0.011298 0.166127 0.004327 0.005829
2 0.027163 0.188472 0.004327 0.007772
2 0.011779 0.185557 0.005288 0.007124
2 0.012740 0.174547 0.004327 0.004534
2 0.046635 0.189119 0.004808 0.005181
2 0.035337 0.189119 0.004327 0.007772
2 0.028606 0.206282 0.004327 0.005829
2 0.023558 0.210492 0.002885 0.003886
2 0.019712 0.202396 0.003846 0.003238
2 0.014663 0.214378 0.004327 0.005181
2 0.007933 0.226036 0.004327 0.006477
2 0.018510 0.222150 0.004327 0.005181
2 0.033894 0.222798 0.004327 0.006477
2 0.883894 0.565091 0.009135 0.009715
2 0.891827 0.585492 0.007692 0.012953
2 0.863462 0.612694 0.003846 0.005181
2 0.910096 0.613018 0.008654 0.007124
2 0.952644 0.501619 0.008173 0.011010
2 0.939904 0.465674 0.005769 0.010363
2 0.954087 0.458549 0.011058 0.018135
2 0.928846 0.456282 0.003846 0.005829
2 0.920913 0.452720 0.004327 0.005181
2 0.983654 0.438472 0.004808 0.007772
2 0.973798 0.462759 0.004327 0.007124
2 0.982452 0.469883 0.004327 0.007124
2 0.989663 0.493847 0.005288 0.009715
2 0.977404 0.534650 0.002885 0.005829
2 0.969471 0.526231 0.005288 0.005829
2 0.958654 0.514896 0.006731 0.009067
2 0.957933 0.399935 0.007212 0.011010
2 0.952885 0.366904 0.004808 0.007124
2 0.941827 0.364961 0.007692 0.012306
2 0.933894 0.425194 0.006250 0.008420
2 0.922356 0.417746 0.005288 0.007772
2 0.991587 0.380505 0.004327 0.007124
2 0.982933 0.362047 0.007212 0.009067
2 0.984615 0.589378 0.008654 0.010363
2 0.964183 0.583873 0.007212 0.009715
2 0.886538 0.427137 0.005769 0.007124
2 0.885096 0.452396 0.005769 0.008420
2 0.887260 0.386982 0.005288 0.005829
2 0.900962 0.373705 0.005769 0.007772
2 0.892788 0.372409 0.003846 0.006477
2 0.905769 0.335168 0.003846 0.005829
2 0.902644 0.355894 0.003365 0.004534
2 0.920673 0.345855 0.004808 0.006477
2 0.809135 0.337111 0.005769 0.005829
2 0.790865 0.356541 0.004808 0.005829
2 0.784615 0.363342 0.005769 0.006477
2 0.777885 0.355570 0.004808 0.006477
2 0.773558 0.343264 0.005769 0.005181
2 0.763462 0.355894 0.004808 0.007124
2 0.787260 0.271373 0.006250 0.006477
2 0.745433 0.276554 0.007212 0.009067
2 0.689904 0.285946 0.006731 0.009715
2 0.725481 0.335816 0.004808 0.008420
2 0.744952 0.316062 0.006250 0.006477
2 0.642548 0.393459 0.014904 0.011010
2 0.628365 0.399288 0.004808 0.005829
2 0.543990 0.385687 0.003365 0.005829
2 0.531971 0.388277 0.004327 0.005829
2 0.524519 0.403497 0.004808 0.007772
2 0.531250 0.446567 0.004808 0.007124
2 0.544952 0.460492 0.007212 0.006477
2 0.581490 0.516516 0.007212 0.009715
2 0.599760 0.491904 0.010096 0.008420
2 0.619712 0.522021 0.007692 0.005181
2 0.628365 0.491580 0.007692 0.011658
2 0.653846 0.480894 0.005769 0.005829
2 0.725721 0.456606 0.006250 0.011658
2 0.721875 0.478627 0.005288 0.009067
2 0.702885 0.535946 0.002885 0.005829
2 0.806731 0.505829 0.005769 0.010363
2 0.771154 0.520402 0.006731 0.005829
2 0.774519 0.537241 0.004808 0.007124
2 0.793510 0.561852 0.005288 0.005829
2 0.780048 0.575777 0.005288 0.007772
2 0.798077 0.585492 0.003846 0.005181
2 0.775240 0.590026 0.005288 0.007772
2 0.769231 0.587759 0.003846 0.005829
2 0.772115 0.578692 0.003846 0.005829
2 0.730048 0.571567 0.006250 0.007124
2 0.718510 0.569948 0.008173 0.010363
2 0.725481 0.609780 0.005769 0.007124
2 0.745913 0.619171 0.006250 0.006477
2 0.751923 0.603627 0.005769 0.006477
2 0.697115 0.622733 0.004808 0.005829
2 0.679808 0.614313 0.004808 0.005829
2 0.669231 0.611399 0.003846 0.005181
2 0.661058 0.601036 0.004808 0.005181
2 0.597356 0.551166 0.009135 0.006477
2 0.596875 0.529145 0.004327 0.006477
2 0.614904 0.549870 0.008654 0.007772
2 0.643750 0.584521 0.005769 0.008420
2 0.556010 0.576749 0.006250 0.007124
2 0.578606 0.583225 0.005288 0.005829
2 0.531971 0.597150 0.006250 0.006477
2 0.484615 0.602008 0.005769 0.005829
2 0.475721 0.569624 0.006250 0.008420
2 0.560096 0.344236 0.005769 0.004534
2 0.562981 0.355570 0.003846 0.006477
2 0.548798 0.398640 0.005288 0.007124
2 0.555529 0.401878 0.005288 0.005829
2 0.573317 0.424547 0.005288 0.008420
2 0.552644 0.456606 0.005288 0.006477
2 0.629567 0.376943 0.005288 0.005181
2 0.610577 0.387953 0.006731 0.007772
2 0.599038 0.393459 0.002885 0.005829
2 0.625000 0.425518 0.008654 0.009067
2 0.636298 0.447215 0.004327 0.005829
2 0.603606 0.446244 0.005288 0.005181
2 0.688702 0.316386 0.004327 0.005829
2 0.518029 0.277202 0.008173 0.007772
2 0.489663 0.277526 0.010096 0.007124
2 0.519952 0.436528 0.005288 0.009067
2 0.525721 0.545984 0.006250 0.007772
2 0.518029 0.525907 0.007212 0.007772
2 0.559856 0.520078 0.008173 0.010363
2 0.650240 0.456282 0.006250 0.005829
2 0.751442 0.557966 0.004808 0.007124
2 0.752885 0.527526 0.005769 0.007124
2 0.765625 0.540803 0.006250 0.007772
2 0.404808 0.271373 0.006731 0.006477
2 0.388942 0.268459 0.008654 0.009715
2 0.403846 0.258744 0.004808 0.005829
2 0.419952 0.281088 0.005288 0.007772
2 0.405288 0.322863 0.005769 0.007124
2 0.399760 0.322215 0.004327 0.005829
2 0.409856 0.340674 0.005288 0.007772
2 0.391827 0.352008 0.007692 0.007124
2 0.406971 0.364961 0.005288 0.005829
2 0.389904 0.374676 0.004808 0.005829
2 0.379567 0.357189 0.005288 0.005829
2 0.358413 0.332254 0.006250 0.007772
2 0.347837 0.328368 0.006250 0.006477
2 0.385577 0.311852 0.006731 0.007124
2 0.393029 0.289184 0.006250 0.008420
2 0.284856 0.282383 0.005288 0.007772
2 0.324279 0.318005 0.004327 0.006477
2 0.135096 0.288860 0.005769 0.007772
2 0.104567 0.588083 0.006250 0.007772
2 0.137981 0.604275 0.005769 0.007772
2 0.192308 0.526231 0.004808 0.005829
2 0.422115 0.532383 0.005769 0.006477
2 0.404087 0.542098 0.006250 0.011658
2 0.397837 0.571244 0.006250 0.011658
2 0.364183 0.567681 0.006250 0.007124
2 0.376923 0.573834 0.006731 0.007772
2 0.353125 0.526554 0.005288 0.007772
2 0.366346 0.518459 0.004808 0.007124
2 0.344471 0.549870 0.003365 0.005181
2 0.353606 0.548899 0.003365 0.005829
2 0.348798 0.557966 0.002404 0.003238
2 0.330529 0.597798 0.003365 0.006477
2 0.311538 0.610104 0.005769 0.007772
2 0.305529 0.589702 0.006250 0.008420
2 0.316827 0.582254 0.007692 0.009067
2 0.392067 0.605570 0.005288 0.009067
2 0.422115 0.613018 0.004808 0.007124
2 0.377644 0.548575 0.004327 0.007772
2 0.323558 0.447863 0.005769 0.007124
2 0.293029 0.447215 0.007212 0.005829
2 0.295913 0.489313 0.006250 0.009715
2 0.246394 0.380181 0.008173 0.010363
2 0.225481 0.355894 0.005769 0.007124
2 0.216827 0.360427 0.007692 0.005829
2 0.191827 0.376943 0.005769 0.007772
2 0.203846 0.421956 0.006731 0.008420
2 0.184856 0.431995 0.006250 0.009067
2 0.179327 0.409003 0.009615 0.011010
2 0.166587 0.397992 0.007212 0.007124
2 0.173558 0.391839 0.007692 0.007772
2 0.157933 0.390868 0.008173 0.007124
2 0.130769 0.472474 0.005769 0.005829
2 0.139423 0.473122 0.008654 0.007124
2 0.148077 0.497409 0.003846 0.007772
2 0.166587 0.481865 0.005288 0.007772
2 0.159615 0.447539 0.004808 0.006477
2 0.204327 0.468588 0.005769 0.007124
2 0.222837 0.464378 0.005288 0.006477
2 0.241827 0.482837 0.004808 0.005829
2 0.241106 0.402526 0.007212 0.005829
2 0.236538 0.424870 0.003846 0.006477
2 0.231010 0.502915 0.005288 0.008420
2 0.245913 0.498057 0.004327 0.007772
2 0.207212 0.492228 0.005769 0.007772
2 0.219952 0.549547 0.008173 0.011010
2 0.969952 0.819948 0.008173 0.012953
2 0.961298 0.858808 0.005288 0.009067
2 0.937981 0.878238 0.009615 0.010363
2 0.850481 0.854922 0.008654 0.014249
2 0.870673 0.875324 0.008654 0.012306
2 0.826923 0.861399 0.006731 0.007772
2 0.810817 0.845531 0.006250 0.007124
2 0.818990 0.919365 0.009135 0.008420
2 0.843269 0.942358 0.005769 0.007772
2 0.810337 0.946567 0.006250 0.011010
2 0.827163 0.973446 0.006250 0.009067
2 0.819231 0.990609 0.004808 0.007124
2 0.656731 0.815738 0.010577 0.008420
2 0.712260 0.825130 0.005288 0.006477
2 0.684135 0.810881 0.006731 0.006477
2 0.720673 0.867876 0.004808 0.006477
2 0.711298 0.857189 0.005288 0.005829
2 0.752404 0.878562 0.005769 0.007124
2 0.756731 0.906088 0.004808 0.007772
2 0.779087 0.931023 0.005288 0.011010
2 0.769231 0.925194 0.004808 0.008420
2 0.778125 0.888601 0.006250 0.005181
2 0.765144 0.879534 0.004327 0.006477
2 0.742067 0.848122 0.003365 0.007124
2 0.755769 0.845207 0.005769 0.007772
2 0.811779 0.885039 0.007212 0.008420
2 0.858654 0.942034 0.006731 0.009715
2 0.533654 0.906412 0.007692 0.007124
2 0.592067 0.838407 0.007212 0.008420
2 0.564904 0.859780 0.007692 0.008420
2 0.534856 0.829339 0.005288 0.009715
2 0.519471 0.839378 0.008173 0.005181
2 0.544471 0.888277 0.008173 0.009715
2 0.537260 0.879210 0.005288 0.004534
2 0.689663 0.974417 0.007212 0.007124
2 0.706731 0.994171 0.004808 0.006477
2 0.563942 0.951425 0.004808 0.007772
2 0.568029 0.972150 0.006250 0.006477
2 0.570913 0.931671 0.005288 0.007124
2 0.637981 0.898964 0.007692 0.009067
2 0.602644 0.896049 0.004327 0.004534
2 0.603606 0.907383 0.005288 0.007772
2 0.588702 0.905764 0.004327 0.004534
2 0.590865 0.912241 0.005769 0.004534
2 0.584615 0.925194 0.004808 0.005829
2 0.708173 0.891516 0.003846 0.005829
2 0.766587 0.955311 0.006250 0.007772
2 0.741346 0.929728 0.004808 0.007124
2 0.726442 0.907383 0.004808 0.006477
2 0.735817 0.902202 0.004327 0.003886
2 0.739904 0.912241 0.004808 0.005829
2 0.693269 0.901554 0.005769 0.007772
2 0.707452 0.907383 0.005288 0.009067
2 0.642308 0.871762 0.006731 0.007772
2 0.650240 0.882448 0.008173 0.007124
2 0.666587 0.894430 0.007212 0.007772
2 0.625962 0.893782 0.005769 0.006477
2 0.716346 0.840997 0.004808 0.007124
2 0.705288 0.853627 0.003846 0.006477
2 0.677404 0.874028 0.004808 0.005829
2 0.694712 0.888601 0.007692 0.006477
2 0.555048 0.846179 0.008173 0.007124
2 0.454567 0.814443 0.007212 0.007124
2 0.424760 0.819948 0.008173 0.009067
2 0.452163 0.834197 0.008173 0.009067
2 0.411779 0.853627 0.006250 0.005181
2 0.416587 0.862047 0.004327 0.006477
2 0.437019 0.890544 0.007692 0.009067
2 0.449279 0.879534 0.006250 0.010363
2 0.436779 0.918718 0.005288 0.007124
2 0.448077 0.949806 0.007692 0.011010
2 0.400962 0.909974 0.008654 0.010363
2 0.412019 0.882772 0.007692 0.011658
2 0.391827 0.959197 0.006731 0.010363
2 0.381250 0.939443 0.008654 0.011010
2 0.414663 0.959845 0.006250 0.009067
2 0.406971 0.966645 0.005288 0.007124
2 0.413221 0.984456 0.010096 0.012953
2 0.391827 0.983484 0.007692 0.008420
2 0.354808 0.857189 0.005769 0.007124
2 0.370673 0.852332 0.006731 0.007772
2 0.322596 0.853303 0.005769 0.005829
2 0.334856 0.832902 0.006250 0.010363
2 0.348558 0.877915 0.006731 0.008420
2 0.329567 0.883420 0.006250 0.009067
2 0.171394 0.831282 0.010096 0.008420
2 0.143269 0.886010 0.006731 0.009067
2 0.117308 0.866904 0.007692 0.008420
2 0.108654 0.840997 0.006731 0.005829
2 0.145673 0.860427 0.007692 0.009715
2 0.101683 0.890220 0.004327 0.011010
2 0.117067 0.899611 0.007212 0.006477
2 0.238462 0.966969 0.004808 0.010363
2 0.241346 0.986399 0.005769 0.010363
2 0.206250 0.929728 0.004808 0.007124
2 0.210817 0.890868 0.005288 0.009715
2 0.219712 0.882448 0.004808 0.007124
2 0.351202 0.960816 0.007212 0.008420
2 0.159615 0.928756 0.004808 0.006477
2 0.145433 0.950777 0.007212 0.010363
2 0.286538 0.896697 0.005769 0.009715
2 0.256731 0.875648 0.004808 0.006477
2 0.241827 0.880505 0.006731 0.011010
2 0.192548 0.904145 0.006250 0.007772
2 0.176442 0.904469 0.006731 0.007124
2 0.332933 0.950130 0.003365 0.006477
2 0.326683 0.939767 0.005288 0.006477
2 0.326923 0.923251 0.005769 0.007124
2 0.276442 0.896049 0.004808 0.008420
2 0.174519 0.917098 0.008654 0.010363
2 0.141827 0.965997 0.004808 0.005829
2 0.142308 0.992228 0.004808 0.006477
2 0.300000 0.899288 0.003846 0.008420
2 0.305048 0.892163 0.004327 0.005829
2 0.122596 0.853951 0.005769 0.005829
2 0.075000 0.726036 0.006731 0.009067
2 0.027885 0.951101 0.005769 0.008420
2 0.038942 0.957254 0.005769 0.009067
2 0.042067 0.973122 0.004327 0.007124
2 0.018269 0.978951 0.003846 0.005829
2 0.026442 0.981218 0.003846 0.007772
2 0.042788 0.932966 0.007692 0.007124
2 0.031731 0.935233 0.004808 0.005181
2 0.015385 0.924223 0.006731 0.007772
2 0.012500 0.949158 0.004808 0.008420
2 0.024038 0.965350 0.006731 0.007124
2 0.033413 0.902202 0.004327 0.007772
2 0.040865 0.916451 0.006731 0.009067
2 0.018269 0.907060 0.004808 0.005829
2 0.024519 0.868847 0.005769 0.009715
2 0.048798 0.864961 0.009135 0.009715
2 0.034856 0.868847 0.005288 0.004534
2 0.037740 0.882772 0.004327 0.005181
2 0.023798 0.887306 0.007212 0.006477
2 0.047596 0.895078 0.003846 0.007772
2 0.041346 0.852008 0.004808 0.005829
2 0.030769 0.856218 0.004808 0.005181
2 0.011779 0.840674 0.004327 0.007772
2 0.016346 0.810881 0.004808 0.006477
2 0.016346 0.790479 0.002885 0.005829
2 0.025240 0.792422 0.006250 0.004534
2 0.027885 0.816710 0.004808 0.005181
2 0.036779 0.811852 0.004327 0.007124
2 0.046154 0.823510 0.006731 0.007124
2 0.018029 0.822863 0.007212 0.005829
2 0.029327 0.842617 0.002885 0.005181
2 0.037740 0.835816 0.006250 0.004534
2 0.037740 0.842940 0.006250 0.005829
2 0.025721 0.710168 0.007212 0.007124
2 0.020673 0.682319 0.004808 0.005829
2 0.014423 0.775259 0.005769 0.006477
2 0.016587 0.762630 0.004327 0.005829
2 0.010337 0.761334 0.004327 0.004534
2 0.045433 0.759067 0.008173 0.010363
2 0.039423 0.782707 0.006731 0.007124
2 0.027644 0.772992 0.004327 0.004534
2 0.032692 0.744171 0.004808 0.005181
2 0.039904 0.732837 0.005769 0.004534
2 0.037740 0.720855 0.003365 0.005181
2 0.041587 0.713731 0.004327 0.006477
2 0.020433 0.729922 0.007212 0.005181
2 0.037981 0.670984 0.005769 0.006477
2 0.033894 0.678756 0.005288 0.006477
2 0.037500 0.691710 0.004808 0.006477
2 0.039663 0.648964 0.005288 0.009067
2 0.032692 0.639896 0.004808 0.005181
2 0.017308 0.637630 0.003846 0.005829
2 0.021875 0.663536 0.004327 0.005829
2 0.016106 0.664832 0.005288 0.005829
2 0.025481 0.646373 0.003846 0.005181
2 0.032692 0.621762 0.006731 0.009067
2 0.035337 0.662565 0.004327 0.005181
2 0.031250 0.669041 0.003846 0.005181
2 0.041346 0.612694 0.004808 0.000000
2 0.030288 0.599741 0.003846 0.003886
2 0.021875 0.613666 0.004327 0.005829
2 0.015625 0.581282 0.004327 0.005829
2 0.019471 0.576749 0.005288 0.005829
2 0.025000 0.571244 0.004808 0.006477
2 0.030769 0.572215 0.004808 0.004534
2 0.033654 0.584521 0.004808 0.007124
2 0.039663 0.587759 0.003365 0.004534
2 0.038702 0.552785 0.006250 0.008420
2 0.024038 0.550518 0.004808 0.005181
2 0.015625 0.547280 0.004327 0.005181
2 0.016346 0.556023 0.004808 0.007124
2 0.039904 0.525259 0.005769 0.007772
2 0.030529 0.540803 0.005288 0.007772
2 0.037500 0.538212 0.005769 0.009067
2 0.032692 0.511982 0.005769 0.007124
2 0.022115 0.522345 0.004808 0.007124
2 0.017308 0.521373 0.002885 0.005181
2 0.017067 0.534326 0.005288 0.006477
2 0.010577 0.538212 0.004808 0.007772
2 0.035337 0.454663 0.005288 0.006477
2 0.039904 0.468264 0.004808 0.006477
2 0.016827 0.454663 0.003846 0.005181
2 0.028125 0.460816 0.004327 0.004534
2 0.008894 0.466969 0.003365 0.005181
2 0.017548 0.472150 0.005288 0.005181
2 0.031490 0.434262 0.006250 0.005829
2 0.026202 0.441062 0.004327 0.005181
2 0.017548 0.445596 0.005288 0.006477
2 0.020913 0.417098 0.004327 0.005181
2 0.031010 0.426166 0.003365 0.003886
2 0.035337 0.419365 0.005288 0.005829
2 0.019231 0.430376 0.004808 0.005829
2 0.012019 0.423899 0.003846 0.005829
2 0.025000 0.400259 0.004808 0.006477
2 0.008413 0.397021 0.005288 0.005181
2 0.039423 0.376619 0.002885 0.005829
2 0.038462 0.388277 0.003846 0.007124
2 0.047356 0.390220 0.005288 0.005829
2 0.040144 0.339054 0.005288 0.007124
2 0.031731 0.363018 0.004808 0.007124
2 0.039423 0.316062 0.004808 0.006477
2 0.031010 0.309262 0.004327 0.004534
2 0.026442 0.317358 0.004808 0.006477
2 0.024760 0.332578 0.004327 0.005829
2 0.011538 0.331930 0.003846 0.005829
2 0.006731 0.320596 0.002885 0.005181
2 0.022356 0.296956 0.007212 0.008420
2 0.021394 0.314443 0.004327 0.005829
2 0.038221 0.293718 0.004327 0.005829
2 0.044231 0.291451 0.004808 0.006477
2 0.044471 0.276878 0.007212 0.007124
2 0.012019 0.283679 0.004808 0.006477
2 0.019712 0.272345 0.005769 0.007124
2 0.012019 0.268135 0.003846 0.005181
2 0.014663 0.259391 0.003365 0.004534
2 0.020192 0.248381 0.005769 0.007124
2 0.017788 0.238990 0.004808 0.005181
2 0.025962 0.235427 0.003846 0.004534
2 0.036779 0.246438 0.003365 0.004534
2 0.042067 0.259067 0.004327 0.006477
2 0.033413 0.261010 0.003365 0.003886
2 0.035337 0.271697 0.004327 0.005829
2 0.026683 0.271373 0.004327 0.006477
2 0.025962 0.201101 0.003846 0.003238
2 0.009135 0.497733 0.005769 0.005829
2 0.017788 0.497733 0.005769 0.005829
2 0.006971 0.486075 0.005288 0.005829
2 0.178125 0.532707 0.005288 0.007124
