0 0.992788 0.036269 0.013462 0.016839
0 0.903365 0.024611 0.013462 0.022021
0 0.897115 0.056347 0.014423 0.012953
0 0.785096 0.044041 0.013462 0.016839
0 0.751923 0.031736 0.012500 0.012953
0 0.677404 0.056995 0.013462 0.019430
0 0.641827 0.020725 0.013462 0.011658
0 0.629327 0.060233 0.013462 0.010363
0 0.578365 0.007124 0.013462 0.012953
0 0.567548 0.067681 0.008173 0.011010
0 0.538221 0.069301 0.006250 0.009067
0 0.484375 0.026231 0.006250 0.009715
0 0.475000 0.030764 0.005769 0.008420
0 0.452885 0.049870 0.006731 0.007772
0 0.428846 0.062500 0.008654 0.007124
0 0.420673 0.015544 0.008654 0.011658
0 0.421154 0.041127 0.007692 0.008420
0 0.384856 0.025259 0.010096 0.011658
0 0.358173 0.067034 0.005769 0.007124
0 0.370913 0.073510 0.006250 0.007124
0 0.329327 0.020078 0.008654 0.010363
0 0.249038 0.018135 0.009615 0.015544
0 0.241106 0.026878 0.005288 0.011010
0 0.236298 0.054728 0.008173 0.008420
0 0.183173 0.004210 0.007692 0.007124
0 0.177644 0.020078 0.006250 0.007772
0 0.150481 0.013925 0.007692 0.011010
0 0.154087 0.073834 0.007212 0.010363
0 0.171154 0.074158 0.008654 0.008420
0 0.043510 0.034974 0.010096 0.014249
0 0.030529 0.065415 0.012019 0.015544
0 0.109856 0.336140 0.014904 0.015544
0 0.116587 0.370790 0.012981 0.014896
0 0.184856 0.481865 0.012019 0.014249
0 0.237981 0.550842 0.009615 0.011010
0 0.358894 0.327073 0.009135 0.011658
0 0.327404 0.325777 0.010577 0.007772
0 0.291106 0.339054 0.007212 0.011010
0 0.281010 0.364961 0.006250 0.009715
0 0.313462 0.364961 0.008654 0.011010
0 0.381490 0.395725 0.007212 0.006477
0 0.337260 0.383744 0.007212 0.012306
0 0.361538 0.409003 0.005769 0.007124
0 0.379087 0.414508 0.009135 0.009067
0 0.272596 0.431023 0.010577 0.012306
0 0.230529 0.384715 0.007212 0.009067
0 0.216346 0.393135 0.008654 0.009067
0 0.197837 0.384715 0.014904 0.018135
0 0.182452 0.368199 0.009135 0.009715
0 0.154327 0.383096 0.011538 0.008420
0 0.117788 0.461788 0.010577 0.010363
0 0.065865 0.466969 0.009615 0.011658
0 0.259856 0.529793 0.008173 0.014249
0 0.232452 0.453368 0.010096 0.009067
0 0.227644 0.421956 0.010096 0.016192
0 0.228846 0.403821 0.007692 0.012306
0 0.306010 0.388601 0.010096 0.011658
0 0.177163 0.541451 0.012981 0.012953
0 0.347356 0.615285 0.011058 0.011658
0 0.340865 0.578044 0.009615 0.018782
0 0.313221 0.587759 0.010096 0.011010
0 0.340144 0.659650 0.012981 0.018782
0 0.294952 0.608808 0.008173 0.014249
0 0.285577 0.646373 0.007692 0.011658
0 0.241106 0.663536 0.010096 0.011010
0 0.163462 0.673899 0.009615 0.009715
0 0.085337 0.671632 0.012019 0.014249
0 0.064904 0.649611 0.007692 0.016839
0 0.196635 0.585816 0.008654 0.014896
0 0.153846 0.593588 0.015385 0.016192
0 0.120192 0.582902 0.013462 0.014249
0 0.163221 0.623381 0.009135 0.011010
0 0.235577 0.619819 0.014423 0.011658
0 0.284135 0.545661 0.006731 0.012306
0 0.281490 0.486075 0.012019 0.011010
0 0.250481 0.453692 0.012500 0.013601
0 0.222115 0.505181 0.009615 0.009067
0 0.182933 0.575130 0.009135 0.011658
0 0.204808 0.613990 0.012500 0.011658
0 0.133413 0.467940 0.008173 0.013601
0 0.761058 0.389249 0.009615 0.010363
0 0.770673 0.335816 0.009615 0.013601
0 0.748317 0.345207 0.012019 0.009067
0 0.690625 0.362370 0.013942 0.016192
0 0.713702 0.384391 0.012019 0.014896
0 0.685817 0.313472 0.012981 0.009067
0 0.468029 0.353303 0.009135 0.020078
0 0.479327 0.349741 0.009615 0.014249
0 0.466587 0.390868 0.014904 0.013601
0 0.441587 0.552785 0.009135 0.022668
0 0.456250 0.610751 0.008654 0.014249
0 0.450721 0.636982 0.008173 0.013601
0 0.472596 0.621114 0.010577 0.014249
0 0.512981 0.537241 0.011538 0.014896
0 0.512981 0.585168 0.007692 0.018782
0 0.598798 0.514896 0.011058 0.011658
0 0.570192 0.493199 0.012500 0.009715
0 0.549038 0.492228 0.008654 0.012953
0 0.504327 0.454339 0.011538 0.013601
0 0.547596 0.409326 0.016346 0.009067
0 0.664423 0.489961 0.009615 0.016192
0 0.584135 0.379210 0.012500 0.008420
0 0.521875 0.391516 0.008173 0.011010
0 0.552404 0.433614 0.007692 0.013601
0 0.518750 0.479598 0.007692 0.009715
0 0.543269 0.549223 0.008654 0.010363
0 0.611538 0.542422 0.010577 0.007124
0 0.586058 0.584197 0.005769 0.012953
0 0.595913 0.580635 0.006250 0.012306
0 0.632212 0.582578 0.009615 0.011010
0 0.635337 0.559909 0.008173 0.009715
0 0.693750 0.647345 0.010577 0.012306
0 0.704808 0.625972 0.009615 0.014896
0 0.761298 0.643135 0.010096 0.011658
0 0.716106 0.669365 0.010096 0.013601
0 0.593029 0.422927 0.007212 0.014249
0 0.613942 0.420984 0.008654 0.009067
0 0.619712 0.438148 0.008654 0.011010
0 0.599519 0.448187 0.009615 0.012953
0 0.574760 0.443329 0.009135 0.016192
0 0.641587 0.485427 0.012981 0.011010
0 0.550000 0.585816 0.006731 0.013601
0 0.573317 0.583225 0.007212 0.011010
0 0.689423 0.408679 0.013462 0.019430
0 0.555769 0.316386 0.015385 0.011010
0 0.722356 0.592617 0.011058 0.022021
0 0.737981 0.577073 0.007692 0.011658
0 0.751442 0.569301 0.006731 0.009067
0 0.612981 0.678756 0.011538 0.011658
0 0.830048 0.311852 0.010096 0.011010
0 0.875962 0.342617 0.006731 0.007772
0 0.830529 0.360104 0.008173 0.011658
0 0.831490 0.475712 0.009135 0.017487
0 0.843269 0.592293 0.013462 0.013601
0 0.875481 0.671956 0.008654 0.013601
0 0.540865 0.474417 0.008654 0.008420
0 0.904808 0.438472 0.008654 0.011658
0 0.900000 0.543070 0.007692 0.014896
0 0.895433 0.565738 0.010096 0.014896
0 0.927404 0.582902 0.010577 0.016839
0 0.968029 0.567358 0.009135 0.014249
0 0.949519 0.550842 0.008654 0.017487
0 0.982692 0.482513 0.011538 0.012953
0 0.931971 0.446891 0.009135 0.015544
0 0.945673 0.445596 0.008654 0.016839
0 0.979567 0.402850 0.010096 0.014249
0 0.997115 0.422604 0.005769 0.011010
0 0.996394 0.562176 0.007212 0.014249
0 0.897596 0.690091 0.011538 0.009715
0 0.925240 0.924547 0.011058 0.018782
0 0.941106 0.980246 0.017788 0.027850
0 0.847115 0.894430 0.010577 0.023316
0 0.815865 0.884715 0.011538 0.015544
0 0.794471 0.889573 0.016827 0.016192
0 0.814904 0.947863 0.010577 0.014896
0 0.802644 0.936528 0.007212 0.016839
0 0.763702 0.927785 0.017788 0.017487
0 0.781250 0.953692 0.009615 0.017487
0 0.750962 0.984780 0.012500 0.016192
0 0.776683 0.987370 0.009135 0.014896
0 0.814423 0.966321 0.011538 0.011658
0 0.712981 0.903821 0.013462 0.016192
0 0.633894 0.873057 0.011058 0.014249
0 0.607692 0.861399 0.012500 0.011658
0 0.563221 0.914184 0.012019 0.013601
0 0.546875 0.889573 0.008173 0.014896
0 0.507212 0.913860 0.008654 0.011658
0 0.515625 0.967617 0.011058 0.014249
0 0.488221 0.937176 0.009135 0.014249
0 0.485817 0.977979 0.008173 0.014249
0 0.419952 0.947215 0.011058 0.013601
0 0.395192 0.929404 0.007692 0.009067
0 0.080048 0.970855 0.021635 0.019430
0 0.092788 0.930376 0.012500 0.018782
0 0.116346 0.913536 0.012500 0.013601
0 0.110577 0.891192 0.011538 0.018135
0 0.169952 0.910622 0.012019 0.016839
0 0.216827 0.883420 0.013462 0.020725
0 0.245913 0.867552 0.012981 0.014896
0 0.286298 0.902850 0.018750 0.012953
0 0.322115 0.913536 0.014423 0.012306
0 0.345913 0.923575 0.008173 0.010363
0 0.343750 0.882772 0.012500 0.011658
0 0.398798 0.893135 0.006250 0.009067
0 0.383173 0.921632 0.006731 0.009067
0 0.384856 0.952396 0.012981 0.014896
0 0.365144 0.969883 0.010096 0.013601
0 0.434856 0.917746 0.008173 0.007772
0 0.928365 0.907060 0.009615 0.011010
0 0.901442 0.910622 0.009615 0.012953
