2 0.078365 0.019754 0.011538 0.016192
2 0.336538 0.012306 0.009615 0.011658
2 0.333894 0.032707 0.010096 0.012306
2 0.403846 0.008096 0.011538 0.009715
2 0.580529 0.011334 0.009135 0.013601
2 0.565385 0.032383 0.005769 0.007772
2 0.818510 0.287241 0.009135 0.009715
2 0.794712 0.092293 0.008654 0.014896
2 0.546635 0.099417 0.008654 0.009715
2 0.564423 0.098769 0.007692 0.009715
2 0.524038 0.174223 0.006731 0.010363
2 0.517067 0.203692 0.013942 0.012306
2 0.383894 0.108808 0.009135 0.014249
2 0.332933 0.089054 0.008173 0.011010
2 0.317548 0.102008 0.007212 0.011010
2 0.277644 0.145725 0.007212 0.014249
2 0.350240 0.179728 0.009135 0.011010
2 0.339904 0.228951 0.007692 0.009715
2 0.384615 0.312176 0.008654 0.010363
2 0.022356 0.199482 0.013942 0.012953
2 0.114904 0.202396 0.015385 0.016192
2 0.074038 0.212759 0.007692 0.013601
2 0.056010 0.296956 0.007212 0.012306
2 0.087500 0.397992 0.011538 0.014896
2 0.069471 0.417098 0.008173 0.009067
2 0.313702 0.376943 0.007212 0.006477
2 0.308894 0.390544 0.010096 0.007772
2 0.275481 0.443005 0.005769 0.007772
2 0.304808 0.419041 0.007692 0.009067
2 0.411298 0.559262 0.013942 0.023964
2 0.520433 0.449806 0.005288 0.008420
2 0.645192 0.579663 0.009615 0.010363
2 0.860577 0.354598 0.006731 0.009715
2 0.774760 0.551490 0.007212 0.011010
2 0.900000 0.543394 0.006731 0.010363
2 0.650240 0.687500 0.008173 0.013601
2 0.593029 0.750324 0.009135 0.008420
2 0.023558 0.718264 0.007692 0.009067
2 0.130529 0.578692 0.008173 0.011010
2 0.130769 0.887306 0.008654 0.010363
