2 0.962260 0.020725 0.008173 0.009067
2 0.968269 0.008744 0.005769 0.007124
2 0.940144 0.004210 0.005288 0.005829
2 0.949279 0.004210 0.004327 0.005829
2 0.952885 0.042422 0.007692 0.011010
2 0.978606 0.032383 0.006250 0.007772
2 0.914423 0.046632 0.006731 0.009067
2 0.918750 0.016192 0.005769 0.007772
2 0.903365 0.023964 0.003846 0.007772
2 0.914423 0.030117 0.007692 0.007124
2 0.894952 0.062500 0.004327 0.008420
2 0.906731 0.083225 0.005769 0.009715
2 0.940625 0.068005 0.006250 0.007772
2 0.950000 0.080959 0.005769 0.009067
2 0.972596 0.079987 0.005769 0.007124
2 0.985096 0.098446 0.004808 0.007772
2 0.984856 0.113342 0.009135 0.012953
2 0.933654 0.097798 0.005769 0.007772
2 0.919952 0.091969 0.007212 0.009067
2 0.921154 0.061852 0.004808 0.007124
2 0.880048 0.092617 0.008173 0.007772
2 0.877644 0.062500 0.004327 0.007124
2 0.882212 0.080959 0.005769 0.006477
2 0.869712 0.076425 0.005769 0.006477
2 0.850962 0.060233 0.008654 0.010363
2 0.858894 0.106541 0.006250 0.012306
2 0.842308 0.079987 0.006731 0.007124
2 0.796635 0.119171 0.006731 0.006477
2 0.934375 0.118523 0.006250 0.005181
2 0.763942 0.119495 0.006731 0.007124
2 0.720433 0.097798 0.006250 0.007772
2 0.682933 0.107513 0.008173 0.009067
2 0.688942 0.074158 0.007692 0.007124
2 0.648317 0.081930 0.006250 0.007124
2 0.650481 0.064767 0.004808 0.005181
2 0.721635 0.046308 0.006731 0.007124
2 0.850962 0.017487 0.010577 0.009067
2 0.837019 0.035622 0.006731 0.011658
2 0.812981 0.045984 0.007692 0.006477
2 0.815865 0.083225 0.006731 0.012306
2 0.766106 0.004534 0.006250 0.005181
2 0.717308 0.032707 0.005769 0.005829
2 0.694231 0.023640 0.003846 0.005829
2 0.796875 0.052785 0.006250 0.005829
2 0.759135 0.068977 0.006731 0.008420
2 0.625481 0.046308 0.004808 0.008420
2 0.625000 0.064443 0.006731 0.005829
2 0.625481 0.075453 0.004808 0.004534
2 0.625000 0.085816 0.005769 0.005829
2 0.624519 0.097150 0.004808 0.010363
2 0.562260 0.011010 0.005288 0.006477
2 0.556971 0.014249 0.004327 0.006477
2 0.559615 0.025583 0.003846 0.004534
2 0.580769 0.018135 0.007692 0.007772
2 0.552644 0.045337 0.006250 0.007772
2 0.528846 0.039508 0.006731 0.007772
2 0.517067 0.050842 0.006250 0.008420
2 0.505529 0.040155 0.004327 0.003886
2 0.505769 0.048575 0.004808 0.005181
2 0.515144 0.020402 0.004327 0.008420
2 0.534135 0.102332 0.008654 0.009067
2 0.551202 0.086464 0.008173 0.008420
2 0.515385 0.077720 0.006731 0.006477
2 0.475481 0.094883 0.007692 0.009715
2 0.495913 0.082254 0.008173 0.010363
2 0.506250 0.087435 0.006731 0.006477
2 0.415144 0.089702 0.008173 0.008420
2 0.451923 0.049870 0.007692 0.007772
2 0.479808 0.054080 0.006731 0.005829
2 0.426202 0.071567 0.007212 0.011010
2 0.440625 0.089702 0.007212 0.007124
2 0.462260 0.077073 0.005288 0.007772
2 0.495192 0.010039 0.007692 0.008420
2 0.381490 0.099741 0.005288 0.006477
2 0.376923 0.109132 0.004808 0.004534
2 0.380288 0.122085 0.003846 0.008420
2 0.261058 0.086140 0.009615 0.009067
2 0.278365 0.118199 0.005769 0.005829
2 0.247115 0.060881 0.008654 0.010363
2 0.235817 0.044689 0.009135 0.010363
2 0.368029 0.014573 0.011058 0.007124
2 0.356971 0.052461 0.005288 0.007772
2 0.368029 0.120790 0.005288 0.005829
2 0.379087 0.177785 0.005288 0.007124
2 0.431010 0.020078 0.005288 0.005181
2 0.220192 0.053756 0.007692 0.007772
2 0.125721 0.121114 0.005288 0.006477
2 0.107212 0.106865 0.004808 0.006477
2 0.092788 0.111399 0.007692 0.007772
2 0.074038 0.113342 0.005769 0.007772
2 0.063942 0.114313 0.006731 0.005829
2 0.038702 0.118847 0.004327 0.007124
2 0.029567 0.119819 0.004327 0.005181
2 0.040625 0.102332 0.003365 0.005181
2 0.014904 0.093912 0.004808 0.007772
2 0.028606 0.081606 0.006250 0.009067
2 0.032452 0.070920 0.004327 0.005829
2 0.037981 0.074158 0.002885 0.007124
2 0.051923 0.084521 0.003846 0.005829
2 0.066346 0.070920 0.005769 0.005829
2 0.124279 0.081282 0.007212 0.007124
2 0.141587 0.066386 0.005288 0.005829
2 0.126683 0.064443 0.014904 0.017487
2 0.136058 0.022668 0.007692 0.010363
2 0.121394 0.024288 0.004327 0.005829
2 0.112981 0.030440 0.005769 0.009067
2 0.123317 0.003238 0.007212 0.005181
2 0.049279 0.125972 0.005288 0.005829
2 0.103365 0.052785 0.006731 0.008420
2 0.126683 0.046308 0.007212 0.007124
2 0.080288 0.024611 0.006731 0.010363
2 0.060817 0.044365 0.005288 0.007124
2 0.092308 0.012306 0.005769 0.009067
2 0.024519 0.186852 0.008654 0.013601
2 0.994471 0.179728 0.006250 0.008420
2 0.986538 0.335816 0.005769 0.009715
2 0.975240 0.354275 0.005288 0.009067
2 0.969471 0.395402 0.005288 0.008420
2 0.997115 0.428109 0.005769 0.010363
2 0.981010 0.535946 0.004327 0.008420
2 0.990144 0.539832 0.004327 0.009715
2 0.961058 0.611723 0.006731 0.011010
2 0.993269 0.591645 0.003846 0.009715
2 0.981971 0.562176 0.004327 0.009067
2 0.900240 0.421632 0.005288 0.009067
2 0.877163 0.428109 0.006250 0.009067
2 0.864904 0.433614 0.004808 0.009715
2 0.877644 0.376295 0.009135 0.011658
2 0.887981 0.367228 0.007692 0.009067
2 0.860096 0.398964 0.006731 0.009067
2 0.850000 0.389249 0.005769 0.009067
2 0.841587 0.379210 0.007212 0.008420
2 0.827163 0.363018 0.007212 0.008420
2 0.808173 0.353951 0.006731 0.008420
2 0.783654 0.348122 0.002885 0.005829
2 0.834375 0.395725 0.003365 0.007772
2 0.825481 0.423251 0.009615 0.012306
2 0.876442 0.605246 0.004808 0.008420
2 0.891827 0.628562 0.006731 0.008420
2 0.873317 0.621114 0.004327 0.006477
2 0.841346 0.595855 0.008654 0.009067
2 0.831250 0.602655 0.004808 0.007124
2 0.834615 0.621762 0.005769 0.007772
2 0.856490 0.635687 0.006250 0.008420
2 0.869471 0.657060 0.004327 0.005829
2 0.889423 0.666127 0.003846 0.005829
2 0.893269 0.681671 0.004808 0.005829
2 0.879567 0.675842 0.005288 0.005829
2 0.853606 0.668070 0.006250 0.007124
2 0.847356 0.692034 0.005288 0.007124
2 0.863942 0.695272 0.005769 0.008420
2 0.834615 0.696244 0.004808 0.009067
2 0.829808 0.662889 0.006731 0.009715
2 0.816827 0.672604 0.005769 0.007124
2 0.809856 0.675518 0.003365 0.005181
2 0.826202 0.681671 0.003365 0.005829
2 0.850481 0.657707 0.006731 0.007124
2 0.829327 0.644754 0.006731 0.005829
2 0.800481 0.610104 0.005769 0.006477
2 0.793990 0.633096 0.006250 0.007124
2 0.772115 0.651878 0.006731 0.007124
2 0.887500 0.403174 0.005769 0.007124
2 0.602404 0.347798 0.007692 0.007772
2 0.563702 0.360104 0.008173 0.007772
2 0.569712 0.677137 0.006731 0.008420
2 0.577885 0.701101 0.005769 0.007124
2 0.602163 0.689443 0.007212 0.007124
2 0.575000 0.650583 0.007692 0.011010
2 0.808654 0.508744 0.010577 0.013601
2 0.800000 0.457254 0.006731 0.011658
2 0.798077 0.429404 0.005769 0.006477
2 0.718510 0.367876 0.006250 0.007772
2 0.698317 0.371762 0.007212 0.010363
2 0.661538 0.375972 0.005769 0.005829
2 0.663942 0.366580 0.003846 0.005181
2 0.612019 0.412565 0.009615 0.011658
2 0.588702 0.488666 0.006250 0.009715
2 0.594712 0.454016 0.012500 0.015544
2 0.587019 0.554080 0.006731 0.011010
2 0.578846 0.562824 0.002885 0.007772
2 0.690144 0.681347 0.010096 0.011658
2 0.705769 0.685557 0.006731 0.007124
2 0.718029 0.689443 0.010096 0.011010
2 0.744231 0.674870 0.005769 0.007772
2 0.615385 0.643459 0.006731 0.007124
2 0.623317 0.641516 0.003365 0.005829
2 0.595433 0.623381 0.007212 0.005829
2 0.591827 0.602332 0.005769 0.006477
2 0.604808 0.600389 0.009615 0.006477
2 0.602163 0.584197 0.005288 0.005181
2 0.582212 0.527850 0.005769 0.006477
2 0.591827 0.509391 0.005769 0.005829
2 0.765385 0.419365 0.005769 0.005829
2 0.723798 0.435233 0.007212 0.007772
2 0.672596 0.438472 0.005769 0.006477
2 0.695913 0.455635 0.006250 0.011010
2 0.704567 0.448834 0.007212 0.009067
2 0.800000 0.590674 0.006731 0.006477
2 0.759856 0.534974 0.008173 0.009067
2 0.773317 0.556995 0.006250 0.009067
2 0.705529 0.471826 0.006250 0.009715
2 0.645433 0.451749 0.006250 0.005829
2 0.680288 0.476360 0.007692 0.005829
2 0.644471 0.491580 0.005288 0.006477
2 0.638221 0.476036 0.007212 0.009067
2 0.657212 0.476360 0.007692 0.007124
2 0.621154 0.507448 0.006731 0.007124
2 0.632212 0.511982 0.005769 0.005829
2 0.636298 0.546308 0.004327 0.005829
2 0.621394 0.533355 0.003365 0.007124
2 0.628606 0.527526 0.004327 0.004534
2 0.640625 0.528174 0.006250 0.005829
2 0.660096 0.508420 0.004808 0.005181
2 0.671154 0.513925 0.008654 0.005829
2 0.676442 0.493847 0.003846 0.004534
2 0.676202 0.503886 0.004327 0.005181
2 0.713462 0.498705 0.003846 0.005181
2 0.642548 0.568653 0.006250 0.007772
2 0.646154 0.561205 0.005769 0.005829
2 0.654808 0.560881 0.004808 0.005181
2 0.663942 0.586788 0.003846 0.005181
2 0.675000 0.542098 0.006731 0.010363
2 0.690385 0.541775 0.006731 0.007124
2 0.703846 0.544365 0.004808 0.005829
2 0.722115 0.541127 0.005769 0.008420
2 0.735337 0.549547 0.006250 0.007124
2 0.729808 0.573834 0.003846 0.005181
2 0.732452 0.591645 0.005288 0.007124
2 0.752644 0.583873 0.005288 0.004534
2 0.752163 0.566062 0.003365 0.003886
2 0.761298 0.571891 0.005288 0.006477
2 0.692788 0.608484 0.004808 0.004534
2 0.693990 0.586464 0.006250 0.007124
2 0.692788 0.567358 0.005769 0.006477
2 0.683413 0.568329 0.005288 0.007124
2 0.690865 0.557966 0.004808 0.005829
2 0.675481 0.599741 0.004808 0.006477
2 0.761538 0.500324 0.005769 0.007124
2 0.740144 0.501943 0.003365 0.005181
2 0.732692 0.520078 0.004808 0.005181
2 0.728846 0.513277 0.004808 0.004534
2 0.717548 0.520725 0.003365 0.005181
2 0.713702 0.571891 0.006250 0.007772
2 0.708173 0.602332 0.006731 0.007772
2 0.744231 0.602655 0.004808 0.004534
2 0.650962 0.613990 0.007692 0.007772
2 0.677885 0.616904 0.007692 0.008420
2 0.687981 0.434262 0.007692 0.011010
2 0.696875 0.501619 0.004327 0.005829
2 0.701442 0.489961 0.003846 0.007124
2 0.749038 0.476036 0.004808 0.006477
2 0.758413 0.480894 0.004327 0.005829
2 0.651923 0.539508 0.003846 0.006477
2 0.683413 0.529145 0.005288 0.006477
2 0.613462 0.543394 0.004808 0.005181
2 0.810577 0.367552 0.006731 0.007124
2 0.867788 0.455311 0.005769 0.007772
2 0.838462 0.414508 0.004808 0.009067
2 0.497356 0.425518 0.006250 0.009067
2 0.444231 0.399611 0.005769 0.007772
2 0.459135 0.438795 0.004808 0.008420
2 0.424279 0.392163 0.005288 0.009715
2 0.434375 0.379534 0.006250 0.007772
2 0.455529 0.367876 0.010096 0.006477
2 0.458173 0.352332 0.005769 0.010363
2 0.481250 0.365933 0.004808 0.006477
2 0.490865 0.374028 0.004808 0.008420
2 0.469231 0.399611 0.005769 0.007772
2 0.484856 0.425194 0.006250 0.008420
2 0.406010 0.381477 0.003365 0.005181
2 0.402644 0.395078 0.006250 0.007772
2 0.189663 0.366580 0.008173 0.009067
2 0.195913 0.519106 0.006250 0.009715
2 0.201923 0.590674 0.006731 0.010363
2 0.206250 0.605570 0.007692 0.007772
2 0.192548 0.679404 0.004327 0.006477
2 0.277163 0.680376 0.008173 0.009715
2 0.400240 0.690415 0.006250 0.006477
2 0.420192 0.664832 0.009615 0.009715
2 0.432933 0.641516 0.007212 0.008420
2 0.443750 0.609456 0.006731 0.012953
2 0.455048 0.638925 0.006250 0.008420
2 0.465144 0.661593 0.007212 0.007124
2 0.491346 0.644106 0.005769 0.007124
2 0.477163 0.656412 0.005288 0.005829
2 0.457212 0.687500 0.005769 0.005829
2 0.465625 0.692358 0.006250 0.006477
2 0.444231 0.663212 0.004808 0.007772
2 0.434375 0.672604 0.005288 0.009715
2 0.429808 0.692358 0.007692 0.010363
2 0.481010 0.612694 0.004327 0.005181
2 0.473077 0.639896 0.004808 0.007772
2 0.487019 0.629858 0.004808 0.008420
2 0.433654 0.397345 0.005769 0.008420
2 0.378365 0.512953 0.009615 0.011658
2 0.384615 0.407707 0.005769 0.009715
2 0.374038 0.441386 0.006731 0.011010
2 0.349279 0.450777 0.009135 0.011658
2 0.361298 0.465026 0.007212 0.007772
2 0.369471 0.470531 0.005288 0.008420
2 0.359615 0.486723 0.006731 0.007124
2 0.343269 0.475712 0.006731 0.007124
2 0.419952 0.496114 0.007212 0.009067
2 0.375240 0.593588 0.006250 0.009715
2 0.289904 0.631801 0.006731 0.009715
2 0.247115 0.486399 0.008654 0.010363
2 0.263942 0.484456 0.010577 0.009067
2 0.267308 0.517163 0.006731 0.008420
2 0.281250 0.513601 0.003846 0.005181
2 0.245192 0.511010 0.004808 0.005181
2 0.258654 0.545984 0.004808 0.007772
2 0.226683 0.531412 0.007212 0.009715
2 0.238942 0.582254 0.006731 0.007772
2 0.264183 0.563795 0.008173 0.008420
2 0.279808 0.565091 0.007692 0.007124
2 0.287740 0.552137 0.006250 0.008420
2 0.295913 0.538212 0.007212 0.007772
2 0.309375 0.525907 0.006250 0.007772
2 0.308894 0.508744 0.007212 0.007124
2 0.304327 0.493199 0.007692 0.009715
2 0.315625 0.480894 0.006250 0.007124
2 0.331971 0.499352 0.006250 0.010363
2 0.329327 0.406736 0.007692 0.007772
2 0.299760 0.408679 0.005288 0.005181
2 0.275962 0.414832 0.005769 0.007124
2 0.295192 0.429728 0.006731 0.005829
2 0.311298 0.446244 0.005288 0.006477
2 0.276202 0.448510 0.004327 0.005829
2 0.280769 0.444624 0.003846 0.005829
2 0.286779 0.447863 0.007212 0.005829
2 0.281250 0.459197 0.005769 0.005181
2 0.360577 0.502591 0.005769 0.007772
2 0.352163 0.503238 0.005288 0.006477
2 0.343029 0.489961 0.004327 0.005829
2 0.327644 0.518782 0.005288 0.006477
2 0.319952 0.525583 0.005288 0.007124
2 0.343510 0.547280 0.007212 0.009067
2 0.326202 0.542098 0.005288 0.006477
2 0.380769 0.547280 0.006731 0.007772
2 0.344471 0.580311 0.005288 0.006477
2 0.334375 0.587759 0.005288 0.007124
2 0.329087 0.575130 0.007212 0.010363
2 0.321394 0.611399 0.004327 0.007772
2 0.300240 0.602655 0.006250 0.007124
2 0.299279 0.585816 0.008173 0.008420
2 0.310337 0.608484 0.004327 0.008420
2 0.330048 0.634391 0.010096 0.013601
2 0.347837 0.620790 0.007212 0.014896
2 0.318510 0.578368 0.004327 0.005181
2 0.093510 0.409326 0.007212 0.009067
2 0.084375 0.387630 0.006250 0.007124
2 0.078846 0.375000 0.006731 0.006477
2 0.060817 0.359780 0.007212 0.005829
2 0.062500 0.395725 0.004808 0.007772
2 0.064423 0.411917 0.006731 0.010363
2 0.077404 0.427137 0.005769 0.005829
2 0.080769 0.440091 0.004808 0.007124
2 0.031490 0.392487 0.007212 0.006477
2 0.025240 0.372409 0.008173 0.007772
2 0.055769 0.397668 0.005769 0.006477
2 0.042308 0.443329 0.003846 0.007124
2 0.019952 0.490285 0.010096 0.011658
2 0.006971 0.495466 0.007212 0.007772
2 0.109135 0.682966 0.006731 0.011010
2 0.099760 0.685233 0.006250 0.007772
2 0.030048 0.686205 0.007212 0.008420
2 0.042067 0.652850 0.007212 0.010363
2 0.071394 0.655764 0.004327 0.005829
2 0.079567 0.668394 0.006250 0.010363
2 0.094952 0.664184 0.005288 0.005829
2 0.106490 0.658679 0.004327 0.005181
2 0.104087 0.629534 0.008173 0.009067
2 0.080769 0.629858 0.012500 0.009715
2 0.088942 0.612694 0.006731 0.006477
2 0.663221 0.638925 0.006250 0.008420
2 0.632452 0.726036 0.005288 0.006477
2 0.646635 0.726684 0.006731 0.010363
2 0.661058 0.723446 0.007692 0.010363
2 0.683413 0.726360 0.006250 0.008420
2 0.755769 0.724741 0.005769 0.007772
2 0.765865 0.724417 0.004808 0.005829
2 0.775240 0.725065 0.003365 0.004534
2 0.976442 0.731865 0.005769 0.007772
2 0.983654 0.964378 0.004808 0.007772
2 0.971394 0.949158 0.007212 0.011010
2 0.994712 0.981218 0.005769 0.007772
2 0.967308 0.969883 0.006731 0.009715
2 0.947596 0.931995 0.006731 0.009067
2 0.933654 0.934262 0.007692 0.008420
2 0.928606 0.955959 0.005288 0.007772
2 0.926923 0.973122 0.005769 0.008420
2 0.946394 0.990933 0.004327 0.006477
2 0.917788 0.944624 0.004808 0.005829
2 0.888702 0.922280 0.007212 0.010363
2 0.876923 0.902526 0.006731 0.009715
2 0.867788 0.959845 0.007692 0.010363
2 0.891106 0.978951 0.005288 0.011010
2 0.901923 0.979922 0.007692 0.009067
2 0.916106 0.981865 0.005288 0.007772
2 0.854808 0.920661 0.007692 0.011010
2 0.850721 0.934262 0.005288 0.009715
2 0.823798 0.941386 0.010096 0.011010
2 0.866587 0.939443 0.007212 0.007124
2 0.878606 0.943653 0.006250 0.009067
2 0.828846 0.990609 0.009615 0.008420
2 0.799279 0.967293 0.009135 0.009715
2 0.782212 0.965026 0.008654 0.011658
2 0.796394 0.913212 0.013942 0.011658
2 0.772356 0.904793 0.008173 0.009067
2 0.714423 0.913860 0.005769 0.006477
2 0.699279 0.924547 0.007212 0.008420
2 0.688702 0.918718 0.005288 0.007124
2 0.669712 0.918394 0.007692 0.006477
2 0.649038 0.922604 0.011538 0.009715
2 0.681731 0.942681 0.008654 0.009715
2 0.716587 0.987047 0.008173 0.011658
2 0.750962 0.971503 0.008654 0.007772
2 0.752885 0.986399 0.007692 0.006477
2 0.660817 0.903821 0.009135 0.009715
2 0.632692 0.904469 0.007692 0.007124
2 0.626442 0.929404 0.005769 0.007772
2 0.625721 0.942681 0.004327 0.007124
2 0.625481 0.953044 0.004808 0.004534
2 0.626683 0.961788 0.004327 0.003886
2 0.649038 0.956606 0.004808 0.000000
2 0.561298 0.969236 0.005288 0.008420
2 0.575962 0.985104 0.005769 0.007772
2 0.571154 0.972150 0.004808 0.006477
2 0.547837 0.977332 0.004327 0.005181
2 0.531971 0.989313 0.006250 0.005829
2 0.539663 0.952073 0.004327 0.005181
2 0.530048 0.948187 0.005288 0.005181
2 0.541827 0.938795 0.003846 0.004534
2 0.463462 0.919041 0.005769 0.007772
2 0.478606 0.932319 0.009135 0.007124
2 0.459856 0.950777 0.004327 0.005181
2 0.509375 0.953044 0.008173 0.007124
2 0.490865 0.960492 0.003846 0.006477
2 0.500000 0.982189 0.003846 0.004534
2 0.509135 0.988342 0.005769 0.006477
2 0.485096 0.969236 0.005769 0.007124
2 0.462740 0.961788 0.004327 0.005181
2 0.449519 0.980570 0.003846 0.006477
2 0.467788 0.993847 0.004808 0.004534
2 0.511298 0.939443 0.004327 0.005829
2 0.384135 0.916451 0.008654 0.009067
2 0.379808 0.930376 0.009615 0.009715
2 0.299760 0.941710 0.004327 0.006477
2 0.315625 0.978951 0.005288 0.009715
2 0.335817 0.970207 0.005288 0.006477
2 0.234375 0.933614 0.008173 0.007124
2 0.238942 0.949158 0.006731 0.008420
2 0.266587 0.950130 0.005288 0.010363
2 0.266587 0.930052 0.007212 0.010363
2 0.234375 0.959845 0.008173 0.006477
2 0.124519 0.919041 0.013462 0.009067
2 0.014183 0.952396 0.006250 0.005829
2 0.019952 0.939767 0.007212 0.007772
2 0.046394 0.941386 0.007212 0.007124
2 0.007452 0.907383 0.008173 0.009067
2 0.037500 0.912889 0.008654 0.013601
2 0.066587 0.930052 0.006250 0.006477
2 0.076202 0.957254 0.006250 0.009067
2 0.037260 0.973446 0.008173 0.006477
2 0.039663 0.988018 0.004327 0.007124
2 0.056250 0.973769 0.005769 0.005829
2 0.070192 0.989961 0.003846 0.007124
2 0.079808 0.989961 0.005769 0.005829
2 0.093510 0.995142 0.005288 0.004534
2 0.135096 0.983808 0.007692 0.011658
2 0.149038 0.959845 0.004808 0.007772
2 0.158894 0.957578 0.004327 0.008420
2 0.109135 0.937500 0.009615 0.007124
2 0.468750 0.937500 0.005769 0.005829
2 0.340144 0.986075 0.004327 0.007124
2 0.350721 0.981218 0.005288 0.007772
2 0.364423 0.968912 0.004808 0.007772
2 0.379087 0.989313 0.007212 0.005829
