0 0.118510 0.144106 0.010096 0.013601
0 0.211058 0.154793 0.009615 0.010363
0 0.196394 0.130829 0.007212 0.011658
0 0.312740 0.146373 0.006250 0.018135
0 0.520192 0.101360 0.009615 0.005829
0 0.550000 0.091969 0.006731 0.007772
0 0.647115 0.122409 0.008654 0.007772
0 0.727885 0.126943 0.009615 0.010363
0 0.665385 0.167098 0.007692 0.006477
0 0.847596 0.161269 0.007692 0.007772
0 0.860577 0.115285 0.006731 0.011658
0 0.893029 0.175194 0.012981 0.008420
0 0.912981 0.098446 0.007692 0.011658
0 0.936538 0.120466 0.011538 0.011658
0 0.938942 0.104922 0.009615 0.007772
0 0.918029 0.251943 0.009135 0.007772
0 0.897596 0.259067 0.005769 0.010363
0 0.911779 0.319948 0.007212 0.009067
0 0.928606 0.269430 0.004327 0.005181
0 0.919471 0.268459 0.005288 0.008420
0 0.875721 0.293070 0.004327 0.007124
0 0.875962 0.271373 0.004808 0.011658
0 0.821875 0.247409 0.007212 0.007772
0 0.714423 0.258744 0.006731 0.007124
0 0.721394 0.282383 0.006250 0.011658
0 0.700000 0.248381 0.006731 0.008420
0 0.684615 0.251943 0.003846 0.007772
0 0.619231 0.300518 0.008654 0.007772
0 0.410337 0.129858 0.009135 0.007124
0 0.495192 0.255505 0.008654 0.008420
0 0.491587 0.296632 0.009135 0.006477
0 0.293269 0.254858 0.005769 0.007124
0 0.302644 0.318329 0.008173 0.007124
0 0.208173 0.302785 0.006731 0.009715
0 0.234135 0.270078 0.008654 0.009067
0 0.006731 0.298251 0.006731 0.009715
0 0.118510 0.245466 0.004327 0.009067
0 0.064663 0.313148 0.008173 0.005829
0 0.065385 0.291451 0.003846 0.006477
0 0.032692 0.420661 0.007692 0.008420
0 0.027885 0.447215 0.005769 0.008420
0 0.072837 0.422604 0.006250 0.007124
0 0.245913 0.409650 0.010096 0.008420
0 0.242308 0.454016 0.007692 0.006477
0 0.449038 0.427137 0.008654 0.007124
0 0.439904 0.465674 0.006731 0.009067
0 0.628125 0.135687 0.008173 0.007124
0 0.843510 0.411593 0.006250 0.009715
0 0.862019 0.433614 0.007692 0.013601
0 0.943990 0.574158 0.005288 0.008420
0 0.889423 0.584521 0.007692 0.011010
0 0.913702 0.605246 0.006250 0.009715
0 0.892788 0.602332 0.008654 0.010363
0 0.854808 0.557319 0.008654 0.008420
0 0.813942 0.549223 0.011538 0.009067
0 0.792308 0.606218 0.006731 0.007772
0 0.692788 0.604598 0.007692 0.011010
0 0.737260 0.616904 0.008173 0.013601
0 0.681971 0.568977 0.005288 0.008420
0 0.681010 0.590674 0.005288 0.011658
0 0.634615 0.615933 0.010577 0.010363
0 0.643269 0.547604 0.009615 0.009715
0 0.317788 0.272668 0.002885 0.005181
0 0.443750 0.626295 0.005769 0.009067
0 0.429808 0.572863 0.007692 0.012306
0 0.418269 0.547280 0.004808 0.007772
0 0.413942 0.586140 0.005769 0.010363
0 0.416106 0.604275 0.005288 0.006477
0 0.340625 0.565091 0.009135 0.008420
0 0.329808 0.587435 0.010577 0.007772
0 0.296394 0.599093 0.007212 0.007772
0 0.319471 0.608161 0.009135 0.007772
0 0.207692 0.578368 0.010577 0.007772
0 0.137981 0.571891 0.006731 0.006477
0 0.121875 0.610751 0.011058 0.009067
0 0.235577 0.702720 0.006731 0.012953
0 0.310096 0.745790 0.008654 0.012306
0 0.458654 0.742228 0.006731 0.009067
0 0.023558 0.746762 0.006731 0.007772
0 0.006731 0.566386 0.008654 0.009715
0 0.495433 0.877915 0.011058 0.011010
0 0.454567 0.895725 0.008173 0.009067
0 0.453365 0.913860 0.008654 0.009067
0 0.659135 0.779793 0.005769 0.009067
0 0.661538 0.868523 0.003846 0.014249
0 0.858654 0.886982 0.007692 0.005829
0 0.878606 0.719236 0.005288 0.008420
0 0.627404 0.696891 0.006731 0.005181
