2 0.037500 0.022992 0.010577 0.014896
2 0.079087 0.060233 0.011058 0.019430
2 0.135096 0.062500 0.014423 0.020078
2 0.154327 0.011982 0.011538 0.009715
2 0.293510 0.007448 0.009135 0.012306
2 0.309375 0.037889 0.012019 0.013601
2 0.292308 0.048251 0.007692 0.012306
2 0.304808 0.066062 0.012500 0.014249
2 0.360337 0.047927 0.013942 0.019430
2 0.394952 0.016192 0.007212 0.011658
2 0.641587 0.022345 0.009135 0.013601
2 0.673558 0.023640 0.007692 0.016192
2 0.785096 0.038212 0.007692 0.010363
2 0.797356 0.060233 0.007212 0.014249
2 0.815625 0.072863 0.011058 0.011010
2 0.813942 0.117552 0.010577 0.013601
2 0.785577 0.144754 0.006731 0.012306
2 0.758173 0.280440 0.009615 0.011658
2 0.782933 0.315415 0.007212 0.011658
2 0.848558 0.359780 0.009615 0.011010
2 0.669712 0.166451 0.011538 0.015544
2 0.615865 0.119495 0.007692 0.014896
2 0.594952 0.128238 0.009135 0.014249
2 0.522356 0.196567 0.010096 0.014896
2 0.517788 0.269754 0.012500 0.017487
2 0.569952 0.339378 0.007212 0.012953
2 0.604327 0.366256 0.008654 0.008420
2 0.585096 0.234132 0.008654 0.012306
2 0.619712 0.366256 0.005769 0.009715
2 0.419231 0.175194 0.008654 0.013601
2 0.350481 0.117876 0.009615 0.009067
2 0.345673 0.143135 0.006731 0.012953
2 0.360337 0.157060 0.009135 0.013601
2 0.317788 0.153174 0.007692 0.012306
2 0.292788 0.185557 0.008654 0.011010
2 0.275481 0.202073 0.008654 0.010363
2 0.281731 0.295984 0.009615 0.015544
2 0.313702 0.351684 0.009135 0.012953
2 0.406971 0.318653 0.007212 0.010363
2 0.124038 0.135687 0.013462 0.016192
2 0.068990 0.159974 0.012019 0.014249
2 0.038221 0.286593 0.006250 0.009715
2 0.046635 0.311205 0.008654 0.014896
2 0.128606 0.337435 0.007212 0.010363
2 0.144952 0.347798 0.006250 0.009067
2 0.146635 0.310233 0.006731 0.006477
2 0.145192 0.296632 0.006731 0.009067
2 0.178125 0.295013 0.007212 0.007124
2 0.171154 0.253886 0.007692 0.010363
2 0.169952 0.223122 0.008173 0.007124
2 0.121875 0.257448 0.006250 0.009715
2 0.109615 0.272021 0.005769 0.006477
2 0.095192 0.269430 0.007692 0.009067
2 0.034615 0.452396 0.011538 0.014896
2 0.050000 0.468588 0.007692 0.009715
2 0.014904 0.526231 0.005769 0.011010
2 0.038702 0.568653 0.008173 0.015544
2 0.085817 0.543394 0.008173 0.010363
2 0.106971 0.503886 0.008173 0.014249
2 0.159615 0.486075 0.008654 0.014896
2 0.171394 0.585816 0.010096 0.013601
2 0.076683 0.624352 0.010096 0.018135
2 0.095673 0.649611 0.011538 0.010363
2 0.270433 0.513601 0.009135 0.016839
2 0.281250 0.439443 0.009615 0.012306
2 0.324760 0.407060 0.009135 0.014896
2 0.347596 0.399288 0.008654 0.009715
2 0.343029 0.425518 0.009135 0.009067
2 0.362500 0.498705 0.009615 0.011658
2 0.381250 0.602008 0.007692 0.012306
2 0.390865 0.590997 0.009615 0.008420
2 0.344712 0.628238 0.016346 0.014249
2 0.535096 0.432966 0.009615 0.017487
2 0.527644 0.472474 0.010096 0.012306
2 0.521635 0.507124 0.006731 0.009067
2 0.531250 0.587435 0.008654 0.014249
2 0.615625 0.627915 0.013942 0.011010
2 0.567788 0.646049 0.007692 0.008420
2 0.598077 0.412241 0.008654 0.011010
2 0.629327 0.404469 0.009615 0.016192
2 0.626923 0.442034 0.008654 0.012306
2 0.606010 0.503562 0.007212 0.013601
2 0.613462 0.543070 0.011538 0.013601
2 0.668269 0.500324 0.005769 0.011010
2 0.669952 0.574806 0.008173 0.009715
2 0.807212 0.416127 0.015385 0.014896
2 0.881010 0.416127 0.012019 0.011010
2 0.907452 0.455959 0.012019 0.011658
2 0.766587 0.551166 0.008173 0.011658
2 0.753846 0.559262 0.009615 0.013601
2 0.837260 0.526231 0.008173 0.008420
2 0.776442 0.582254 0.008654 0.009067
2 0.793269 0.618847 0.010577 0.017487
2 0.839904 0.616904 0.008654 0.009715
2 0.875000 0.623057 0.010577 0.006477
2 0.878365 0.636010 0.006731 0.009067
2 0.909375 0.602008 0.006250 0.009715
2 0.818990 0.692358 0.008173 0.009067
2 0.790865 0.712111 0.010577 0.009715
2 0.765385 0.753886 0.008654 0.011658
2 0.756731 0.815091 0.009615 0.008420
2 0.762981 0.866256 0.008654 0.009715
2 0.782452 0.890544 0.010096 0.007772
2 0.828125 0.918718 0.011058 0.012306
2 0.874279 0.907383 0.007212 0.010363
2 0.911538 0.886334 0.007692 0.008420
2 0.841346 0.788536 0.008654 0.007124
2 0.589904 0.687824 0.009615 0.011658
2 0.652163 0.750972 0.010096 0.013601
2 0.533894 0.730570 0.009135 0.009067
2 0.537019 0.749352 0.008654 0.012953
2 0.642548 0.897668 0.008173 0.012953
2 0.583413 0.925518 0.007212 0.011658
2 0.517308 0.796956 0.007692 0.009715
2 0.391346 0.710816 0.007692 0.013601
2 0.340625 0.706930 0.008173 0.013601
2 0.338221 0.684585 0.007212 0.009067
2 0.295192 0.712111 0.008654 0.009715
2 0.314904 0.694624 0.006731 0.009715
2 0.269712 0.818977 0.008654 0.011010
2 0.325721 0.920337 0.007212 0.009067
2 0.350721 0.920661 0.007212 0.009715
2 0.412500 0.885687 0.009615 0.013601
2 0.285577 0.869171 0.005769 0.010363
2 0.328365 0.898316 0.004808 0.007772
2 0.164904 0.745142 0.010577 0.007124
2 0.102404 0.693005 0.006731 0.010363
2 0.079567 0.704339 0.007212 0.011010
2 0.062740 0.693005 0.006250 0.010363
2 0.043029 0.706930 0.005288 0.005829
2 0.030769 0.851036 0.008654 0.018135
2 0.063462 0.913536 0.008654 0.013601
2 0.100481 0.915803 0.008654 0.012953
2 0.112019 0.919041 0.005769 0.007772
