2 0.956971 0.034003 0.008173 0.012306
2 0.980288 0.081930 0.005769 0.008420
2 0.981731 0.050518 0.003846 0.005181
2 0.810817 0.074158 0.009135 0.009715
2 0.803125 0.026231 0.008173 0.009715
2 0.831971 0.011982 0.008173 0.013601
2 0.850000 0.008096 0.008654 0.012306
2 0.781731 0.009067 0.006731 0.007772
2 0.865865 0.011334 0.003846 0.008420
2 0.760577 0.072863 0.006731 0.008420
2 0.849279 0.083225 0.007212 0.007124
2 0.661779 0.054404 0.009135 0.007772
2 0.664904 0.063148 0.006731 0.005829
2 0.672596 0.072863 0.006731 0.007124
2 0.678846 0.089054 0.004808 0.007124
2 0.676923 0.107513 0.005769 0.006477
2 0.701442 0.090674 0.005769 0.007772
2 0.637740 0.103951 0.005288 0.007124
2 0.609375 0.090350 0.008173 0.008420
2 0.600481 0.033355 0.004808 0.007124
2 0.607692 0.052137 0.006731 0.005829
2 0.593510 0.035946 0.004327 0.007124
2 0.554327 0.030764 0.007692 0.007124
2 0.521875 0.017487 0.006250 0.007772
2 0.563221 0.085816 0.006250 0.007124
2 0.559375 0.076101 0.011058 0.008420
2 0.462019 0.041451 0.006731 0.007772
2 0.452163 0.033679 0.008173 0.011658
2 0.447115 0.046632 0.006731 0.009067
2 0.426202 0.084197 0.006250 0.006477
2 0.407212 0.076749 0.006731 0.008420
2 0.403365 0.057319 0.003846 0.005829
2 0.365625 0.036269 0.006250 0.009067
2 0.938702 0.143135 0.005288 0.007772
2 0.847837 0.152526 0.006250 0.005829
2 0.719712 0.154469 0.004808 0.007124
2 0.736779 0.153821 0.006250 0.007124
2 0.688942 0.143782 0.003846 0.006477
2 0.781731 0.080635 0.007692 0.008420
2 0.437260 0.152850 0.008173 0.007772
2 0.293750 0.057642 0.005769 0.005181
2 0.393029 0.067681 0.005288 0.004534
2 0.320192 0.067034 0.005769 0.005829
2 0.343269 0.022345 0.005769 0.007124
2 0.396635 0.012630 0.004808 0.007124
2 0.356010 0.077396 0.007212 0.008420
2 0.245192 0.106865 0.006731 0.006477
2 0.116587 0.048251 0.008173 0.009715
2 0.118029 0.007448 0.006250 0.009715
2 0.143510 0.007124 0.004327 0.007772
2 0.164183 0.084197 0.008173 0.007772
2 0.146875 0.076101 0.011058 0.007124
2 0.117308 0.078044 0.009615 0.008420
2 0.320673 0.085492 0.006731 0.006477
2 0.169231 0.144430 0.006731 0.007772
2 0.202404 0.145078 0.005769 0.006477
2 0.206731 0.160622 0.005769 0.005181
2 0.261058 0.145402 0.005769 0.007124
2 0.255529 0.147345 0.004327 0.007124
2 0.242548 0.149935 0.006250 0.005829
2 0.281010 0.153821 0.010096 0.008420
2 0.324279 0.145402 0.007212 0.008420
2 0.907212 0.352655 0.009615 0.009715
2 0.897837 0.368847 0.005288 0.009715
2 0.989663 0.407060 0.010096 0.013601
2 0.997596 0.412565 0.004808 0.009067
2 0.959856 0.388601 0.004327 0.006477
2 0.959615 0.403821 0.004808 0.005829
2 0.962500 0.418394 0.005769 0.009067
2 0.963942 0.493523 0.006731 0.010363
2 0.927163 0.476036 0.006250 0.010363
2 0.982212 0.443329 0.007692 0.009715
2 0.983654 0.567034 0.007692 0.008420
2 0.996154 0.546308 0.004808 0.005829
2 0.960337 0.556023 0.005288 0.007124
2 0.953365 0.563148 0.005769 0.007124
2 0.801923 0.392811 0.006731 0.007124
2 0.751442 0.338083 0.006731 0.009067
2 0.772356 0.311852 0.008173 0.008420
2 0.676202 0.331282 0.006250 0.008420
2 0.795913 0.343264 0.006250 0.005181
2 0.770913 0.344883 0.005288 0.005829
2 0.780529 0.387953 0.009135 0.009067
2 0.510577 0.332254 0.005769 0.006477
2 0.478365 0.360104 0.005769 0.009067
2 0.577404 0.322539 0.006731 0.006477
2 0.614183 0.380829 0.008173 0.006477
2 0.791346 0.613018 0.008654 0.009715
2 0.727644 0.609132 0.008173 0.009715
2 0.763221 0.639573 0.007212 0.007124
2 0.763221 0.652850 0.005288 0.006477
2 0.674279 0.663536 0.009135 0.007124
2 0.512740 0.654793 0.008173 0.010363
2 0.569471 0.603303 0.007212 0.009715
2 0.664904 0.553433 0.006731 0.007124
2 0.651683 0.573187 0.004327 0.006477
2 0.670673 0.567358 0.008654 0.009067
2 0.668990 0.514249 0.005288 0.009067
2 0.694231 0.454663 0.007692 0.007772
2 0.690144 0.431671 0.007212 0.008420
2 0.643029 0.477332 0.005288 0.007772
2 0.682452 0.483161 0.007212 0.007772
2 0.612981 0.446244 0.005769 0.009067
2 0.629087 0.406736 0.005288 0.006477
2 0.644231 0.460492 0.008654 0.009067
2 0.672356 0.493199 0.005288 0.007124
2 0.587019 0.477979 0.006731 0.009067
2 0.601683 0.481541 0.007212 0.008420
2 0.627404 0.508096 0.007692 0.007124
2 0.593029 0.526231 0.007212 0.008420
2 0.631490 0.540479 0.006250 0.008420
2 0.562260 0.513601 0.006250 0.006477
2 0.543510 0.490609 0.006250 0.011010
2 0.573317 0.504534 0.005288 0.007772
2 0.595913 0.504210 0.005288 0.008420
2 0.606250 0.517163 0.010577 0.011010
2 0.620673 0.520402 0.006731 0.007124
2 0.580769 0.552785 0.005769 0.007124
2 0.787260 0.563795 0.004327 0.008420
2 0.414423 0.392811 0.010577 0.008420
2 0.373077 0.346503 0.007692 0.007772
2 0.366587 0.319948 0.006250 0.005181
2 0.379087 0.324482 0.004327 0.005181
2 0.408654 0.415479 0.005769 0.008420
2 0.389904 0.415803 0.003846 0.006477
2 0.374038 0.389249 0.004808 0.007772
2 0.314904 0.334845 0.005769 0.007772
2 0.323558 0.332254 0.003846 0.006477
2 0.339183 0.330311 0.004327 0.005181
2 0.344712 0.338083 0.004808 0.005181
2 0.353846 0.354922 0.003846 0.006477
2 0.142308 0.325453 0.006731 0.007124
2 0.160817 0.328368 0.006250 0.006477
2 0.113942 0.336788 0.004808 0.006477
2 0.121635 0.403174 0.005769 0.005829
2 0.404327 0.580959 0.005769 0.006477
2 0.407933 0.560557 0.005288 0.005829
2 0.381250 0.594883 0.006731 0.007124
2 0.372356 0.602979 0.004327 0.006477
2 0.394952 0.614961 0.007212 0.007124
2 0.349279 0.579663 0.004327 0.006477
2 0.358894 0.625000 0.005288 0.006477
2 0.303846 0.653821 0.009615 0.013601
2 0.334615 0.668718 0.005769 0.007124
2 0.338462 0.638925 0.004808 0.007124
2 0.320673 0.661269 0.004808 0.005181
2 0.132452 0.637630 0.006250 0.009715
2 0.168029 0.647992 0.006250 0.007124
2 0.119712 0.578692 0.004808 0.005829
2 0.226442 0.395725 0.007692 0.007772
2 0.193269 0.391192 0.005769 0.007772
2 0.209375 0.382772 0.004327 0.006477
2 0.228606 0.426813 0.008173 0.007772
2 0.270433 0.427461 0.009135 0.007772
2 0.317308 0.475065 0.006731 0.012306
2 0.272596 0.460816 0.007692 0.007124
2 0.283894 0.455311 0.007212 0.009067
2 0.150240 0.449482 0.005288 0.007772
2 0.162500 0.457902 0.004808 0.007772
2 0.188942 0.450777 0.007692 0.007772
2 0.183654 0.466969 0.005769 0.007772
2 0.202644 0.467293 0.006250 0.009715
2 0.209615 0.462435 0.005769 0.010363
2 0.215144 0.453368 0.004327 0.006477
2 0.226923 0.452396 0.005769 0.008420
2 0.244712 0.463407 0.006731 0.007124
2 0.256250 0.469236 0.008654 0.007124
2 0.274279 0.505829 0.006250 0.009067
2 0.287019 0.506801 0.004808 0.005829
2 0.276683 0.519754 0.009135 0.008420
2 0.234615 0.535298 0.005769 0.008420
2 0.163702 0.552137 0.005288 0.005829
2 0.163942 0.564119 0.003846 0.006477
2 0.156490 0.570272 0.004327 0.007124
2 0.182933 0.589378 0.006250 0.009067
2 0.242548 0.555052 0.006250 0.005181
2 0.258654 0.561528 0.004808 0.006477
2 0.284615 0.564767 0.006731 0.009067
2 0.211538 0.604598 0.004808 0.005829
2 0.195192 0.598769 0.006731 0.008420
2 0.203846 0.579987 0.004808 0.007124
2 0.231490 0.552785 0.004327 0.004534
2 0.299279 0.586140 0.005288 0.005181
2 0.328125 0.551813 0.005288 0.003886
2 0.313942 0.583549 0.003846 0.006477
2 0.238462 0.625324 0.005769 0.005829
2 0.221394 0.620466 0.003365 0.005181
2 0.269952 0.546308 0.004327 0.007124
2 0.313702 0.553433 0.004327 0.005829
2 0.304087 0.556023 0.004327 0.007124
2 0.897596 0.669041 0.006731 0.009067
2 0.935817 0.885363 0.007212 0.009067
2 0.950481 0.923899 0.007692 0.011010
2 0.878125 0.930699 0.007212 0.011658
2 0.855529 0.875972 0.006250 0.008420
2 0.760096 0.919689 0.007692 0.009067
2 0.771394 0.934262 0.005288 0.009715
2 0.777404 0.897021 0.005769 0.006477
2 0.807933 0.924223 0.009135 0.007772
2 0.803606 0.942358 0.007212 0.007772
2 0.865625 0.996438 0.007212 0.007124
2 0.822596 0.990285 0.008654 0.010363
2 0.822356 0.953368 0.005288 0.007772
2 0.811298 0.953368 0.006250 0.009067
2 0.842308 0.928433 0.004808 0.005829
2 0.836298 0.942358 0.006250 0.006477
2 0.837500 0.933290 0.003846 0.006477
2 0.846154 0.989961 0.006731 0.009715
2 0.748317 0.889573 0.005288 0.007124
2 0.717548 0.905764 0.008173 0.009715
2 0.608654 0.876295 0.007692 0.006477
2 0.542788 0.894430 0.005769 0.006477
2 0.625240 0.904469 0.005288 0.005829
2 0.600721 0.889249 0.004327 0.005181
2 0.652163 0.943977 0.012019 0.012306
2 0.687500 0.985104 0.005769 0.010363
2 0.103846 0.920984 0.009615 0.009067
2 0.111298 0.947539 0.007212 0.010363
2 0.131010 0.974741 0.007212 0.007772
2 0.285817 0.876295 0.005288 0.007772
2 0.296154 0.875324 0.005769 0.005829
2 0.158413 0.884067 0.006250 0.006477
2 0.147837 0.877591 0.007212 0.006477
2 0.159856 0.932966 0.004327 0.005829
2 0.351202 0.898316 0.008173 0.009067
2 0.363702 0.900907 0.005288 0.007772
2 0.403365 0.909003 0.008654 0.008420
2 0.426923 0.912241 0.006731 0.008420
2 0.404327 0.924547 0.005769 0.007124
2 0.386298 0.924223 0.005288 0.007772
2 0.343510 0.956282 0.008173 0.007124
2 0.368990 0.957254 0.008173 0.005181
2 0.370433 0.963731 0.006250 0.005181
2 0.382452 0.959521 0.006250 0.008420
2 0.424519 0.947215 0.006731 0.011010
2 0.407452 0.977655 0.007212 0.009715
2 0.440385 0.919365 0.008654 0.009715
2 0.443750 0.944948 0.005769 0.007772
2 0.009375 0.179404 0.008173 0.010363
2 0.037500 0.197539 0.006731 0.007772
2 0.019471 0.182642 0.006250 0.009067
2 0.049760 0.231865 0.006250 0.009067
2 0.051923 0.273640 0.006731 0.005829
2 0.052644 0.294689 0.003365 0.006477
2 0.054087 0.310557 0.005288 0.005829
2 0.018750 0.355894 0.005769 0.007124
2 0.031731 0.368847 0.006731 0.009715
2 0.044231 0.208225 0.005769 0.009715
2 0.042548 0.934262 0.006250 0.008420
2 0.054327 0.924547 0.004808 0.007124
2 0.053125 0.852979 0.006250 0.009067
2 0.048558 0.817358 0.004808 0.007772
