2 0.843750 0.301490 0.009615 0.009715
2 0.872115 0.316062 0.012500 0.011658
2 0.863702 0.346179 0.005288 0.005829
2 0.843990 0.600065 0.006250 0.007124
2 0.909615 0.484132 0.009615 0.007124
2 0.871154 0.394754 0.005769 0.008420
2 0.867067 0.473769 0.004327 0.005829
2 0.854808 0.478627 0.003846 0.005181
2 0.862500 0.489961 0.003846 0.005829
2 0.855048 0.504210 0.005288 0.008420
2 0.875721 0.526878 0.003365 0.007124
2 0.949279 0.373381 0.008173 0.007124
2 0.968750 0.346179 0.004808 0.005829
2 0.952163 0.417746 0.005288 0.005181
2 0.943029 0.420337 0.004327 0.006477
2 0.919231 0.423575 0.004808 0.005181
2 0.922837 0.454987 0.005288 0.007124
2 0.938942 0.446567 0.003846 0.007124
2 0.946394 0.467617 0.006250 0.006477
2 0.956250 0.460492 0.007692 0.009067
2 0.973077 0.454663 0.003846 0.007772
2 0.976683 0.431995 0.006250 0.006477
2 0.964904 0.426166 0.004808 0.006477
2 0.975962 0.398640 0.003846 0.007124
2 0.969231 0.387953 0.002885 0.005181
2 0.980048 0.378886 0.006250 0.005181
2 0.994471 0.400583 0.004327 0.005829
2 0.995913 0.445272 0.005288 0.009715
2 0.990144 0.469236 0.006250 0.007124
2 0.988702 0.490609 0.004327 0.007124
2 0.975000 0.491580 0.004808 0.009067
2 0.950240 0.496114 0.005288 0.006477
2 0.982692 0.542746 0.004808 0.006477
2 0.964904 0.545337 0.003846 0.006477
2 0.942067 0.554404 0.009135 0.010363
2 0.946154 0.524935 0.004808 0.008420
2 0.936058 0.509391 0.007692 0.008420
2 0.967788 0.519106 0.003846 0.007124
2 0.925481 0.476360 0.004808 0.007124
2 0.861298 0.606541 0.008173 0.005829
2 0.905529 0.592940 0.005288 0.008420
2 0.897115 0.579987 0.004808 0.005829
2 0.898558 0.568653 0.003846 0.003886
2 0.865144 0.539184 0.003365 0.005829
2 0.882212 0.545661 0.002885 0.003238
2 0.873317 0.552461 0.006250 0.006477
2 0.914183 0.511334 0.004327 0.005829
2 0.996875 0.310233 0.004327 0.006477
2 0.976202 0.312500 0.006250 0.007124
2 0.957692 0.298575 0.012500 0.009067
2 0.944471 0.316062 0.004327 0.005181
2 0.870673 0.424870 0.004808 0.006477
2 0.864183 0.432642 0.006250 0.006477
2 0.865385 0.454339 0.003846 0.007124
2 0.743990 0.352655 0.004327 0.005829
2 0.865385 0.638277 0.005769 0.005829
2 0.852644 0.639573 0.005288 0.008420
2 0.927885 0.615933 0.004808 0.007772
2 0.992308 0.621438 0.005769 0.007124
2 0.902644 0.331606 0.005288 0.006477
2 0.765144 0.334197 0.006250 0.006477
2 0.733173 0.313472 0.006731 0.006477
2 0.757933 0.307642 0.005288 0.006477
2 0.743990 0.301813 0.005288 0.009067
2 0.711058 0.348446 0.006731 0.009067
2 0.703606 0.332578 0.002404 0.005829
2 0.698317 0.331930 0.006250 0.007124
2 0.693990 0.324806 0.003365 0.004534
2 0.750721 0.362694 0.003365 0.006477
2 0.724519 0.356218 0.003846 0.006477
2 0.749519 0.328368 0.003846 0.006477
2 0.741827 0.553756 0.003846 0.007772
2 0.742308 0.572539 0.004808 0.007772
2 0.757692 0.564767 0.004808 0.007772
2 0.747115 0.597798 0.006731 0.010363
2 0.723077 0.583549 0.009615 0.010363
2 0.712260 0.566386 0.008173 0.009715
2 0.705769 0.603627 0.008654 0.009067
2 0.585096 0.618199 0.009615 0.012306
2 0.675000 0.569948 0.006731 0.006477
2 0.690385 0.519754 0.008654 0.007124
2 0.715865 0.506477 0.003846 0.006477
2 0.735337 0.532707 0.004327 0.005829
2 0.488702 0.307642 0.005288 0.006477
2 0.455769 0.330311 0.006731 0.010363
2 0.684615 0.390544 0.006731 0.007772
2 0.701923 0.445596 0.006731 0.010363
2 0.628606 0.316710 0.009135 0.010363
2 0.511538 0.350712 0.004808 0.007124
2 0.486058 0.541451 0.005769 0.006477
2 0.481010 0.531088 0.005288 0.006477
2 0.606010 0.539508 0.005288 0.007772
2 0.581250 0.564443 0.007692 0.008420
2 0.543510 0.572215 0.008173 0.009715
2 0.653365 0.491904 0.006731 0.009715
2 0.538702 0.536593 0.006250 0.007124
2 0.531010 0.526231 0.006250 0.005829
2 0.619952 0.441710 0.004327 0.007772
2 0.565865 0.364313 0.003846 0.005829
2 0.523317 0.385039 0.007212 0.008420
2 0.538462 0.413212 0.006731 0.006477
2 0.551683 0.396697 0.006250 0.008420
2 0.505529 0.439119 0.004327 0.005181
2 0.513942 0.438472 0.004808 0.006477
2 0.644952 0.407707 0.004327 0.007124
2 0.637981 0.404793 0.003846 0.005181
2 0.617067 0.393459 0.006250 0.005829
2 0.599760 0.435881 0.006250 0.009067
2 0.590625 0.426490 0.005288 0.004534
2 0.591587 0.440738 0.005288 0.007124
2 0.581250 0.443977 0.005769 0.008420
2 0.557692 0.443005 0.004808 0.006477
2 0.580048 0.374352 0.005288 0.005181
2 0.553365 0.384715 0.004808 0.005181
2 0.562260 0.425842 0.004327 0.005829
2 0.539904 0.431671 0.003846 0.005829
2 0.523558 0.451749 0.005769 0.005829
2 0.507452 0.451749 0.005288 0.007124
2 0.540865 0.480246 0.005769 0.008420
2 0.534375 0.463083 0.005288 0.006477
2 0.587500 0.469883 0.006731 0.005829
2 0.634856 0.485751 0.005288 0.005181
2 0.627404 0.484780 0.003846 0.005829
2 0.629087 0.471826 0.009135 0.005829
2 0.607452 0.486399 0.003365 0.005181
2 0.624519 0.501295 0.006731 0.006477
2 0.608654 0.511658 0.005769 0.003886
2 0.589183 0.511334 0.005288 0.009715
2 0.587500 0.492876 0.005769 0.006477
2 0.564183 0.489637 0.004327 0.005181
2 0.552163 0.497085 0.007212 0.007124
2 0.557452 0.511010 0.004327 0.006477
2 0.547596 0.513277 0.004808 0.007124
2 0.529327 0.515868 0.005769 0.005829
2 0.582212 0.534003 0.005769 0.005829
2 0.581250 0.542098 0.006731 0.005181
2 0.575481 0.509067 0.003846 0.006477
2 0.570192 0.504534 0.003846 0.006477
2 0.557452 0.477979 0.004327 0.006477
2 0.622837 0.515544 0.003365 0.005181
2 0.615144 0.525907 0.007212 0.007772
2 0.389663 0.373057 0.005288 0.007772
2 0.370913 0.349741 0.006250 0.007772
2 0.350962 0.364313 0.004808 0.007124
2 0.387740 0.326425 0.004327 0.006477
2 0.316106 0.308614 0.006250 0.005829
2 0.316106 0.316062 0.006250 0.006477
2 0.280288 0.323834 0.008654 0.009067
2 0.320913 0.337759 0.003365 0.004534
2 0.323798 0.362047 0.004327 0.006477
2 0.339663 0.351684 0.005288 0.006477
2 0.367788 0.321567 0.007692 0.007124
2 0.366587 0.375000 0.005288 0.006477
2 0.342308 0.303756 0.003846 0.006477
2 0.327885 0.305699 0.003846 0.005181
2 0.303846 0.321244 0.005769 0.006477
2 0.296154 0.293394 0.006731 0.006477
2 0.087260 0.303433 0.004327 0.005829
2 0.080048 0.340350 0.006250 0.007124
2 0.367788 0.536593 0.005769 0.007124
2 0.346875 0.528174 0.006250 0.008420
2 0.377404 0.576749 0.005769 0.007124
2 0.387981 0.617876 0.011538 0.010363
2 0.371394 0.611723 0.005288 0.005829
2 0.368029 0.589378 0.004327 0.005181
2 0.373558 0.594560 0.003846 0.006477
2 0.360577 0.604922 0.005769 0.005181
2 0.346154 0.627915 0.005769 0.008420
2 0.344712 0.610751 0.003846 0.005181
2 0.325962 0.610751 0.005769 0.007772
2 0.332212 0.594236 0.009615 0.012306
2 0.325721 0.575453 0.005288 0.008420
2 0.324760 0.627267 0.007212 0.009715
2 0.162500 0.576101 0.006731 0.008420
2 0.261298 0.556995 0.007212 0.009067
2 0.213221 0.547604 0.007212 0.008420
2 0.271875 0.501295 0.007212 0.009067
2 0.269952 0.481218 0.007212 0.005181
2 0.283413 0.473446 0.006250 0.005181
2 0.208413 0.480894 0.009135 0.008420
2 0.246635 0.485104 0.004808 0.006477
2 0.229808 0.503562 0.008654 0.008420
2 0.195673 0.534326 0.005769 0.007772
2 0.175481 0.535622 0.005769 0.007772
2 0.179808 0.546956 0.006731 0.008420
2 0.185817 0.504534 0.005288 0.006477
2 0.183413 0.514573 0.005288 0.008420
2 0.174279 0.522992 0.008173 0.008420
2 0.158654 0.514249 0.007692 0.009067
2 0.140625 0.526554 0.005288 0.006477
2 0.130529 0.512953 0.007212 0.007772
2 0.118269 0.507448 0.005769 0.009715
2 0.134615 0.479275 0.004808 0.006477
2 0.134615 0.463083 0.004808 0.007772
2 0.127885 0.442034 0.005769 0.007124
2 0.154808 0.423899 0.008654 0.005829
2 0.161058 0.437500 0.004808 0.004534
2 0.168990 0.444301 0.005288 0.006477
2 0.181971 0.452720 0.007212 0.006477
2 0.158654 0.472150 0.004808 0.006477
2 0.161058 0.478627 0.006731 0.005181
2 0.168029 0.491580 0.005288 0.005181
2 0.177163 0.497085 0.006250 0.007124
2 0.195913 0.471826 0.004327 0.004534
2 0.199279 0.447539 0.006250 0.007772
2 0.240144 0.428109 0.004327 0.009067
2 0.223798 0.410298 0.004327 0.005829
2 0.231010 0.416127 0.004327 0.004534
2 0.255529 0.404793 0.006250 0.007772
2 0.261298 0.438795 0.005288 0.004534
2 0.163221 0.385363 0.005288 0.007772
2 0.145673 0.389249 0.006731 0.009067
2 0.149519 0.399935 0.006731 0.005829
2 0.205048 0.349093 0.004327 0.005181
2 0.192788 0.355894 0.005769 0.005829
2 0.196154 0.371762 0.006731 0.009067
2 0.198077 0.406412 0.007692 0.008420
2 0.169231 0.407383 0.005769 0.007772
2 0.255048 0.481218 0.004327 0.006477
2 0.258894 0.510363 0.004327 0.005181
2 0.243269 0.524611 0.005769 0.005181
2 0.259856 0.519430 0.006250 0.006477
2 0.219471 0.384715 0.007212 0.007772
2 0.149519 0.466645 0.005769 0.007124
2 0.227644 0.449482 0.004327 0.005181
2 0.254087 0.439119 0.004327 0.007772
2 0.313462 0.348122 0.005769 0.005829
2 0.326202 0.325777 0.005288 0.005181
2 0.336058 0.375324 0.005769 0.007124
2 0.358413 0.345531 0.006250 0.009715
2 0.374519 0.393135 0.003846 0.007772
2 0.117548 0.634391 0.005288 0.008420
2 0.991106 0.876943 0.007212 0.011658
2 0.967548 0.878886 0.006250 0.007772
2 0.964423 0.863666 0.007692 0.008420
2 0.936298 0.864961 0.009135 0.012306
2 0.919952 0.886010 0.008173 0.009067
2 0.947115 0.891839 0.007692 0.009067
2 0.944471 0.921632 0.011058 0.010363
2 0.984856 0.950777 0.009135 0.009067
2 0.988942 0.936205 0.008654 0.011010
2 0.852163 0.944301 0.008173 0.007772
2 0.852644 0.955635 0.006250 0.008420
2 0.834375 0.964378 0.008173 0.010363
2 0.817308 0.980570 0.006731 0.007772
2 0.791346 0.970531 0.009615 0.011010
2 0.769231 0.951425 0.010577 0.010363
2 0.798077 0.939119 0.004808 0.007772
2 0.808413 0.929728 0.007212 0.009715
2 0.813702 0.921632 0.004327 0.005181
2 0.857933 0.893782 0.006250 0.011658
2 0.840385 0.878562 0.006731 0.007124
2 0.830048 0.875000 0.005288 0.006477
2 0.829808 0.923575 0.006731 0.006477
2 0.828125 0.907383 0.007212 0.009067
2 0.817308 0.901231 0.004808 0.005829
2 0.798317 0.910946 0.006250 0.005829
2 0.791106 0.917098 0.006250 0.006477
2 0.792067 0.859456 0.006250 0.007772
2 0.785817 0.894106 0.005288 0.009715
2 0.770913 0.891192 0.008173 0.007772
2 0.773798 0.920013 0.005288 0.009715
2 0.752404 0.885363 0.006731 0.011658
2 0.736058 0.884067 0.008654 0.011658
2 0.741587 0.925842 0.005288 0.009715
2 0.760577 0.926813 0.004808 0.009067
2 0.710577 0.870790 0.004808 0.007124
2 0.731490 0.853303 0.005288 0.009715
2 0.743269 0.859132 0.007692 0.008420
2 0.695433 0.863990 0.009135 0.007772
2 0.681971 0.856865 0.007212 0.007772
2 0.675962 0.845855 0.006731 0.010363
2 0.656490 0.853627 0.006250 0.007772
2 0.635577 0.854922 0.004808 0.007772
2 0.609135 0.850389 0.004808 0.005181
2 0.596154 0.869495 0.007692 0.012306
2 0.551923 0.860751 0.006731 0.009067
2 0.551202 0.876619 0.007212 0.008420
2 0.514423 0.869171 0.007692 0.011658
2 0.517308 0.885039 0.007692 0.007124
2 0.504327 0.902526 0.007692 0.009715
2 0.521154 0.934909 0.005769 0.005829
2 0.507933 0.937176 0.007212 0.009067
2 0.522356 0.908679 0.007212 0.007772
2 0.537500 0.879858 0.003846 0.005829
2 0.529567 0.883744 0.005288 0.008420
2 0.657933 0.841645 0.005288 0.004534
2 0.777885 0.989313 0.004808 0.008420
2 0.712981 0.949806 0.009615 0.013601
2 0.675481 0.920661 0.006731 0.008420
2 0.693269 0.919041 0.005769 0.007772
2 0.702404 0.923251 0.005769 0.008420
2 0.682452 0.908679 0.007212 0.005181
2 0.653125 0.920984 0.008173 0.005181
2 0.620673 0.903497 0.004808 0.007772
2 0.624519 0.915155 0.006731 0.007772
2 0.688702 0.974741 0.007212 0.006477
2 0.551202 0.959845 0.006250 0.006477
2 0.588942 0.995466 0.006731 0.007772
2 0.597837 0.978303 0.005288 0.005829
2 0.639183 0.961788 0.006250 0.005181
2 0.649038 0.984456 0.004808 0.006477
2 0.658654 0.990933 0.003846 0.005181
2 0.622837 0.991256 0.006250 0.007124
2 0.439904 0.886334 0.007692 0.011010
2 0.108413 0.939767 0.008173 0.011658
2 0.141827 0.874028 0.007692 0.012306
2 0.125721 0.881801 0.005288 0.005829
2 0.119952 0.885363 0.006250 0.006477
2 0.154327 0.844883 0.005769 0.008420
2 0.178365 0.855894 0.007692 0.007124
2 0.189423 0.853627 0.005769 0.007772
2 0.294231 0.847150 0.008654 0.009067
2 0.289423 0.866904 0.008654 0.008420
2 0.311538 0.863018 0.006731 0.007124
2 0.313221 0.889573 0.005288 0.007124
2 0.303125 0.885363 0.004327 0.007772
2 0.294952 0.899288 0.007212 0.008420
2 0.415865 0.855246 0.005769 0.008420
2 0.389423 0.859456 0.005769 0.007772
2 0.361298 0.864313 0.007212 0.008420
2 0.347596 0.855894 0.007692 0.007124
2 0.349519 0.907060 0.003846 0.008420
2 0.329087 0.920984 0.007212 0.007772
2 0.338942 0.917098 0.004808 0.007772
2 0.401202 0.880505 0.005288 0.007124
2 0.387500 0.870466 0.007692 0.006477
2 0.428606 0.931023 0.005288 0.007124
2 0.420913 0.931995 0.004327 0.005181
2 0.399038 0.921308 0.006731 0.005829
2 0.386779 0.914508 0.006250 0.007772
2 0.385817 0.889249 0.004327 0.005181
2 0.366346 0.887630 0.005769 0.007124
2 0.352885 0.892487 0.004808 0.005181
2 0.380288 0.931023 0.005769 0.007124
2 0.383654 0.948834 0.004808 0.006477
2 0.424038 0.945920 0.005769 0.008420
2 0.409615 0.969560 0.011538 0.012953
2 0.382692 0.969236 0.005769 0.007124
2 0.353365 0.964702 0.003846 0.008420
2 0.354087 0.950777 0.004327 0.006477
2 0.340385 0.943005 0.007692 0.006477
2 0.360337 0.965350 0.006250 0.008420
2 0.361779 0.937176 0.005288 0.005181
2 0.372837 0.953368 0.006250 0.009067
2 0.381731 0.994171 0.006731 0.007772
2 0.359375 0.981541 0.006250 0.005829
2 0.359856 0.988990 0.006250 0.007772
2 0.396154 0.867876 0.004808 0.006477
2 0.362500 0.874028 0.007692 0.007124
2 0.309856 0.974093 0.005288 0.007772
2 0.292067 0.956930 0.005288 0.005829
2 0.295192 0.935557 0.004808 0.005829
2 0.157692 0.997085 0.008654 0.005829
2 0.233173 0.982513 0.004808 0.010363
2 0.249519 0.984780 0.007692 0.009715
2 0.211538 0.996114 0.007692 0.006477
2 0.208654 0.980570 0.005769 0.009067
2 0.186538 0.989961 0.007692 0.009715
2 0.243750 0.903821 0.003846 0.005829
2 0.281490 0.931347 0.003365 0.007772
2 0.289663 0.930699 0.003365 0.009067
2 0.091106 0.877915 0.006250 0.007124
2 0.092067 0.913212 0.009135 0.014249
2 0.140385 0.962111 0.005769 0.008420
2 0.122837 0.964702 0.004327 0.007124
2 0.183413 0.912565 0.004327 0.006477
2 0.168269 0.925194 0.008654 0.007124
2 0.695433 0.296308 0.007212 0.009715
2 0.730529 0.301813 0.004327 0.007772
2 0.764183 0.572539 0.004327 0.006477
2 0.761058 0.604275 0.007692 0.007772
2 0.770192 0.614637 0.004808 0.005181
2 0.730048 0.621438 0.005288 0.007124
2 0.739423 0.617876 0.004808 0.007772
2 0.621875 0.406412 0.005288 0.007124
2 0.624760 0.393782 0.005288 0.006477
2 0.565385 0.522345 0.006731 0.008420
2 0.623077 0.563472 0.005769 0.009067
