2 0.044712 0.047280 0.014423 0.018135
2 0.025481 0.447863 0.009615 0.014896
2 0.052163 0.726360 0.016827 0.021373
2 0.354808 0.525259 0.017308 0.012953
2 0.261298 0.517487 0.015865 0.011658
2 0.319712 0.612370 0.012500 0.016192
2 0.310337 0.660946 0.010096 0.016192
2 0.277163 0.664508 0.009135 0.015544
2 0.260817 0.693005 0.013942 0.016839
2 0.166827 0.717293 0.009615 0.013601
2 0.243269 0.719560 0.012500 0.011658
2 0.430529 0.530117 0.005288 0.008420
2 0.361298 0.556671 0.012019 0.014896
2 0.366346 0.601036 0.006731 0.010363
2 0.238462 0.746114 0.008654 0.009067
2 0.251202 0.814443 0.012019 0.009715
2 0.260096 0.744495 0.009615 0.016192
2 0.059856 0.895725 0.007212 0.014249
2 0.106010 0.840674 0.004327 0.009067
2 0.102644 0.878562 0.007212 0.012306
2 0.376442 0.808614 0.012500 0.012306
2 0.430048 0.859456 0.012981 0.011658
2 0.347837 0.860104 0.011058 0.012953
2 0.311058 0.768135 0.008654 0.011658
2 0.586538 0.521697 0.010577 0.009715
2 0.561538 0.644106 0.008654 0.012306
2 0.573558 0.622733 0.008654 0.011010
2 0.604087 0.642487 0.011058 0.011658
2 0.620433 0.636334 0.011058 0.016192
2 0.648558 0.669689 0.014423 0.011658
2 0.508654 0.684909 0.006731 0.013601
2 0.515385 0.562824 0.006731 0.009067
2 0.533894 0.550194 0.009135 0.009715
2 0.523077 0.773964 0.012500 0.012953
2 0.510577 0.830959 0.011538 0.012953
2 0.539183 0.844236 0.007212 0.009715
2 0.696875 0.867552 0.014904 0.012306
2 0.687740 0.770078 0.014904 0.015544
2 0.661058 0.752915 0.009615 0.009715
2 0.647115 0.739961 0.008654 0.017487
2 0.688462 0.711788 0.012500 0.016839
2 0.707212 0.717940 0.006731 0.013601
2 0.620192 0.709845 0.013462 0.011658
2 0.617308 0.674870 0.008654 0.007772
2 0.605048 0.686528 0.006250 0.007772
2 0.585096 0.685881 0.008654 0.012953
2 0.590144 0.764249 0.010096 0.014249
2 0.606731 0.805052 0.014423 0.014249
2 0.725240 0.534003 0.012981 0.013601
2 0.672837 0.583225 0.010096 0.011010
2 0.760817 0.519430 0.008173 0.011658
2 0.670192 0.633096 0.010577 0.011010
2 0.791587 0.592617 0.008173 0.007772
2 0.776923 0.580635 0.008654 0.009715
2 0.753846 0.599417 0.008654 0.012306
2 0.766346 0.789832 0.006731 0.009715
2 0.776923 0.828044 0.007692 0.009715
2 0.762740 0.833873 0.008173 0.013601
2 0.749038 0.850065 0.008654 0.009715
2 0.748317 0.873705 0.010096 0.009067
2 0.814663 0.824482 0.008173 0.014249
2 0.823798 0.865933 0.008173 0.011658
2 0.805529 0.872085 0.004327 0.007124
2 0.835577 0.852332 0.006731 0.010363
2 0.947837 0.701425 0.006250 0.009067
2 0.964904 0.511982 0.007692 0.011010
2 0.898317 0.521373 0.011058 0.014249
2 0.905529 0.625972 0.008173 0.009715
2 0.948798 0.674547 0.008173 0.008420
2 0.938942 0.886010 0.008654 0.012953
2 0.967548 0.878562 0.007212 0.011010
2 0.994712 0.505505 0.005769 0.007124
