2 0.852163 0.003886 0.006250 0.006477
2 0.753365 0.006477 0.008654 0.005181
2 0.670192 0.004534 0.005769 0.006477
2 0.980769 0.234780 0.007692 0.008420
2 0.886298 0.166127 0.007212 0.007124
2 0.871635 0.202396 0.004808 0.004534
2 0.873077 0.215674 0.004808 0.005181
2 0.888942 0.225389 0.002885 0.005181
2 0.873558 0.231218 0.006731 0.007772
2 0.935817 0.254210 0.007212 0.009715
2 0.971875 0.265868 0.004327 0.005829
2 0.967548 0.277202 0.006250 0.007772
2 0.950721 0.351036 0.006250 0.007772
2 0.997356 0.357513 0.004327 0.009067
2 0.986298 0.401554 0.005288 0.006477
2 0.953365 0.377915 0.005769 0.008420
2 0.952885 0.403174 0.005769 0.007124
2 0.933654 0.381477 0.007692 0.009067
2 0.871875 0.469883 0.008173 0.007124
2 0.866587 0.531412 0.006250 0.005829
2 0.958654 0.520078 0.004808 0.006477
2 0.917308 0.523964 0.006731 0.006477
2 0.893029 0.499352 0.005288 0.007772
2 0.782452 0.270402 0.009135 0.009715
2 0.735337 0.169689 0.007212 0.007772
2 0.720192 0.171956 0.006731 0.008420
2 0.728846 0.194301 0.006731 0.007772
2 0.764904 0.252591 0.008654 0.009067
2 0.690144 0.158679 0.007212 0.009067
2 0.782933 0.181347 0.004327 0.006477
2 0.770913 0.199806 0.008173 0.008420
2 0.762500 0.226684 0.005769 0.007772
2 0.640385 0.169689 0.004808 0.005181
2 0.517788 0.203368 0.005769 0.006477
2 0.809615 0.450777 0.005769 0.007772
2 0.801442 0.431995 0.006731 0.007772
2 0.798077 0.461788 0.005769 0.007772
2 0.788462 0.451425 0.005769 0.007772
2 0.778365 0.463083 0.005769 0.007772
2 0.775962 0.494171 0.005769 0.007772
2 0.758413 0.473446 0.006250 0.006477
2 0.743750 0.473769 0.006731 0.005829
2 0.762019 0.449158 0.005769 0.008420
2 0.741587 0.491904 0.008173 0.011010
2 0.760577 0.497085 0.007692 0.007124
2 0.796154 0.421632 0.005769 0.005181
2 0.500000 0.466969 0.003846 0.006477
2 0.488702 0.472150 0.004327 0.007772
2 0.519471 0.509391 0.004327 0.005829
2 0.583654 0.517811 0.004808 0.005829
2 0.530288 0.525907 0.005769 0.005181
2 0.666587 0.452396 0.006250 0.007124
2 0.684375 0.316710 0.006250 0.010363
2 0.683654 0.297280 0.004808 0.006477
2 0.666106 0.232513 0.005288 0.006477
2 0.649279 0.237047 0.004327 0.007772
2 0.642308 0.243847 0.004808 0.005829
2 0.587981 0.273964 0.007692 0.009067
2 0.619471 0.307642 0.007212 0.007772
2 0.647596 0.269754 0.004808 0.007124
2 0.560817 0.287565 0.005288 0.005181
2 0.551683 0.287241 0.004327 0.005829
2 0.582933 0.311205 0.006250 0.007124
2 0.579327 0.301490 0.004808 0.007124
2 0.618029 0.323834 0.007212 0.009067
2 0.610817 0.324806 0.005288 0.005829
2 0.600481 0.319301 0.006731 0.006477
2 0.592788 0.348446 0.008654 0.014249
2 0.566106 0.354275 0.005288 0.006477
2 0.573558 0.388925 0.005769 0.008420
2 0.600240 0.399935 0.005288 0.005829
2 0.587500 0.413860 0.005769 0.005181
2 0.557212 0.426166 0.005769 0.007772
2 0.666106 0.346503 0.006250 0.006477
2 0.659856 0.372085 0.005288 0.005829
2 0.647596 0.389249 0.005769 0.006477
2 0.644712 0.401878 0.005769 0.007124
2 0.613702 0.409003 0.006250 0.007124
2 0.606010 0.428756 0.005288 0.006477
2 0.555288 0.313148 0.004808 0.005829
2 0.405529 0.181023 0.008173 0.011010
2 0.378365 0.174547 0.006731 0.007124
2 0.407692 0.244495 0.006731 0.007124
2 0.421875 0.267811 0.005288 0.007124
2 0.385817 0.245142 0.006250 0.008420
2 0.298317 0.174870 0.007212 0.009067
2 0.327885 0.186852 0.006731 0.008420
2 0.315625 0.189767 0.007212 0.009067
2 0.195192 0.175518 0.005769 0.007772
2 0.116346 0.202720 0.007692 0.010363
2 0.419712 0.460816 0.004808 0.007124
2 0.402163 0.516839 0.007212 0.010363
2 0.371635 0.518135 0.007692 0.007772
2 0.350000 0.458549 0.007692 0.009067
2 0.339904 0.479275 0.009615 0.007772
2 0.323558 0.495466 0.005769 0.007772
2 0.335577 0.494171 0.004808 0.007772
2 0.326202 0.517163 0.007212 0.007124
2 0.386298 0.433938 0.005288 0.007772
2 0.138942 0.468264 0.006731 0.009067
2 0.114904 0.486723 0.004808 0.007124
2 0.103606 0.520402 0.005288 0.004534
2 0.134135 0.515868 0.005769 0.005829
2 0.173317 0.499352 0.007212 0.007772
2 0.043029 0.219560 0.006250 0.010363
2 0.154808 0.279145 0.005769 0.006477
2 0.228365 0.254858 0.004808 0.007124
2 0.255288 0.296956 0.010577 0.011010
2 0.191106 0.311852 0.010096 0.011010
2 0.212019 0.279793 0.004808 0.005181
2 0.222596 0.275583 0.003846 0.005829
2 0.231731 0.293394 0.005769 0.006477
2 0.171635 0.332578 0.006731 0.008420
2 0.277885 0.342617 0.006731 0.009067
2 0.275721 0.375000 0.008173 0.010363
2 0.315144 0.383096 0.006250 0.008420
2 0.293029 0.451425 0.006250 0.006477
2 0.231250 0.429080 0.005769 0.008420
2 0.210817 0.427137 0.007212 0.007124
2 0.215144 0.450453 0.005288 0.007124
2 0.227404 0.403821 0.005769 0.009715
2 0.213702 0.389249 0.004327 0.007772
2 0.200481 0.375972 0.004808 0.007124
2 0.181490 0.362370 0.004327 0.005829
2 0.173077 0.415803 0.006731 0.007772
2 0.220673 0.322863 0.003846 0.005829
2 0.261058 0.340026 0.005769 0.006477
2 0.231971 0.379534 0.003365 0.009067
2 0.239183 0.377591 0.003365 0.006477
2 0.257212 0.481865 0.004808 0.007772
2 0.591827 0.600712 0.008654 0.009715
2 0.712019 0.599741 0.008654 0.009067
2 0.852885 0.794041 0.006731 0.009067
2 0.844952 0.772345 0.010096 0.011010
2 0.803846 0.755505 0.007692 0.008420
2 0.818269 0.845531 0.011538 0.013601
2 0.795913 0.795984 0.010096 0.016839
2 0.869231 0.724741 0.007692 0.010363
2 0.821154 0.887953 0.010577 0.011658
2 0.803365 0.878562 0.007692 0.008420
2 0.743269 0.744495 0.008654 0.007124
2 0.777163 0.742552 0.008173 0.009715
2 0.542548 0.740609 0.005288 0.007124
2 0.535337 0.743199 0.005288 0.009715
2 0.567788 0.749028 0.007692 0.008420
2 0.568750 0.803433 0.010577 0.007124
2 0.583894 0.775583 0.006250 0.007124
2 0.649279 0.747409 0.008173 0.007772
2 0.630048 0.761010 0.007212 0.007772
2 0.660577 0.712759 0.008654 0.008420
2 0.643269 0.717293 0.007692 0.008420
2 0.704327 0.726684 0.006731 0.006477
2 0.694712 0.717617 0.005769 0.007772
2 0.679087 0.721503 0.006250 0.009067
2 0.753125 0.794365 0.007212 0.007124
2 0.740385 0.784650 0.006731 0.007124
2 0.725481 0.856865 0.006731 0.009067
2 0.688462 0.845207 0.008654 0.009067
2 0.701442 0.897021 0.006731 0.010363
2 0.662500 0.889249 0.006731 0.011658
2 0.668510 0.911269 0.007212 0.009067
2 0.657933 0.922280 0.007212 0.010363
2 0.604808 0.900583 0.004808 0.007124
2 0.599519 0.866580 0.005769 0.006477
2 0.702404 0.952720 0.005769 0.009067
2 0.665865 0.940738 0.006731 0.008420
2 0.678606 0.986723 0.006250 0.009715
2 0.638221 0.985751 0.006250 0.007772
2 0.624519 0.979275 0.004808 0.007772
2 0.606250 0.987047 0.005769 0.007772
2 0.026202 0.805699 0.006250 0.011658
2 0.019231 0.795984 0.005769 0.009067
2 0.040385 0.852979 0.006731 0.011658
2 0.036058 0.941062 0.008654 0.009067
2 0.120673 0.757124 0.009615 0.006477
2 0.162981 0.725712 0.007692 0.009715
2 0.238942 0.721826 0.009615 0.009715
2 0.307933 0.747733 0.008173 0.012306
2 0.287019 0.747085 0.007692 0.008420
2 0.451683 0.822215 0.009135 0.008420
2 0.443029 0.857837 0.008173 0.011010
2 0.413942 0.834845 0.011538 0.010363
2 0.445673 0.786269 0.005769 0.005181
2 0.411058 0.778497 0.007692 0.010363
2 0.339423 0.768782 0.005769 0.006477
2 0.418990 0.730894 0.007212 0.005829
2 0.375240 0.783031 0.005288 0.005181
2 0.405288 0.805376 0.006731 0.004534
2 0.373317 0.801166 0.004327 0.007772
2 0.336538 0.803756 0.005769 0.009067
2 0.349038 0.826425 0.005769 0.007772
2 0.388702 0.852332 0.006250 0.009067
2 0.399519 0.845855 0.007692 0.010363
2 0.393269 0.831606 0.004808 0.006477
2 0.383654 0.822539 0.006731 0.007772
2 0.383173 0.831282 0.005769 0.005829
2 0.412740 0.919365 0.004327 0.007124
2 0.392548 0.995142 0.006250 0.005829
2 0.374519 0.992228 0.003846 0.006477
2 0.205769 0.744171 0.004808 0.006477
2 0.191346 0.754858 0.004808 0.005829
2 0.280048 0.838731 0.006250 0.006477
2 0.245913 0.922927 0.010096 0.009067
2 0.308894 0.933938 0.006250 0.007772
2 0.304808 0.900259 0.004808 0.006477
2 0.290625 0.897345 0.006250 0.008420
2 0.279087 0.896049 0.005288 0.007124
2 0.226683 0.894430 0.009135 0.011658
2 0.212019 0.906412 0.008654 0.009715
2 0.213462 0.952396 0.004808 0.007124
2 0.189183 0.952073 0.008173 0.010363
2 0.190144 0.981218 0.007212 0.010363
2 0.312260 0.985751 0.007212 0.006477
2 0.271394 0.985751 0.005288 0.006477
2 0.152404 0.905117 0.006731 0.009715
2 0.075240 0.853303 0.007212 0.008420
2 0.152885 0.940091 0.004808 0.005829
2 0.155529 0.950453 0.007212 0.005829
2 0.265385 0.863666 0.004808 0.009715
2 0.267788 0.960492 0.006731 0.009067
2 0.034856 0.056347 0.006250 0.007772
2 0.012260 0.085168 0.008173 0.007124
2 0.025000 0.097798 0.007692 0.010363
