2 0.943990 0.125972 0.004327 0.007124
2 0.918990 0.136334 0.004327 0.005829
2 0.932212 0.153497 0.005769 0.010363
2 0.854327 0.137953 0.003846 0.006477
2 0.873317 0.172604 0.007212 0.008420
2 0.854087 0.148964 0.003365 0.006477
2 0.774279 0.154793 0.005288 0.006477
2 0.754327 0.172280 0.004808 0.005181
2 0.743750 0.139249 0.005769 0.007772
2 0.723798 0.157383 0.002404 0.005181
2 0.758413 0.157707 0.002404 0.005829
2 0.758894 0.102655 0.005288 0.007124
2 0.681490 0.145402 0.006250 0.008420
2 0.660096 0.139573 0.006731 0.005829
2 0.659135 0.160298 0.007692 0.008420
2 0.638221 0.151231 0.005288 0.008420
2 0.705769 0.099417 0.003846 0.005829
2 0.540625 0.170984 0.005288 0.005181
2 0.569231 0.167746 0.004808 0.007772
2 0.546394 0.155764 0.004327 0.007124
2 0.468990 0.136658 0.005288 0.005181
2 0.449519 0.123381 0.005769 0.007124
2 0.448317 0.139573 0.005288 0.005829
2 0.438942 0.163212 0.003846 0.006477
2 0.475721 0.159650 0.003365 0.005829
2 0.473798 0.170013 0.005288 0.007124
2 0.366346 0.111723 0.004808 0.005829
2 0.363942 0.135039 0.005769 0.009715
2 0.374519 0.169041 0.004808 0.006477
2 0.350721 0.164832 0.003365 0.004534
2 0.333413 0.117876 0.003365 0.006477
2 0.292548 0.113666 0.005288 0.007124
2 0.291587 0.103303 0.004327 0.004534
2 0.262740 0.146049 0.003365 0.005829
2 0.270673 0.111075 0.004808 0.007124
2 0.139904 0.150583 0.006731 0.005829
2 0.124279 0.144430 0.005288 0.005181
2 0.136538 0.137953 0.004808 0.006477
2 0.151442 0.109132 0.005769 0.007124
2 0.045192 0.126619 0.004808 0.007124
2 0.033654 0.150259 0.005769 0.006477
2 0.021154 0.141839 0.006731 0.007772
2 0.016587 0.119495 0.006250 0.007124
2 0.010337 0.146697 0.005288 0.007124
2 0.021635 0.161269 0.004808 0.007772
2 0.019952 0.174223 0.005288 0.005181
2 0.184856 0.011658 0.004327 0.005181
2 0.012981 0.006477 0.004808 0.003886
2 0.741346 0.276231 0.006731 0.005829
2 0.739663 0.301490 0.006250 0.007124
2 0.731731 0.316062 0.005769 0.007772
2 0.748558 0.314443 0.005769 0.008420
2 0.655288 0.288212 0.003846 0.005181
2 0.539423 0.244171 0.005769 0.005181
2 0.520433 0.249352 0.004327 0.006477
2 0.520673 0.277202 0.003846 0.003886
2 0.464183 0.302137 0.004327 0.005829
2 0.456731 0.312500 0.002885 0.005829
2 0.318510 0.269430 0.004327 0.006477
2 0.261058 0.290803 0.004808 0.006477
2 0.134375 0.292422 0.006250 0.007124
2 0.122596 0.302137 0.004808 0.005829
2 0.972356 0.587435 0.005288 0.006477
2 0.930529 0.584521 0.005288 0.008420
2 0.918510 0.610427 0.005288 0.008420
2 0.963942 0.586140 0.004808 0.006477
2 0.936058 0.556347 0.006731 0.006477
2 0.952404 0.554404 0.003846 0.003886
2 0.978365 0.575453 0.004808 0.008420
2 0.891827 0.563148 0.003846 0.007124
2 0.856731 0.578044 0.005769 0.007124
2 0.837019 0.558290 0.006731 0.007772
2 0.777163 0.581930 0.006250 0.007124
2 0.767788 0.583549 0.004808 0.005181
2 0.743990 0.589378 0.005288 0.006477
2 0.757452 0.611723 0.007212 0.007124
2 0.650240 0.556023 0.004327 0.004534
2 0.654567 0.565738 0.003365 0.003238
2 0.669471 0.586140 0.004327 0.003886
2 0.640385 0.624676 0.003846 0.005829
2 0.649519 0.627591 0.005769 0.005181
2 0.679327 0.640220 0.005769 0.004534
2 0.591106 0.603951 0.003365 0.008420
2 0.568750 0.608484 0.005769 0.005829
2 0.560577 0.612047 0.004808 0.005181
2 0.563221 0.593912 0.005288 0.003886
2 0.569712 0.573187 0.003846 0.005181
2 0.536298 0.577073 0.006250 0.006477
2 0.524279 0.600065 0.004327 0.005829
2 0.555529 0.549223 0.005288 0.005181
2 0.484856 0.553433 0.007212 0.005829
2 0.480529 0.603303 0.006250 0.007124
2 0.455048 0.610751 0.004327 0.006477
2 0.470673 0.616904 0.005769 0.005829
2 0.442548 0.626943 0.006250 0.006477
2 0.378846 0.558290 0.005769 0.009067
2 0.353125 0.574482 0.006250 0.006477
2 0.360577 0.590350 0.006731 0.005829
2 0.376683 0.614313 0.005288 0.005829
2 0.362500 0.633096 0.006731 0.005829
2 0.240865 0.580635 0.008654 0.004534
2 0.238942 0.589702 0.005769 0.005829
2 0.253606 0.614637 0.007212 0.007772
2 0.267067 0.591645 0.005288 0.005829
2 0.241346 0.601684 0.003846 0.006477
2 0.175240 0.584845 0.005288 0.006477
2 0.157452 0.567034 0.005288 0.005829
2 0.118269 0.566062 0.004808 0.005181
2 0.133654 0.594883 0.004808 0.005829
2 0.112981 0.611723 0.003846 0.005829
2 0.032692 0.583549 0.004808 0.006477
2 0.056490 0.564443 0.004327 0.005829
2 0.046875 0.619171 0.006250 0.007772
2 0.021635 0.605570 0.006731 0.007772
2 0.038221 0.611723 0.005288 0.007124
2 0.009615 0.622085 0.004808 0.007124
2 0.004808 0.593588 0.003846 0.007124
2 0.112019 0.424870 0.004808 0.006477
2 0.106010 0.456930 0.007212 0.008420
2 0.067548 0.460168 0.004327 0.005829
2 0.935337 0.779793 0.009135 0.009067
2 0.752644 0.758420 0.006250 0.006477
2 0.735577 0.756153 0.006731 0.005829
2 0.733173 0.765868 0.005769 0.008420
2 0.938221 0.709197 0.005288 0.007772
2 0.735817 0.714054 0.005288 0.007124
2 0.560577 0.723122 0.005769 0.005829
2 0.568510 0.787889 0.005288 0.007124
2 0.538462 0.785298 0.005769 0.007124
2 0.493269 0.705311 0.005769 0.005181
2 0.354567 0.754210 0.007212 0.007124
2 0.330048 0.757448 0.004327 0.005829
2 0.340144 0.720531 0.005288 0.007124
2 0.358413 0.740933 0.003365 0.003886
2 0.366827 0.785622 0.004808 0.006477
2 0.263702 0.777526 0.004327 0.007124
2 0.268990 0.750648 0.005288 0.007772
2 0.151202 0.770402 0.006250 0.007124
2 0.142788 0.761010 0.004808 0.006477
2 0.155048 0.780117 0.004327 0.005829
2 0.034135 0.752915 0.006731 0.007124
2 0.077404 0.861723 0.005769 0.008420
2 0.335096 0.879210 0.006731 0.007124
2 0.507692 0.918394 0.004808 0.009067
2 0.507933 0.756801 0.004327 0.007124
2 0.729567 0.931347 0.004327 0.006477
2 0.736538 0.907707 0.006731 0.008420
2 0.666587 0.731865 0.006250 0.006477
2 0.865144 0.749028 0.006250 0.005829
