2 0.987500 0.061528 0.007692 0.009067
2 0.923558 0.088731 0.008654 0.009067
2 0.929327 0.039832 0.006731 0.009715
2 0.894712 0.025907 0.008654 0.009067
2 0.920913 0.021697 0.007212 0.007124
2 0.826442 0.046308 0.007692 0.012306
2 0.823798 0.018135 0.006250 0.009067
2 0.799519 0.055376 0.005769 0.004534
2 0.713221 0.027850 0.004327 0.006477
2 0.706490 0.037565 0.004327 0.007772
2 0.713462 0.035946 0.004808 0.005829
2 0.713221 0.046308 0.007212 0.008420
2 0.700962 0.052461 0.006731 0.007772
2 0.693750 0.074158 0.004808 0.008420
2 0.726442 0.066386 0.003846 0.007124
2 0.599519 0.029145 0.006731 0.010363
2 0.575962 0.043394 0.005769 0.007772
2 0.593990 0.049547 0.006250 0.007124
2 0.565865 0.044689 0.004808 0.009067
2 0.572596 0.089054 0.006731 0.009715
2 0.475962 0.056347 0.007692 0.007772
2 0.469952 0.067034 0.004327 0.007124
2 0.483894 0.071244 0.008173 0.007772
2 0.474279 0.081282 0.007212 0.008420
2 0.506010 0.090026 0.007212 0.006477
2 0.522115 0.059262 0.004808 0.007124
2 0.413942 0.058938 0.010577 0.010363
2 0.398558 0.059262 0.007692 0.007124
2 0.376202 0.088083 0.008173 0.007772
2 0.368269 0.059909 0.005769 0.008420
2 0.300721 0.019106 0.006250 0.009715
2 0.312981 0.055052 0.007692 0.007772
2 0.299279 0.058938 0.004327 0.006477
2 0.284615 0.048575 0.003846 0.006477
2 0.284615 0.076101 0.004808 0.008420
2 0.274038 0.079339 0.004808 0.008420
2 0.319952 0.098769 0.006250 0.005829
2 0.307933 0.100712 0.005288 0.004534
2 0.183894 0.037565 0.009135 0.009067
2 0.181250 0.089054 0.006731 0.007124
2 0.228365 0.098769 0.006731 0.005829
2 0.044712 0.054728 0.005769 0.008420
2 0.053606 0.174547 0.006250 0.008420
2 0.040144 0.281736 0.007212 0.006477
2 0.053125 0.223769 0.004327 0.008420
2 0.930288 0.340674 0.007692 0.010363
2 0.902404 0.378562 0.006731 0.009715
2 0.923317 0.372085 0.006250 0.008420
2 0.890385 0.361399 0.006731 0.007772
2 0.888702 0.392487 0.009135 0.007772
2 0.970913 0.446567 0.009135 0.009715
2 0.959856 0.478951 0.006250 0.007124
2 0.957212 0.487370 0.006731 0.007124
2 0.965385 0.491904 0.004808 0.008420
2 0.992308 0.471826 0.004808 0.005829
2 0.989904 0.480246 0.005769 0.005829
2 0.986779 0.545661 0.007212 0.009715
2 0.975240 0.567034 0.005288 0.008420
2 0.964423 0.581282 0.006731 0.009715
2 0.948317 0.575777 0.007212 0.009067
2 0.940865 0.558614 0.007692 0.011010
2 0.996154 0.580959 0.006731 0.012953
2 0.878846 0.653821 0.006731 0.011010
2 0.892308 0.708549 0.009615 0.011658
2 0.784375 0.423899 0.007212 0.011010
2 0.770913 0.383420 0.007212 0.009067
2 0.793510 0.355246 0.007212 0.011010
2 0.748317 0.353627 0.009135 0.007772
2 0.766106 0.345531 0.004327 0.007124
2 0.779087 0.352655 0.006250 0.005829
2 0.742308 0.347474 0.006731 0.007124
2 0.749519 0.383420 0.005769 0.006477
2 0.744231 0.427785 0.007692 0.011010
2 0.660577 0.358161 0.004808 0.007772
2 0.595433 0.349417 0.006250 0.007124
2 0.555769 0.359780 0.011538 0.007124
2 0.483173 0.397992 0.005769 0.011010
2 0.796394 0.638277 0.004327 0.007124
2 0.769952 0.597150 0.005288 0.006477
2 0.738462 0.594883 0.005769 0.005829
2 0.800721 0.676166 0.005288 0.009067
2 0.789663 0.651231 0.004327 0.009715
2 0.787019 0.704987 0.007692 0.008420
2 0.794231 0.688472 0.004808 0.006477
2 0.767788 0.694301 0.007692 0.009067
2 0.725240 0.684909 0.012981 0.009715
2 0.482933 0.571891 0.004327 0.005181
2 0.481490 0.506153 0.005288 0.005829
2 0.518990 0.708549 0.008173 0.007772
2 0.731250 0.610427 0.003846 0.005829
2 0.664423 0.709845 0.007692 0.006477
2 0.701683 0.549870 0.006250 0.009067
2 0.687740 0.520402 0.006250 0.009715
2 0.681731 0.580959 0.004808 0.007772
2 0.639183 0.582254 0.011058 0.011658
2 0.612260 0.580959 0.008173 0.006477
2 0.615625 0.520402 0.009135 0.011010
2 0.637500 0.459521 0.005769 0.008420
2 0.554327 0.457578 0.004808 0.005829
2 0.591346 0.487694 0.008654 0.006477
2 0.592308 0.518782 0.006731 0.007772
2 0.575962 0.538860 0.006731 0.010363
2 0.560096 0.543394 0.005769 0.006477
2 0.578125 0.503562 0.004327 0.005829
2 0.547837 0.507772 0.006250 0.006477
2 0.543269 0.533355 0.005769 0.008420
2 0.542308 0.571891 0.004808 0.006477
2 0.540625 0.585492 0.007212 0.009067
2 0.567548 0.603303 0.008173 0.009715
2 0.580529 0.626943 0.007212 0.009067
2 0.641106 0.473446 0.006250 0.006477
2 0.661058 0.508420 0.008654 0.010363
2 0.660096 0.523316 0.007692 0.009067
2 0.683173 0.494819 0.006731 0.006477
2 0.650481 0.450777 0.007692 0.009067
2 0.633894 0.432319 0.005288 0.005829
2 0.602404 0.462435 0.009615 0.006477
2 0.583173 0.445272 0.005769 0.009715
2 0.565385 0.475065 0.007692 0.008420
2 0.618750 0.507772 0.005769 0.006477
2 0.534135 0.389573 0.006731 0.008420
2 0.513221 0.407383 0.006250 0.007772
2 0.403846 0.373381 0.006731 0.008420
2 0.383894 0.415803 0.006250 0.005181
2 0.395913 0.446567 0.006250 0.009715
2 0.319231 0.373705 0.010577 0.011658
2 0.130288 0.392811 0.008654 0.011010
2 0.115385 0.367876 0.008654 0.009067
2 0.033654 0.663860 0.014423 0.014249
2 0.016346 0.589378 0.010577 0.014249
2 0.256731 0.408031 0.007692 0.009067
2 0.153365 0.470855 0.009615 0.011658
2 0.207933 0.548251 0.006250 0.009715
2 0.209135 0.521697 0.007692 0.011010
2 0.239423 0.511658 0.008654 0.009067
2 0.223558 0.457578 0.007692 0.009715
2 0.247837 0.439119 0.007212 0.007772
2 0.264904 0.423251 0.006731 0.008420
2 0.265625 0.487370 0.006250 0.007124
2 0.250962 0.467293 0.005769 0.005829
2 0.259856 0.512953 0.006250 0.006477
2 0.310337 0.512630 0.006250 0.009715
2 0.291106 0.502915 0.008173 0.009715
2 0.281250 0.534974 0.006731 0.009067
2 0.190625 0.518135 0.006250 0.009067
2 0.202163 0.499352 0.008173 0.007772
2 0.225962 0.509067 0.005769 0.006477
2 0.277644 0.599741 0.008173 0.009067
2 0.238462 0.614961 0.009615 0.011010
2 0.235577 0.602332 0.007692 0.009067
2 0.230529 0.583225 0.008173 0.009715
2 0.239904 0.583873 0.005769 0.007124
2 0.250721 0.571567 0.006250 0.008420
2 0.260817 0.566062 0.008173 0.009067
2 0.214183 0.581930 0.005288 0.005829
2 0.168990 0.617876 0.011058 0.009067
2 0.169712 0.595531 0.008654 0.011010
2 0.199279 0.594883 0.007212 0.009715
2 0.312260 0.602332 0.005288 0.007772
2 0.220673 0.545984 0.007692 0.010363
2 0.170913 0.567034 0.007212 0.008420
2 0.101202 0.638277 0.005288 0.008420
2 0.402404 0.639573 0.007692 0.009715
2 0.412500 0.696567 0.005769 0.008420
2 0.391346 0.695920 0.005769 0.007124
2 0.379087 0.646373 0.006250 0.010363
2 0.396635 0.657707 0.006731 0.008420
2 0.368269 0.665155 0.007692 0.007772
2 0.346394 0.647021 0.008173 0.005181
2 0.350240 0.654793 0.009135 0.007772
2 0.338942 0.662241 0.007692 0.007124
2 0.299279 0.683290 0.009135 0.009067
2 0.307452 0.698510 0.009135 0.007124
2 0.353846 0.611723 0.005769 0.005829
2 0.362260 0.591645 0.004327 0.007124
2 0.384856 0.705959 0.007212 0.007772
2 0.159375 0.704339 0.010096 0.011010
2 0.212500 0.644106 0.005769 0.008420
2 0.299760 0.582578 0.005288 0.004534
2 0.225481 0.569624 0.006731 0.007124
2 0.204808 0.465674 0.008654 0.010363
2 0.353606 0.438148 0.006250 0.008420
2 0.369471 0.455311 0.007212 0.007772
2 0.351202 0.460168 0.007212 0.008420
2 0.961779 0.904793 0.005288 0.007772
2 0.947356 0.908355 0.006250 0.009715
2 0.990625 0.955635 0.005288 0.008420
2 0.935337 0.985751 0.006250 0.009067
2 0.860096 0.909003 0.012500 0.008420
2 0.845433 0.943977 0.006250 0.009715
2 0.837500 0.951101 0.006731 0.012306
2 0.839183 0.983484 0.006250 0.008420
2 0.857212 0.959197 0.006731 0.010363
2 0.878365 0.915803 0.004808 0.007772
2 0.863462 0.971503 0.008654 0.009067
2 0.875240 0.970855 0.004327 0.007772
2 0.789663 0.913536 0.007212 0.009715
2 0.807933 0.975712 0.005288 0.008420
2 0.746394 0.911593 0.006250 0.008420
2 0.711298 0.920013 0.006250 0.008420
2 0.719471 0.931671 0.008173 0.007124
2 0.737260 0.927785 0.006250 0.011010
2 0.745913 0.923575 0.005288 0.006477
2 0.639663 0.907383 0.008173 0.007772
2 0.598558 0.940415 0.008654 0.007772
2 0.557452 0.920337 0.010096 0.011658
2 0.530529 0.984780 0.010096 0.008420
2 0.550000 0.991904 0.009615 0.008420
2 0.403846 0.784003 0.006731 0.007124
2 0.464423 0.952396 0.007692 0.012306
2 0.466346 0.973122 0.008654 0.009715
2 0.407212 0.938148 0.009615 0.013601
2 0.433413 0.953368 0.009135 0.010363
2 0.437740 0.924547 0.005288 0.007124
2 0.446875 0.921308 0.006250 0.008420
2 0.447596 0.985427 0.009615 0.011010
2 0.422837 0.964054 0.006250 0.008420
2 0.332933 0.940415 0.006250 0.007772
2 0.315865 0.939443 0.006731 0.005829
2 0.280529 0.909974 0.005288 0.006477
2 0.303365 0.942681 0.005769 0.007124
2 0.313462 0.948187 0.005769 0.007772
2 0.176683 0.941710 0.009135 0.011658
2 0.160817 0.921308 0.012019 0.008420
2 0.184135 0.926813 0.011538 0.012953
2 0.200962 0.952396 0.006731 0.009715
2 0.164183 0.981541 0.010096 0.009715
2 0.134615 0.974741 0.007692 0.007772
2 0.108173 0.969236 0.006731 0.008420
2 0.250962 0.907383 0.006731 0.007772
2 0.238462 0.912889 0.007692 0.008420
2 0.003846 0.247085 0.006731 0.012306
