2 0.985337 0.133096 0.008173 0.009715
2 0.885817 0.130181 0.006250 0.010363
2 0.674760 0.146049 0.005288 0.007124
2 0.656250 0.125648 0.006731 0.007772
2 0.677644 0.127267 0.008173 0.007124
2 0.856971 0.115609 0.005288 0.008420
2 0.942308 0.160622 0.008654 0.009067
2 0.796635 0.123705 0.005769 0.006477
2 0.593029 0.126619 0.005288 0.007124
2 0.353365 0.125648 0.006731 0.007772
2 0.356971 0.146049 0.010096 0.009715
2 0.236058 0.096826 0.005769 0.008420
2 0.153606 0.142163 0.009135 0.008420
2 0.180529 0.113666 0.006250 0.008420
2 0.059615 0.136658 0.010577 0.007772
2 0.044231 0.119819 0.006731 0.010363
2 0.869231 0.264896 0.005769 0.007772
2 0.769231 0.247409 0.004808 0.009067
2 0.490144 0.277850 0.007212 0.006477
2 0.356490 0.313795 0.007212 0.008420
2 0.971394 0.577073 0.008173 0.009067
2 0.990385 0.570596 0.004808 0.006477
2 0.981250 0.608808 0.006731 0.007772
2 0.959615 0.608808 0.007692 0.007772
2 0.881010 0.567358 0.006250 0.007772
2 0.998317 0.583225 0.003365 0.007124
2 0.780288 0.576101 0.007692 0.007124
2 0.802644 0.564767 0.005288 0.007772
2 0.768510 0.558614 0.007212 0.007124
2 0.762981 0.588083 0.006731 0.009067
2 0.748558 0.581282 0.008654 0.011010
2 0.795913 0.583873 0.007212 0.008420
2 0.784135 0.600389 0.007692 0.011658
2 0.692308 0.585816 0.004808 0.007124
2 0.670192 0.615933 0.006731 0.007772
2 0.675481 0.546308 0.006731 0.009715
2 0.573317 0.593912 0.005288 0.006477
2 0.591827 0.561528 0.005769 0.005181
2 0.469231 0.579339 0.007692 0.008420
2 0.364663 0.585168 0.007212 0.005829
2 0.374760 0.609456 0.006250 0.005181
2 0.181731 0.560881 0.004808 0.005181
2 0.167788 0.588407 0.007692 0.009715
2 0.186298 0.605570 0.006250 0.007772
2 0.179808 0.579663 0.004808 0.006477
2 0.959135 0.741256 0.006731 0.007124
2 0.874038 0.699482 0.004808 0.009067
2 0.871394 0.731865 0.006250 0.009067
2 0.944471 0.728627 0.006250 0.009067
2 0.947115 0.762306 0.004808 0.009067
2 0.963221 0.770402 0.004327 0.005829
2 0.765385 0.726360 0.004808 0.005829
2 0.780288 0.757448 0.005769 0.008420
2 0.582452 0.733161 0.007212 0.006477
2 0.570433 0.712111 0.006250 0.007124
2 0.552644 0.736075 0.005288 0.005829
2 0.556250 0.748057 0.005769 0.009067
2 0.350000 0.743199 0.005769 0.007124
2 0.260817 0.748381 0.005288 0.007124
2 0.153606 0.752915 0.004327 0.007124
2 0.046875 0.738342 0.007212 0.010363
2 0.540865 0.862370 0.003846 0.004534
2 0.284135 0.739313 0.004808 0.005829
2 0.281010 0.588731 0.005288 0.005181
2 0.698317 0.274611 0.005288 0.006477
