0 0.932692 0.741256 0.008654 0.012306
0 0.940385 0.468264 0.009615 0.009067
0 0.923317 0.773964 0.012981 0.012953
0 0.936779 0.819301 0.014904 0.018135
0 0.982212 0.729275 0.007692 0.012953
0 0.987981 0.774288 0.007692 0.016192
0 0.712260 0.703368 0.006250 0.011658
0 0.811058 0.758096 0.009615 0.012306
0 0.808894 0.720531 0.005288 0.007124
0 0.845433 0.716321 0.009135 0.011658
0 0.836538 0.807966 0.008654 0.009715
0 0.672356 0.600712 0.009135 0.013601
0 0.622356 0.555376 0.007212 0.007124
0 0.615385 0.595855 0.011538 0.009067
0 0.632692 0.660946 0.011538 0.013601
0 0.612981 0.636658 0.008654 0.007772
0 0.701442 0.646697 0.010577 0.008420
0 0.677163 0.644430 0.009135 0.009067
0 0.675240 0.675194 0.008173 0.011010
0 0.664183 0.718912 0.008173 0.009067
0 0.793990 0.525907 0.008173 0.009067
0 0.784135 0.420984 0.008654 0.007772
0 0.761058 0.495790 0.004808 0.009715
0 0.795673 0.502267 0.011538 0.005829
0 0.601442 0.438148 0.011538 0.008420
0 0.556010 0.469560 0.013942 0.011658
