2 0.095192 0.261334 0.010577 0.013601
2 0.051202 0.296632 0.009135 0.011658
2 0.045192 0.316386 0.009615 0.011010
2 0.144712 0.303109 0.008654 0.014249
2 0.175000 0.290803 0.009615 0.009067
2 0.129808 0.330311 0.008654 0.011658
2 0.088942 0.356865 0.006731 0.009067
2 0.129327 0.356541 0.012500 0.013601
2 0.171635 0.331930 0.011538 0.009715
2 0.165144 0.341645 0.007212 0.009715
2 0.229327 0.373705 0.016346 0.015544
2 0.128606 0.386010 0.007212 0.009067
2 0.112981 0.381477 0.005769 0.010363
2 0.124760 0.424223 0.008173 0.014249
2 0.170913 0.400583 0.005288 0.011010
2 0.180529 0.408031 0.007212 0.015544
2 0.169471 0.426166 0.010096 0.011658
2 0.154808 0.423251 0.006731 0.008420
2 0.226923 0.445272 0.009615 0.011010
2 0.342067 0.291127 0.010096 0.009715
2 0.291587 0.304080 0.011058 0.012306
2 0.338702 0.335816 0.008173 0.012306
2 0.338942 0.472474 0.008654 0.014896
2 0.316346 0.539832 0.010577 0.012306
2 0.279327 0.565415 0.009615 0.012953
2 0.249279 0.554080 0.008173 0.011010
2 0.102404 0.475389 0.006731 0.010363
2 0.056250 0.479275 0.005769 0.009067
2 0.054327 0.552137 0.006731 0.009715
2 0.194231 0.463407 0.007692 0.009715
2 0.318269 0.227979 0.010577 0.010363
2 0.366587 0.055699 0.011058 0.010363
2 0.206971 0.057642 0.007212 0.009067
2 0.443510 0.239313 0.012019 0.016192
2 0.522115 0.332578 0.014423 0.012306
2 0.498077 0.332902 0.007692 0.016839
2 0.482212 0.322215 0.006731 0.007124
2 0.423317 0.261658 0.010096 0.015544
2 0.656731 0.262953 0.013462 0.011658
2 0.727644 0.222150 0.011058 0.015544
2 0.492308 0.385687 0.009615 0.009715
2 0.457212 0.400907 0.005769 0.006477
2 0.510577 0.393459 0.008654 0.009715
2 0.528365 0.377267 0.006731 0.013601
2 0.537500 0.360751 0.007692 0.007772
2 0.556971 0.348446 0.008173 0.011658
2 0.556010 0.328368 0.008173 0.011658
2 0.567308 0.315091 0.008654 0.009715
2 0.591587 0.345531 0.011058 0.017487
2 0.538221 0.424547 0.008173 0.011010
2 0.563462 0.458873 0.010577 0.009715
2 0.556250 0.483161 0.011538 0.012953
2 0.593750 0.377915 0.007692 0.012306
2 0.602644 0.407707 0.006250 0.009715
2 0.652644 0.364313 0.007212 0.011010
2 0.623317 0.437824 0.007212 0.009067
2 0.619712 0.452720 0.005769 0.009067
2 0.634375 0.457254 0.004327 0.006477
2 0.635577 0.559909 0.005769 0.011010
2 0.424519 0.555699 0.008654 0.020725
2 0.447356 0.579339 0.014904 0.017487
2 0.708413 0.292098 0.009135 0.010363
2 0.736058 0.330959 0.006731 0.010363
2 0.525481 0.479598 0.006731 0.009715
2 0.526442 0.447863 0.007692 0.007124
2 0.468990 0.427137 0.007212 0.007124
2 0.446154 0.510039 0.006731 0.009715
2 0.448798 0.529469 0.005288 0.007124
2 0.450721 0.550194 0.009135 0.011010
2 0.470913 0.537889 0.008173 0.009715
2 0.599760 0.574158 0.008173 0.005829
2 0.616827 0.584521 0.006731 0.007124
2 0.627885 0.576425 0.006731 0.009067
2 0.686779 0.551813 0.009135 0.009067
2 0.731490 0.466969 0.009135 0.011658
2 0.701683 0.340350 0.012981 0.011010
2 0.726202 0.285946 0.006250 0.007124
2 0.737260 0.301166 0.006250 0.009067
2 0.753125 0.285622 0.005288 0.009067
2 0.671635 0.289184 0.011538 0.009715
2 0.740865 0.534326 0.006731 0.011658
2 0.669712 0.577720 0.008654 0.006477
2 0.723798 0.587111 0.008173 0.007124
2 0.752885 0.556023 0.005769 0.011010
2 0.749519 0.530764 0.005769 0.012306
2 0.825962 0.514573 0.009615 0.017487
2 0.848558 0.576101 0.013462 0.018782
2 0.807692 0.583873 0.007692 0.011010
2 0.187500 0.500000 0.008654 0.012953
2 0.137260 0.491580 0.008173 0.012953
2 0.175240 0.452720 0.006250 0.007772
2 0.341106 0.573834 0.010096 0.010363
2 0.312981 0.566710 0.006731 0.006477
2 0.295192 0.573187 0.005769 0.007772
2 0.043750 0.576425 0.010577 0.012953
2 0.812260 0.249676 0.010096 0.012306
2 0.843750 0.252915 0.008654 0.014896
2 0.879567 0.318005 0.005288 0.011658
2 0.921635 0.354922 0.010577 0.016839
2 0.898558 0.363666 0.011538 0.018782
2 0.986298 0.363666 0.012981 0.014896
2 0.963942 0.389249 0.009615 0.014249
2 0.956971 0.401231 0.007212 0.012306
2 0.960096 0.420984 0.013462 0.014249
2 0.943990 0.440738 0.008173 0.012306
2 0.984856 0.465026 0.009135 0.014249
2 0.958413 0.449158 0.006250 0.011010
2 0.879327 0.480246 0.009615 0.012306
2 0.909135 0.480894 0.008654 0.011010
2 0.930048 0.586140 0.010096 0.010363
2 0.895673 0.590026 0.008654 0.011658
2 0.898798 0.799547 0.009135 0.011010
2 0.967308 0.796632 0.006731 0.010363
2 0.978365 0.802137 0.007692 0.013601
2 0.877404 0.862047 0.004808 0.009067
2 0.893990 0.905117 0.009135 0.008420
2 0.908173 0.892811 0.005769 0.009715
2 0.956971 0.924223 0.008173 0.011658
2 0.946154 0.971179 0.006731 0.011010
2 0.990865 0.935881 0.007692 0.012953
2 0.979567 0.943653 0.008173 0.007772
2 0.982692 0.982189 0.009615 0.012306
2 0.802644 0.785946 0.011058 0.011010
2 0.782933 0.794365 0.011058 0.007124
2 0.811538 0.856541 0.006731 0.013601
2 0.824279 0.880505 0.008173 0.014896
2 0.767548 0.856218 0.012019 0.015544
2 0.767308 0.881801 0.006731 0.011010
2 0.800962 0.907060 0.005769 0.008420
2 0.834856 0.900907 0.006250 0.007772
2 0.750481 0.928756 0.006731 0.011658
2 0.684375 0.812824 0.012019 0.018135
2 0.728125 0.789508 0.008173 0.009067
2 0.662981 0.793394 0.006731 0.011658
2 0.601202 0.789184 0.007212 0.011010
2 0.574519 0.793718 0.011538 0.011010
2 0.557933 0.777526 0.006250 0.005829
2 0.547837 0.819624 0.010096 0.007124
2 0.501923 0.849093 0.008654 0.007772
2 0.464904 0.813472 0.004808 0.006477
2 0.485577 0.845207 0.007692 0.009067
2 0.462019 0.894430 0.008654 0.012953
2 0.469952 0.922604 0.006250 0.011010
2 0.471394 0.947539 0.007212 0.007772
2 0.575721 0.957902 0.010096 0.010363
2 0.575481 0.975712 0.009615 0.009715
2 0.612981 0.989313 0.007692 0.009715
2 0.685096 0.939767 0.009615 0.011658
2 0.701202 0.985751 0.008173 0.009067
2 0.764663 0.922280 0.012019 0.010363
2 0.753606 0.887630 0.007212 0.008420
2 0.793269 0.934585 0.010577 0.007772
2 0.379567 0.880181 0.011058 0.011658
2 0.340865 0.916451 0.010577 0.011658
2 0.323317 0.929080 0.006250 0.007124
2 0.343750 0.952720 0.008654 0.012953
2 0.371875 0.920984 0.010096 0.010363
2 0.376683 0.935881 0.008173 0.007772
2 0.370673 0.842940 0.011538 0.011010
2 0.351442 0.892811 0.007692 0.009715
2 0.327404 0.881477 0.008654 0.009067
2 0.345192 0.823510 0.007692 0.008420
2 0.372356 0.807966 0.018750 0.018782
2 0.311538 0.829663 0.007692 0.010363
2 0.320673 0.832578 0.005769 0.009715
2 0.299760 0.785622 0.012019 0.010363
2 0.219952 0.776231 0.012019 0.012306
2 0.200962 0.771697 0.009615 0.012306
2 0.223558 0.802137 0.009615 0.011010
2 0.162260 0.800518 0.012019 0.014249
2 0.187740 0.804080 0.007212 0.012306
2 0.201442 0.821244 0.011538 0.010363
2 0.074279 0.810881 0.014904 0.010363
2 0.058173 0.825777 0.008654 0.009067
2 0.039904 0.822863 0.010577 0.009715
2 0.148077 0.778821 0.008654 0.008420
2 0.111298 0.827720 0.011058 0.011658
2 0.081490 0.846826 0.009135 0.011010
2 0.072115 0.858808 0.010577 0.012953
2 0.036058 0.938472 0.009615 0.011658
2 0.038942 0.982513 0.007692 0.014249
2 0.129808 0.964378 0.009615 0.011658
2 0.096394 0.973769 0.008173 0.009715
2 0.114423 0.991256 0.013462 0.011010
2 0.204567 0.938472 0.009135 0.014249
2 0.219471 0.987047 0.014904 0.015544
2 0.239183 0.967293 0.008173 0.014896
2 0.252644 0.962759 0.009135 0.013601
