2 0.986538 0.006477 0.004808 0.007772
2 0.980529 0.009715 0.003365 0.006477
2 0.962019 0.012953 0.007692 0.007772
2 0.948317 0.036593 0.004327 0.005829
2 0.948558 0.013925 0.004808 0.005829
2 0.878606 0.011010 0.007212 0.006477
2 0.876442 0.032383 0.005769 0.009067
2 0.848077 0.025583 0.006731 0.008420
2 0.835337 0.009715 0.008173 0.010363
2 0.816587 0.013925 0.007212 0.008420
2 0.806731 0.003886 0.007692 0.006477
2 0.794231 0.016516 0.005769 0.007124
2 0.784615 0.004210 0.008654 0.007124
2 0.761298 0.014573 0.007212 0.007124
2 0.713221 0.023316 0.008173 0.009067
2 0.728846 0.033355 0.008654 0.007124
2 0.687260 0.036917 0.006250 0.006477
2 0.659135 0.032707 0.005769 0.007124
2 0.640144 0.035946 0.005288 0.007124
2 0.650962 0.040479 0.004808 0.007124
2 0.673798 0.059262 0.008173 0.009715
2 0.596875 0.049547 0.009135 0.009715
2 0.633654 0.106218 0.007692 0.007772
2 0.560817 0.009391 0.008173 0.005829
2 0.581731 0.015868 0.009615 0.009715
2 0.553125 0.022668 0.004327 0.006477
2 0.545192 0.013277 0.006731 0.008420
2 0.606731 0.033031 0.009615 0.010363
2 0.670192 0.018459 0.003846 0.005829
2 0.470673 0.024935 0.005769 0.007124
2 0.479808 0.006153 0.004808 0.005829
2 0.404327 0.018135 0.007692 0.006477
2 0.419231 0.035946 0.006731 0.007124
2 0.447596 0.021373 0.004808 0.007772
2 0.319231 0.007772 0.007692 0.010363
2 0.323317 0.055699 0.005288 0.007772
2 0.365385 0.047280 0.003846 0.006477
2 0.371635 0.030764 0.004808 0.004534
2 0.383654 0.030117 0.005769 0.005829
2 0.369712 0.002915 0.005769 0.004534
2 0.386058 0.004858 0.006731 0.007124
2 0.353846 0.005181 0.005769 0.005181
2 0.474760 0.006153 0.003365 0.005829
2 0.132692 0.016516 0.006731 0.007124
2 0.146394 0.004534 0.007212 0.007772
2 0.143750 0.039184 0.005769 0.007124
2 0.156971 0.042746 0.006250 0.006477
2 0.171394 0.045013 0.008173 0.007124
2 0.256250 0.024288 0.008654 0.007124
2 0.241587 0.021049 0.008173 0.005829
2 0.209375 0.022345 0.006250 0.008420
2 0.193750 0.043394 0.006731 0.006477
2 0.220433 0.055052 0.004327 0.005181
2 0.272596 0.062500 0.005769 0.005829
2 0.266346 0.067358 0.003846 0.006477
2 0.246635 0.067681 0.004808 0.004534
2 0.267308 0.038536 0.006731 0.005829
2 0.311058 0.063795 0.005769 0.008420
2 0.231731 0.058938 0.004808 0.009067
2 0.905769 0.266839 0.007692 0.009067
2 0.917308 0.305376 0.007692 0.016192
2 0.982212 0.314443 0.007692 0.008420
2 0.929567 0.354598 0.011058 0.014896
2 0.896394 0.455635 0.005288 0.012306
2 0.903846 0.476360 0.006731 0.012306
2 0.907933 0.499028 0.006250 0.008420
2 0.921154 0.521697 0.010577 0.011010
2 0.966587 0.407707 0.005288 0.008420
2 0.980048 0.389249 0.006250 0.011658
2 0.979567 0.408679 0.007212 0.009067
2 0.978606 0.426166 0.005288 0.007772
2 0.961058 0.445272 0.006731 0.011010
2 0.944231 0.443329 0.005769 0.008420
2 0.948558 0.461140 0.009615 0.010363
2 0.962500 0.499676 0.007692 0.016192
2 0.984135 0.511982 0.007692 0.012306
2 0.989183 0.481218 0.006250 0.009067
2 0.994231 0.507448 0.005769 0.008420
2 0.974519 0.544365 0.005769 0.008420
2 0.987260 0.590997 0.008173 0.014896
2 0.938942 0.612370 0.012500 0.013601
2 0.922596 0.423251 0.005769 0.008420
2 0.787981 0.344560 0.009615 0.011658
2 0.814904 0.367552 0.008654 0.008420
2 0.824519 0.270402 0.006731 0.008420
2 0.760096 0.306995 0.005769 0.006477
2 0.810096 0.339054 0.004808 0.009715
2 0.794231 0.379210 0.007692 0.009715
2 0.761779 0.365933 0.007212 0.009067
2 0.767308 0.355894 0.008654 0.012306
2 0.743750 0.323834 0.005769 0.007772
2 0.743269 0.312176 0.004808 0.005181
2 0.731731 0.304404 0.004808 0.006477
2 0.737019 0.298251 0.007692 0.007124
2 0.779567 0.304080 0.009135 0.008420
2 0.771394 0.323510 0.004327 0.005829
2 0.503606 0.313148 0.008173 0.007124
2 0.494231 0.299223 0.005769 0.006477
2 0.493269 0.335168 0.004808 0.004534
2 0.492308 0.354598 0.007692 0.007124
2 0.509375 0.326749 0.007212 0.007124
2 0.502885 0.374352 0.006731 0.007772
2 0.717067 0.339054 0.004327 0.005829
2 0.740625 0.388601 0.005288 0.006477
2 0.750240 0.418394 0.005288 0.010363
2 0.526202 0.381153 0.004327 0.004534
2 0.535337 0.376943 0.004327 0.005181
2 0.519471 0.421308 0.004327 0.008420
2 0.531490 0.527202 0.004327 0.007772
2 0.544231 0.624676 0.006731 0.005829
2 0.523558 0.592293 0.005769 0.005829
2 0.673317 0.630181 0.005288 0.006477
2 0.718029 0.623381 0.005288 0.007124
2 0.742548 0.588083 0.005288 0.006477
2 0.745433 0.616580 0.004327 0.007772
2 0.753606 0.616256 0.004327 0.005829
2 0.768029 0.619495 0.005288 0.008420
2 0.766827 0.605246 0.003846 0.004534
2 0.786538 0.539184 0.006731 0.007124
2 0.826683 0.556023 0.004327 0.005829
2 0.818510 0.578368 0.005288 0.005181
2 0.816827 0.530117 0.004808 0.008420
2 0.821875 0.626295 0.005288 0.006477
2 0.781971 0.571244 0.005288 0.005181
2 0.820673 0.590674 0.003846 0.006477
2 0.805048 0.574158 0.004327 0.004534
2 0.806250 0.587435 0.004808 0.005181
2 0.749760 0.525259 0.006250 0.006477
2 0.756731 0.506801 0.007692 0.007124
2 0.756731 0.494171 0.008654 0.007772
2 0.691346 0.471826 0.006731 0.007124
2 0.695913 0.453692 0.004327 0.005829
2 0.702644 0.428433 0.005288 0.007124
2 0.611298 0.531088 0.009135 0.010363
2 0.615865 0.549870 0.006731 0.007772
2 0.638942 0.566062 0.004808 0.006477
2 0.640385 0.525583 0.004808 0.009715
2 0.653125 0.520402 0.004327 0.005829
2 0.659375 0.515220 0.004327 0.007124
2 0.661298 0.500000 0.006250 0.006477
2 0.667308 0.506477 0.005769 0.006477
2 0.685817 0.532383 0.004327 0.006477
2 0.591106 0.477332 0.006250 0.006477
2 0.571875 0.494171 0.008173 0.007772
2 0.584615 0.496438 0.008654 0.005829
2 0.582212 0.514896 0.005769 0.007772
2 0.570673 0.528174 0.005769 0.007124
2 0.648077 0.477332 0.004808 0.007772
2 0.618269 0.486075 0.005769 0.005829
2 0.624038 0.494819 0.003846 0.005181
2 0.626683 0.461464 0.004327 0.007124
2 0.628365 0.453692 0.006731 0.007124
2 0.613702 0.467940 0.005288 0.005829
2 0.551442 0.462111 0.005769 0.007124
2 0.554327 0.438148 0.004808 0.005829
2 0.545192 0.439443 0.007692 0.009715
2 0.581731 0.380505 0.005769 0.005829
2 0.613221 0.368199 0.006250 0.009715
2 0.591346 0.356865 0.005769 0.007772
2 0.639183 0.342293 0.005288 0.008420
2 0.669231 0.374028 0.006731 0.007124
2 0.675721 0.356218 0.005288 0.005181
2 0.630769 0.397992 0.005769 0.008420
2 0.630769 0.418718 0.005769 0.007124
2 0.641106 0.433614 0.005288 0.007124
2 0.631731 0.434585 0.004808 0.006477
2 0.624279 0.431671 0.004327 0.005829
2 0.673558 0.399611 0.004808 0.007772
2 0.660337 0.398316 0.004327 0.005181
2 0.671394 0.406736 0.006250 0.006477
2 0.686779 0.414508 0.005288 0.007772
2 0.656010 0.435233 0.004327 0.006477
2 0.647115 0.424870 0.004808 0.007772
2 0.653365 0.450777 0.005769 0.007772
2 0.650721 0.441386 0.004327 0.005829
2 0.675240 0.458873 0.006250 0.009715
2 0.687019 0.458225 0.003846 0.005829
2 0.650481 0.464054 0.005769 0.007124
2 0.586298 0.449482 0.005288 0.006477
2 0.587500 0.431347 0.007692 0.006477
2 0.571875 0.420984 0.007212 0.007772
2 0.590625 0.393782 0.007212 0.005181
2 0.578125 0.403174 0.006250 0.007124
2 0.604808 0.416127 0.005769 0.005829
2 0.606010 0.392163 0.006250 0.012306
2 0.634135 0.372409 0.007692 0.006477
2 0.623558 0.369495 0.004808 0.005829
2 0.630769 0.389249 0.004808 0.005181
2 0.669952 0.431023 0.008173 0.008420
2 0.640144 0.408679 0.005288 0.007772
2 0.617548 0.432319 0.004327 0.005829
2 0.617548 0.451101 0.005288 0.005829
2 0.575000 0.463083 0.005769 0.007772
2 0.633173 0.510039 0.006731 0.007124
2 0.623798 0.524288 0.006250 0.007124
2 0.686298 0.321567 0.008173 0.008420
2 0.682692 0.363666 0.005769 0.005829
2 0.410096 0.602332 0.010577 0.011658
2 0.442548 0.593264 0.006250 0.012953
2 0.439663 0.552785 0.005288 0.008420
2 0.413702 0.524935 0.006250 0.011010
2 0.365865 0.553109 0.005769 0.007772
2 0.399038 0.565415 0.007692 0.010363
2 0.362019 0.598122 0.010577 0.011010
2 0.378125 0.582902 0.006250 0.007772
2 0.388942 0.587759 0.007692 0.007124
2 0.366346 0.367552 0.006731 0.008420
2 0.342308 0.298899 0.008654 0.008420
2 0.378365 0.338407 0.006731 0.007124
2 0.389663 0.328044 0.008173 0.005829
2 0.387260 0.340674 0.005288 0.007772
2 0.401442 0.336788 0.004808 0.007772
2 0.412260 0.365285 0.004327 0.007772
2 0.420192 0.364313 0.004808 0.007124
2 0.419712 0.341645 0.006731 0.011010
2 0.410817 0.346826 0.003365 0.007124
2 0.425000 0.306347 0.006731 0.009067
2 0.442548 0.311852 0.007212 0.009715
2 0.176683 0.289184 0.009135 0.007124
2 0.301923 0.336788 0.006731 0.010363
2 0.268029 0.353303 0.008173 0.008420
2 0.258894 0.348122 0.004327 0.005829
2 0.128846 0.621114 0.008654 0.009067
2 0.151923 0.627915 0.007692 0.008420
2 0.263702 0.544041 0.008173 0.010363
2 0.292308 0.544041 0.008654 0.011658
2 0.169712 0.470531 0.006731 0.009715
2 0.185817 0.467940 0.009135 0.007124
2 0.181971 0.501619 0.006250 0.008420
2 0.197115 0.516839 0.008654 0.009067
2 0.188221 0.546632 0.006250 0.005181
2 0.227644 0.520078 0.007212 0.009067
2 0.209375 0.531736 0.004327 0.006477
2 0.216587 0.545337 0.004327 0.006477
2 0.223558 0.535946 0.005769 0.009715
2 0.234615 0.336788 0.004808 0.005181
2 0.213942 0.346179 0.006731 0.005829
2 0.211779 0.368847 0.005288 0.008420
2 0.226442 0.372733 0.008654 0.005829
2 0.233894 0.359780 0.005288 0.007124
2 0.252163 0.358161 0.006250 0.009067
2 0.193029 0.389249 0.004327 0.006477
2 0.168269 0.407707 0.008654 0.009715
2 0.197356 0.420013 0.005288 0.008420
2 0.180288 0.430376 0.009615 0.007124
2 0.160817 0.426166 0.007212 0.006477
2 0.165385 0.443329 0.005769 0.009715
2 0.337260 0.391839 0.006250 0.007772
2 0.310337 0.394430 0.006250 0.007772
2 0.290625 0.385363 0.008173 0.006477
2 0.273798 0.387630 0.004327 0.009715
2 0.262019 0.395402 0.006731 0.008420
2 0.242308 0.390220 0.005769 0.005829
2 0.245913 0.397021 0.006250 0.005181
2 0.224038 0.403497 0.005769 0.007772
2 0.245913 0.407060 0.008173 0.008420
2 0.224279 0.414832 0.004327 0.007124
2 0.227885 0.429728 0.005769 0.007124
2 0.241587 0.426490 0.006250 0.007124
2 0.245433 0.418394 0.005288 0.006477
2 0.270433 0.417746 0.007212 0.006477
2 0.282212 0.398964 0.004808 0.005181
2 0.293510 0.406412 0.007212 0.007124
2 0.298558 0.417746 0.006731 0.009067
2 0.296635 0.433614 0.005769 0.009715
2 0.274279 0.434262 0.006250 0.007124
2 0.223798 0.446244 0.005288 0.007772
2 0.233413 0.449158 0.006250 0.007124
2 0.201202 0.437176 0.007212 0.006477
2 0.190625 0.446244 0.005288 0.005181
2 0.197115 0.453368 0.006731 0.005181
2 0.323077 0.431023 0.005769 0.007124
2 0.318029 0.436852 0.004327 0.007124
2 0.314904 0.441386 0.003846 0.005829
2 0.310577 0.451749 0.007692 0.008420
2 0.311779 0.464054 0.004327 0.008420
2 0.306971 0.470855 0.004327 0.007772
2 0.295673 0.467293 0.005769 0.007124
2 0.286058 0.451749 0.006731 0.009715
2 0.263942 0.444301 0.003846 0.006477
2 0.251923 0.461464 0.005769 0.007124
2 0.259615 0.465026 0.004808 0.006477
2 0.270433 0.459521 0.005288 0.004534
2 0.276923 0.468264 0.005769 0.005181
2 0.283654 0.472474 0.006731 0.007124
2 0.210817 0.500648 0.007212 0.009067
2 0.217067 0.508744 0.007212 0.007124
2 0.243750 0.493523 0.006731 0.006477
2 0.263221 0.498705 0.006250 0.006477
2 0.271875 0.510363 0.004327 0.006477
2 0.259856 0.521373 0.005288 0.006477
2 0.283413 0.530440 0.007212 0.007772
2 0.282212 0.497085 0.004808 0.007124
2 0.322115 0.494495 0.005769 0.008420
2 0.317067 0.511334 0.004327 0.008420
2 0.964183 0.846179 0.010096 0.017487
2 0.960337 0.891516 0.004327 0.012306
2 0.981731 0.878238 0.007692 0.011658
2 0.976683 0.906736 0.006250 0.011658
2 0.900481 0.848122 0.008654 0.011010
2 0.876683 0.848446 0.009135 0.007772
2 0.866827 0.848122 0.005769 0.008420
2 0.819231 0.849417 0.008654 0.008420
2 0.822837 0.859132 0.009135 0.008420
2 0.741827 0.855246 0.009615 0.012306
2 0.730288 0.832254 0.006731 0.010363
2 0.764183 0.849417 0.011058 0.014896
2 0.767308 0.888277 0.005769 0.009715
2 0.797356 0.886982 0.008173 0.012306
2 0.809856 0.905440 0.007212 0.009067
2 0.791587 0.929080 0.007212 0.011010
2 0.853365 0.963407 0.007692 0.008420
2 0.856010 0.948834 0.007212 0.006477
2 0.831490 0.949482 0.006250 0.009067
2 0.839663 0.954987 0.005288 0.007124
2 0.836779 0.973122 0.006250 0.007124
2 0.824038 0.934909 0.004808 0.007124
2 0.831971 0.928756 0.008173 0.010363
2 0.850962 0.929080 0.005769 0.008420
2 0.864663 0.891516 0.007212 0.008420
2 0.850240 0.906412 0.006250 0.005829
2 0.837260 0.902526 0.005288 0.007124
2 0.825240 0.894106 0.008173 0.011010
2 0.849038 0.878238 0.007692 0.009067
2 0.895913 0.873057 0.008173 0.007772
2 0.887740 0.882772 0.004327 0.006477
2 0.887500 0.902526 0.006731 0.009715
2 0.900000 0.903497 0.008654 0.012953
2 0.885577 0.927137 0.005769 0.011010
2 0.874279 0.912565 0.004327 0.006477
2 0.875721 0.950130 0.009135 0.011658
2 0.819471 0.873057 0.006250 0.009067
2 0.650481 0.859456 0.006731 0.007772
2 0.602885 0.868523 0.008654 0.009067
2 0.569231 0.867228 0.010577 0.010363
2 0.548798 0.950453 0.006250 0.011010
2 0.555529 0.902850 0.009135 0.011658
2 0.564904 0.897992 0.004808 0.005829
2 0.546154 0.887306 0.007692 0.007772
2 0.609375 0.936528 0.008173 0.007772
2 0.591827 0.957902 0.005769 0.006477
2 0.594471 0.973769 0.006250 0.007124
2 0.674519 0.957902 0.006731 0.006477
2 0.665144 0.896373 0.005288 0.007772
2 0.650721 0.950453 0.009135 0.011010
2 0.661779 0.979598 0.005288 0.009715
2 0.675962 0.985427 0.006731 0.011010
2 0.634135 0.994171 0.006731 0.006477
2 0.626683 0.996114 0.006250 0.006477
2 0.648317 0.983808 0.006250 0.007772
2 0.664423 0.989961 0.006731 0.005829
2 0.734375 0.988018 0.007212 0.008420
2 0.704087 0.997409 0.005288 0.005181
2 0.770913 0.940091 0.009135 0.007124
2 0.782212 0.982189 0.006731 0.008420
2 0.654567 0.912241 0.009135 0.012306
2 0.642308 0.912241 0.005769 0.008420
2 0.632452 0.915155 0.006250 0.006477
2 0.630529 0.932966 0.005288 0.007124
2 0.702644 0.915155 0.006250 0.007772
2 0.691346 0.894106 0.008654 0.009715
2 0.812740 0.890220 0.004327 0.005829
2 0.591346 0.864637 0.006731 0.007772
2 0.159615 0.852008 0.008654 0.008420
2 0.132452 0.862370 0.006250 0.008420
2 0.120913 0.911269 0.011058 0.009067
2 0.126202 0.924223 0.007212 0.007772
2 0.147356 0.919365 0.006250 0.009715
2 0.158894 0.882124 0.008173 0.009067
2 0.172837 0.869171 0.006250 0.007772
2 0.207212 0.857189 0.007692 0.008420
2 0.216827 0.837111 0.008654 0.009715
2 0.288702 0.840674 0.006250 0.009067
2 0.311058 0.844560 0.012500 0.009067
2 0.304567 0.872085 0.007212 0.012306
2 0.340144 0.856541 0.004327 0.005829
2 0.339183 0.863990 0.004327 0.005181
2 0.350000 0.854275 0.004808 0.005181
2 0.355048 0.870466 0.003365 0.003886
2 0.371154 0.873057 0.004808 0.006477
2 0.318510 0.891516 0.005288 0.004534
2 0.369471 0.916127 0.008173 0.009715
2 0.417067 0.891192 0.006250 0.009067
2 0.467788 0.859780 0.008654 0.011010
2 0.437019 0.841645 0.008654 0.007124
2 0.432452 0.864637 0.008173 0.009067
2 0.388462 0.867876 0.006731 0.007772
2 0.404567 0.869819 0.009135 0.010363
2 0.375721 0.882772 0.009135 0.009067
2 0.471875 0.881801 0.008173 0.007124
2 0.441587 0.878238 0.008173 0.009067
2 0.429087 0.879210 0.008173 0.007124
2 0.463702 0.922280 0.005288 0.010363
2 0.454327 0.930052 0.004808 0.007772
2 0.464904 0.942681 0.005769 0.005829
2 0.472115 0.950130 0.004808 0.006477
2 0.465865 0.968912 0.006731 0.009067
2 0.462500 0.989313 0.008654 0.011010
2 0.448317 0.977332 0.006250 0.009067
2 0.441587 0.933938 0.006250 0.009067
2 0.440385 0.952720 0.009615 0.009067
2 0.419952 0.948834 0.007212 0.011658
2 0.420673 0.925518 0.005769 0.009067
2 0.412500 0.922927 0.005769 0.009067
2 0.433173 0.921956 0.008654 0.007124
2 0.397596 0.973122 0.004808 0.007124
2 0.396154 0.985104 0.007692 0.006477
2 0.385337 0.958549 0.004327 0.007772
2 0.468990 0.894430 0.005288 0.006477
2 0.404808 0.897992 0.009615 0.011010
2 0.250240 0.902850 0.007212 0.010363
2 0.257692 0.891839 0.006731 0.006477
2 0.317067 0.925194 0.011058 0.013601
2 0.331971 0.951425 0.006250 0.009067
2 0.362500 0.979598 0.005769 0.007124
2 0.218269 0.921632 0.007692 0.006477
2 0.214663 0.906736 0.006250 0.007772
2 0.202404 0.932966 0.006731 0.008420
2 0.186298 0.925518 0.006250 0.009067
2 0.162260 0.978627 0.006250 0.007772
2 0.150721 0.973122 0.006250 0.011010
2 0.180769 0.963083 0.005769 0.006477
2 0.213221 0.983484 0.008173 0.009715
2 0.273317 0.924547 0.010096 0.014896
2 0.285577 0.981541 0.005769 0.011010
2 0.302163 0.979922 0.008173 0.012953
2 0.279327 0.955311 0.007692 0.010363
2 0.260096 0.955959 0.003846 0.007772
2 0.253125 0.969883 0.005288 0.007124
2 0.267067 0.996438 0.007212 0.007124
2 0.233654 0.893135 0.006731 0.006477
2 0.334135 0.891192 0.006731 0.010363
2 0.358894 0.912241 0.004327 0.008420
2 0.370192 0.929080 0.006731 0.008420
