0 0.032933 0.125972 0.008173 0.013601
0 0.069231 0.157060 0.015385 0.014896
0 0.092308 0.194948 0.016346 0.012953
0 0.309856 0.214378 0.009135 0.012953
0 0.226683 0.210168 0.012981 0.011010
0 0.324279 0.178433 0.008173 0.007124
0 0.399519 0.156088 0.005769 0.009067
0 0.418510 0.140868 0.007212 0.009715
0 0.469471 0.125324 0.008173 0.011010
0 0.442788 0.167746 0.009615 0.014249
0 0.537500 0.094236 0.007692 0.009715
0 0.514183 0.215350 0.009135 0.014896
0 0.606010 0.190091 0.007212 0.011010
0 0.591106 0.207254 0.008173 0.009067
0 0.620192 0.135363 0.006731 0.011658
0 0.670673 0.032707 0.007692 0.009715
0 0.778125 0.046308 0.010096 0.005829
0 0.684856 0.056347 0.006250 0.007772
0 0.880288 0.078368 0.006731 0.009067
0 0.768510 0.009067 0.005288 0.005181
0 0.788221 0.081930 0.010096 0.012306
0 0.798317 0.064119 0.006250 0.010363
0 0.833654 0.141516 0.006731 0.008420
0 0.920673 0.098769 0.005769 0.009715
0 0.908894 0.157060 0.006250 0.009715
0 0.867067 0.176813 0.014904 0.012953
0 0.883654 0.183938 0.005769 0.011658
0 0.951923 0.475712 0.010577 0.013601
0 0.946394 0.750324 0.011058 0.014896
0 0.939183 0.782707 0.012981 0.014896
0 0.796394 0.430052 0.007212 0.009067
0 0.806250 0.532707 0.010577 0.013601
0 0.806971 0.508744 0.008173 0.012306
0 0.568269 0.477008 0.011538 0.012306
0 0.613702 0.444301 0.005288 0.007772
0 0.686298 0.431023 0.006250 0.008420
0 0.687019 0.613666 0.011538 0.012306
0 0.279567 0.527850 0.013942 0.010363
0 0.075721 0.451749 0.008173 0.008420
0 0.057212 0.508420 0.009615 0.015544
0 0.021635 0.738342 0.011538 0.006477
0 0.079808 0.764896 0.006731 0.011658
0 0.013702 0.785622 0.009135 0.007772
0 0.136058 0.435881 0.005769 0.005181
0 0.136538 0.602655 0.004808 0.014896
0 0.139423 0.676166 0.006731 0.012953
0 0.134856 0.754534 0.007212 0.016839
0 0.177885 0.755505 0.013462 0.011010
0 0.208173 0.776231 0.015385 0.008420
0 0.216106 0.731218 0.010096 0.011658
0 0.213942 0.598769 0.007692 0.011010
0 0.202404 0.528821 0.007692 0.011010
0 0.251442 0.512953 0.005769 0.007772
0 0.307212 0.523316 0.006731 0.009067
0 0.312500 0.627267 0.007692 0.011010
0 0.343750 0.632772 0.006731 0.011658
0 0.356971 0.676813 0.008173 0.010363
0 0.459856 0.503886 0.009135 0.010363
0 0.408654 0.535298 0.008654 0.013601
0 0.385577 0.500648 0.008654 0.015544
0 0.381010 0.789832 0.008173 0.011010
0 0.392308 0.730570 0.006731 0.007772
0 0.460817 0.796308 0.006250 0.011010
0 0.456731 0.738018 0.007692 0.013601
0 0.459856 0.697539 0.012981 0.011658
0 0.526202 0.747085 0.006250 0.012306
0 0.562019 0.777202 0.008654 0.009067
0 0.597596 0.800842 0.014423 0.008420
0 0.774279 0.503562 0.008173 0.008420
0 0.634856 0.566386 0.009135 0.016192
0 0.629087 0.601360 0.013942 0.012306
0 0.625721 0.642811 0.009135 0.014896
0 0.646154 0.669041 0.006731 0.010363
0 0.690865 0.651231 0.006731 0.009715
0 0.713702 0.654145 0.006250 0.006477
0 0.725000 0.662565 0.005769 0.006477
0 0.675962 0.727979 0.008654 0.012953
0 0.599279 0.712111 0.009135 0.011010
0 0.726683 0.712759 0.008173 0.011010
0 0.823317 0.765868 0.008173 0.011010
0 0.822837 0.727008 0.006250 0.008420
0 0.857933 0.724417 0.008173 0.008420
0 0.849519 0.814767 0.009615 0.007772
0 0.738462 0.803433 0.008654 0.007124
0 0.659615 0.811852 0.011538 0.007124
0 0.323558 0.989961 0.013462 0.012306
0 0.212500 0.995790 0.012500 0.005829
