2 0.923317 0.087435 0.008173 0.011658
2 0.985817 0.061528 0.007212 0.010363
2 0.893029 0.024288 0.007212 0.007124
2 0.929567 0.039832 0.006250 0.008420
2 0.824519 0.045984 0.005769 0.005181
2 0.824279 0.018135 0.006250 0.007772
2 0.799760 0.055052 0.004327 0.005181
2 0.798077 0.066710 0.004808 0.006477
2 0.804327 0.035946 0.003846 0.005829
2 0.713942 0.028497 0.004808 0.005181
2 0.712981 0.035622 0.004808 0.005181
2 0.706490 0.037889 0.005288 0.005829
2 0.712260 0.046956 0.005288 0.004534
2 0.693510 0.074806 0.004327 0.008420
2 0.725721 0.066386 0.005288 0.007124
2 0.598798 0.029793 0.005288 0.005181
2 0.594231 0.049547 0.006731 0.005829
2 0.576202 0.043394 0.004327 0.005181
2 0.565385 0.043718 0.004808 0.005829
2 0.571875 0.089378 0.004327 0.005181
2 0.598798 0.075453 0.004327 0.008420
2 0.475721 0.056995 0.004327 0.005181
2 0.485337 0.071891 0.005288 0.006477
2 0.468750 0.068005 0.006731 0.005181
2 0.473317 0.080959 0.005288 0.009067
2 0.503846 0.090026 0.006731 0.005181
2 0.522596 0.058614 0.004808 0.008420
2 0.414423 0.058290 0.008654 0.009067
2 0.376683 0.089378 0.004327 0.007772
2 0.300240 0.019430 0.005288 0.007772
2 0.184135 0.037889 0.006731 0.005829
2 0.229567 0.098446 0.008173 0.009067
2 0.272596 0.078044 0.004808 0.007124
2 0.285096 0.078044 0.004808 0.005829
2 0.307452 0.099093 0.005288 0.006477
2 0.298317 0.058290 0.005288 0.007772
2 0.397115 0.059262 0.003846 0.005829
2 0.930288 0.341321 0.005769 0.006477
2 0.901923 0.380829 0.004808 0.006477
2 0.924519 0.373057 0.005769 0.006477
2 0.889904 0.363018 0.008654 0.011010
2 0.971154 0.446567 0.005769 0.007124
2 0.991827 0.472150 0.004808 0.006477
2 0.959856 0.478627 0.007212 0.007772
2 0.957692 0.486723 0.007692 0.007124
2 0.964904 0.491580 0.003846 0.006477
2 0.988942 0.548251 0.005769 0.009715
2 0.975000 0.567358 0.005769 0.009067
2 0.965625 0.582254 0.005288 0.011658
2 0.949519 0.577396 0.005769 0.008420
2 0.941346 0.560233 0.005769 0.007772
2 0.996875 0.581930 0.003365 0.008420
2 0.878846 0.654145 0.005769 0.011658
2 0.793990 0.356218 0.005288 0.009067
2 0.749760 0.354275 0.007212 0.007772
2 0.771635 0.385687 0.006731 0.008420
2 0.661779 0.357513 0.005288 0.007772
2 0.746875 0.427461 0.008173 0.007772
2 0.785817 0.423899 0.009135 0.011010
2 0.742308 0.348122 0.004808 0.007124
2 0.730769 0.344236 0.005769 0.008420
2 0.767308 0.345207 0.003846 0.006477
2 0.781250 0.353627 0.005769 0.006477
2 0.750240 0.383744 0.004327 0.008420
2 0.756971 0.380829 0.003365 0.005181
2 0.595673 0.350065 0.003846 0.005829
2 0.556250 0.360104 0.004808 0.006477
2 0.483654 0.400259 0.005769 0.009067
2 0.483413 0.572215 0.003365 0.005829
2 0.481490 0.507448 0.003365 0.009715
2 0.665385 0.710492 0.006731 0.006477
2 0.520433 0.708225 0.007212 0.007124
2 0.788462 0.704339 0.010577 0.008420
2 0.723558 0.683938 0.003846 0.006477
2 0.796635 0.639249 0.004808 0.006477
2 0.788942 0.652202 0.003846 0.006477
2 0.802404 0.676813 0.006731 0.007772
2 0.794231 0.686205 0.005769 0.009715
2 0.768990 0.694301 0.006250 0.007772
2 0.770673 0.597474 0.005769 0.008420
2 0.738942 0.596503 0.004808 0.005181
2 0.731490 0.611399 0.003365 0.006477
2 0.689423 0.520402 0.007692 0.007124
2 0.701923 0.551813 0.007692 0.011658
2 0.637740 0.459845 0.005288 0.010363
2 0.554327 0.459845 0.007692 0.010363
2 0.616827 0.522021 0.008654 0.010363
2 0.637019 0.580635 0.006731 0.009715
2 0.681490 0.583873 0.007212 0.008420
2 0.580769 0.627915 0.009615 0.008420
2 0.568029 0.603303 0.006250 0.008420
2 0.576442 0.538536 0.004808 0.008420
2 0.591827 0.518459 0.004808 0.005829
2 0.541106 0.585492 0.005288 0.007772
2 0.612019 0.581282 0.003846 0.007124
2 0.561779 0.552461 0.006250 0.007772
2 0.559615 0.543070 0.005769 0.007124
2 0.543510 0.534003 0.004327 0.007124
2 0.542548 0.572863 0.004327 0.004534
2 0.642067 0.473769 0.004327 0.005829
2 0.648798 0.451101 0.004327 0.005829
2 0.591587 0.488666 0.005288 0.005829
2 0.546635 0.507124 0.005769 0.006477
2 0.578606 0.504534 0.004327 0.006477
2 0.555529 0.518135 0.006250 0.006477
2 0.659856 0.508744 0.006250 0.005829
2 0.661538 0.523964 0.004808 0.006477
2 0.633173 0.432319 0.006731 0.008420
2 0.583413 0.444948 0.005288 0.007772
2 0.601202 0.461464 0.004327 0.005829
2 0.564904 0.475389 0.005769 0.006477
2 0.682692 0.495790 0.004808 0.007124
2 0.592067 0.613666 0.007212 0.009715
2 0.404567 0.372085 0.012019 0.011010
2 0.318269 0.372085 0.006731 0.008420
2 0.383173 0.415479 0.006731 0.013601
2 0.395673 0.446891 0.009615 0.012953
2 0.130288 0.392163 0.005769 0.008420
2 0.116106 0.368523 0.006250 0.006477
2 0.152644 0.467940 0.007212 0.009715
2 0.255769 0.408031 0.004808 0.007772
2 0.157212 0.702073 0.006731 0.009067
2 0.100240 0.637630 0.006250 0.009715
2 0.297356 0.680699 0.005288 0.005181
2 0.305529 0.697539 0.005288 0.005181
2 0.310817 0.685233 0.003365 0.005181
2 0.320913 0.690415 0.005288 0.006477
2 0.412500 0.697215 0.007692 0.008420
2 0.391587 0.695272 0.007212 0.007124
2 0.402404 0.637630 0.008654 0.008420
2 0.378365 0.646373 0.006731 0.009067
2 0.353606 0.612370 0.007212 0.005829
2 0.346394 0.646049 0.006250 0.008420
2 0.337740 0.660946 0.006250 0.008420
2 0.365865 0.662241 0.003846 0.005829
2 0.395913 0.656412 0.007212 0.005829
2 0.265144 0.422927 0.005288 0.006477
2 0.247356 0.440415 0.008173 0.009067
2 0.223798 0.458549 0.006250 0.010363
2 0.265865 0.488342 0.005769 0.006477
2 0.250481 0.467617 0.005769 0.007772
2 0.259135 0.513925 0.008654 0.009715
2 0.239663 0.510687 0.007212 0.009715
2 0.225962 0.508420 0.004808 0.006477
2 0.207933 0.547927 0.006250 0.009067
2 0.219712 0.544689 0.005769 0.007772
2 0.209135 0.522992 0.008654 0.008420
2 0.188462 0.517487 0.009615 0.011658
2 0.277404 0.599093 0.004808 0.009067
2 0.312740 0.601360 0.005288 0.008420
2 0.238462 0.614961 0.008654 0.007124
2 0.235096 0.601360 0.004808 0.008420
2 0.229567 0.583225 0.005288 0.007124
2 0.239663 0.583873 0.005288 0.007124
2 0.250962 0.572215 0.003846 0.005829
2 0.259856 0.564119 0.005288 0.006477
2 0.280288 0.533031 0.004808 0.009067
2 0.212500 0.581282 0.005769 0.008420
2 0.299279 0.582578 0.005288 0.005829
2 0.167788 0.617876 0.006731 0.009067
2 0.168510 0.594236 0.006250 0.009715
2 0.197596 0.595855 0.006731 0.010363
2 0.214183 0.644754 0.008173 0.009715
2 0.204087 0.466969 0.004327 0.006477
2 0.201202 0.497409 0.005288 0.006477
2 0.171394 0.566386 0.006250 0.009715
2 0.309856 0.512630 0.004327 0.007124
2 0.291106 0.501619 0.007212 0.008420
2 0.016346 0.591645 0.007692 0.011010
2 0.032212 0.663860 0.009615 0.014249
2 0.044471 0.054728 0.010096 0.016192
2 0.028606 0.005505 0.011058 0.008420
2 0.008894 0.236399 0.007212 0.009067
2 0.039904 0.281736 0.004808 0.007772
2 0.003365 0.246762 0.005769 0.009067
2 0.893029 0.707578 0.009135 0.009715
2 0.961779 0.905117 0.007212 0.008420
2 0.946394 0.907383 0.005288 0.007772
2 0.990625 0.954663 0.006250 0.009067
2 0.934615 0.986075 0.005769 0.008420
2 0.878606 0.915803 0.006250 0.007772
2 0.859615 0.908679 0.007692 0.009067
2 0.865865 0.929404 0.007692 0.010363
2 0.845673 0.943977 0.007692 0.009715
2 0.837260 0.951749 0.009135 0.013601
2 0.840144 0.983161 0.012981 0.014249
2 0.856971 0.960168 0.005288 0.008420
2 0.860817 0.969236 0.007212 0.007124
2 0.808894 0.975389 0.006250 0.007772
2 0.787981 0.914184 0.005769 0.009715
2 0.745673 0.910946 0.008654 0.007124
2 0.711058 0.919365 0.006731 0.008420
2 0.718990 0.930376 0.006250 0.007124
2 0.737740 0.926490 0.004327 0.007124
2 0.746394 0.922604 0.005288 0.005829
2 0.640385 0.907383 0.010577 0.009067
2 0.598077 0.939767 0.007692 0.009067
2 0.554808 0.919365 0.007692 0.008420
2 0.531250 0.984132 0.005769 0.008420
2 0.550721 0.991580 0.006250 0.007772
2 0.464423 0.953368 0.006731 0.009067
2 0.466827 0.974093 0.006731 0.010363
2 0.406250 0.937824 0.009615 0.010363
2 0.432692 0.954663 0.007692 0.009067
2 0.437500 0.923899 0.004808 0.013601
2 0.446154 0.921308 0.005769 0.008420
2 0.422837 0.965026 0.005288 0.006477
2 0.447115 0.986723 0.006731 0.005829
2 0.339183 0.934262 0.006250 0.005829
2 0.315625 0.937824 0.007212 0.006477
2 0.332212 0.940091 0.004808 0.007124
2 0.281010 0.908355 0.008173 0.009715
2 0.298558 0.950453 0.004808 0.008420
2 0.304808 0.941062 0.006731 0.007772
2 0.314183 0.947215 0.005288 0.005829
2 0.249760 0.907383 0.005288 0.007772
2 0.237740 0.912241 0.006250 0.007124
2 0.045192 0.746114 0.007692 0.010363
2 0.041587 0.912565 0.006250 0.007772
2 0.041587 0.995142 0.006250 0.007124
2 0.108894 0.968912 0.006250 0.006477
2 0.133894 0.974741 0.009135 0.007772
2 0.163702 0.980894 0.006250 0.008420
2 0.177644 0.940415 0.007212 0.010363
2 0.160817 0.920661 0.011058 0.012306
2 0.183654 0.926166 0.005769 0.006477
2 0.200962 0.952073 0.005769 0.006477
2 0.403846 0.783355 0.006731 0.008420
