2 0.939663 0.277202 0.009135 0.018135
2 0.720433 0.291775 0.017788 0.016192
2 0.724760 0.275907 0.008173 0.009067
2 0.849279 0.388925 0.008173 0.018782
2 0.066346 0.262306 0.007692 0.012953
2 0.112500 0.303433 0.006731 0.009715
2 0.310337 0.267811 0.010096 0.018782
2 0.287740 0.288212 0.008173 0.012953
2 0.643269 0.284974 0.008654 0.010363
2 0.647115 0.307966 0.006731 0.009715
2 0.626202 0.431671 0.007212 0.013601
2 0.645433 0.443977 0.012019 0.013601
2 0.710337 0.396373 0.009135 0.009067
2 0.770673 0.407707 0.007692 0.012306
2 0.510096 0.389573 0.015385 0.014896
2 0.528125 0.393782 0.006250 0.011658
2 0.531490 0.449158 0.010096 0.013601
2 0.417308 0.452720 0.017308 0.014249
2 0.465625 0.409650 0.006250 0.013601
2 0.327163 0.410946 0.011058 0.012306
2 0.149760 0.389896 0.009135 0.014249
2 0.047356 0.396697 0.009135 0.014896
2 0.020192 0.401231 0.009615 0.016192
2 0.021635 0.383420 0.008654 0.011658
2 0.051923 0.433290 0.006731 0.015544
2 0.133413 0.449482 0.009135 0.015544
2 0.848317 0.754210 0.007212 0.013601
2 0.867788 0.751295 0.010577 0.010363
2 0.664663 0.735104 0.011058 0.022021
2 0.745673 0.725065 0.008654 0.011010
2 0.633173 0.750324 0.006731 0.013601
2 0.055048 0.733161 0.006250 0.009067
2 0.098317 0.600712 0.008173 0.016192
2 0.248558 0.877915 0.010577 0.012306
2 0.023558 0.858484 0.017308 0.017487
2 0.136298 0.839054 0.012019 0.013601
2 0.433413 0.847798 0.006250 0.011658
2 0.540385 0.857837 0.006731 0.008420
2 0.549760 0.851684 0.007212 0.012953
2 0.660337 0.867228 0.011058 0.018135
2 0.758173 0.907707 0.009615 0.013601
2 0.925721 0.883096 0.007212 0.009715
2 0.965385 0.835168 0.008654 0.012306
2 0.732933 0.450130 0.008173 0.012953
