0 0.979327 0.114961 0.011538 0.013601
0 0.933894 0.124028 0.008173 0.008420
0 0.969471 0.132124 0.007212 0.007772
0 0.978125 0.137953 0.005288 0.007772
0 0.912740 0.068653 0.009135 0.005181
0 0.910096 0.112694 0.006731 0.011658
0 0.887500 0.129210 0.004808 0.008420
0 0.907452 0.032060 0.008173 0.005829
0 0.929567 0.059909 0.004327 0.005829
0 0.938942 0.066062 0.002885 0.003886
0 0.832452 0.004534 0.004327 0.005181
0 0.827163 0.024935 0.007212 0.007124
0 0.819471 0.009391 0.005288 0.005829
0 0.801442 0.010039 0.005769 0.007124
0 0.789663 0.044689 0.006250 0.007772
0 0.772356 0.051813 0.009135 0.009067
0 0.753846 0.017811 0.004808 0.004534
0 0.755529 0.073187 0.003365 0.006477
0 0.738702 0.035298 0.004327 0.004534
0 0.747837 0.052461 0.005288 0.006477
0 0.763942 0.128238 0.004808 0.006477
0 0.789423 0.117876 0.005769 0.010363
0 0.752644 0.083225 0.004327 0.004534
0 0.514663 0.054404 0.005288 0.005181
0 0.630288 0.009715 0.004808 0.005181
0 0.623077 0.020725 0.006731 0.007772
0 0.597596 0.006153 0.003846 0.005829
0 0.705048 0.061852 0.005288 0.007124
0 0.723077 0.090026 0.007692 0.006477
0 0.717067 0.098122 0.005288 0.009715
0 0.683413 0.078368 0.005288 0.007772
0 0.672115 0.085816 0.005769 0.007124
0 0.668990 0.105894 0.007212 0.005829
0 0.605048 0.127915 0.007212 0.009715
0 0.585337 0.103951 0.005288 0.005829
0 0.568750 0.095207 0.007692 0.010363
0 0.583654 0.127915 0.002885 0.007124
0 0.508654 0.078044 0.006731 0.008420
0 0.526442 0.117876 0.006731 0.005181
0 0.537260 0.084197 0.005288 0.007772
0 0.545913 0.074806 0.004327 0.005829
0 0.548317 0.120142 0.004327 0.008420
0 0.562019 0.107837 0.004808 0.008420
0 0.578125 0.117228 0.004327 0.005181
0 0.400962 0.005181 0.005769 0.006477
0 0.420192 0.096503 0.003846 0.005181
0 0.416346 0.116904 0.004808 0.009715
0 0.396154 0.061852 0.004808 0.009715
0 0.384615 0.040479 0.003846 0.009715
0 0.137019 0.114313 0.006731 0.009715
0 0.258413 0.105894 0.009135 0.011010
0 0.387500 0.071244 0.004808 0.005181
0 0.380769 0.110427 0.004808 0.007124
0 0.367067 0.125648 0.009135 0.009067
0 0.293029 0.084197 0.005288 0.006477
0 0.300962 0.040479 0.006731 0.007124
0 0.316587 0.072215 0.005288 0.007124
0 0.276923 0.067681 0.004808 0.007124
0 0.338462 0.047604 0.004808 0.008420
0 0.390385 0.082578 0.005769 0.007124
0 0.296635 0.117228 0.007692 0.006477
0 0.294471 0.106541 0.006250 0.007124
0 0.345192 0.072863 0.005769 0.005829
0 0.358173 0.025259 0.005769 0.009067
0 0.347596 0.005181 0.005769 0.005181
0 0.210577 0.125648 0.008654 0.006477
0 0.205769 0.144430 0.008654 0.007772
0 0.085337 0.082578 0.007212 0.008420
0 0.062500 0.102655 0.006731 0.008420
0 0.076683 0.114313 0.005288 0.007124
0 0.133173 0.093588 0.005769 0.009715
0 0.488462 0.373705 0.010577 0.012953
0 0.181731 0.139896 0.004808 0.007772
0 0.178365 0.094236 0.004808 0.004534
0 0.296875 0.064767 0.006250 0.007772
0 0.332452 0.086140 0.005288 0.005181
0 0.325000 0.098122 0.006731 0.004534
0 0.102644 0.371438 0.007212 0.007124
0 0.052404 0.430052 0.008654 0.010363
0 0.356731 0.366580 0.009615 0.007772
0 0.344231 0.397021 0.005769 0.007772
0 0.352885 0.387953 0.003846 0.007772
0 0.060577 0.621762 0.007692 0.010363
0 0.073558 0.660622 0.008654 0.016839
0 0.084135 0.663860 0.004808 0.006477
0 0.105288 0.683938 0.006731 0.005181
0 0.092067 0.707578 0.009135 0.012306
0 0.168269 0.554080 0.009615 0.008420
0 0.089663 0.550842 0.003365 0.008420
0 0.090144 0.534003 0.006250 0.008420
0 0.108173 0.529145 0.006731 0.006477
0 0.134375 0.570272 0.008173 0.007124
0 0.112740 0.554080 0.007212 0.009715
0 0.123077 0.529145 0.006731 0.007772
0 0.158413 0.523316 0.009135 0.007772
0 0.144471 0.511010 0.008173 0.007772
0 0.159615 0.506477 0.007692 0.009067
0 0.148317 0.497409 0.005288 0.006477
0 0.125000 0.485427 0.007692 0.008420
0 0.096875 0.493523 0.005288 0.012953
0 0.136779 0.456282 0.007212 0.007124
0 0.170673 0.466321 0.010577 0.009067
0 0.158173 0.470855 0.005769 0.005181
0 0.232692 0.456282 0.005769 0.005829
0 0.241827 0.438472 0.005769 0.005181
0 0.224519 0.481218 0.005769 0.010363
0 0.192548 0.463407 0.009135 0.012306
0 0.139183 0.417422 0.008173 0.007124
0 0.147356 0.437824 0.006250 0.005181
0 0.171394 0.421956 0.007212 0.007124
0 0.163942 0.427137 0.002885 0.004534
0 0.117788 0.464054 0.006731 0.005829
0 0.214423 0.449806 0.003846 0.008420
0 0.198798 0.437500 0.006250 0.004534
0 0.182692 0.453368 0.005769 0.005181
0 0.181731 0.430052 0.006731 0.007772
0 0.243029 0.474417 0.007212 0.007124
0 0.255769 0.479598 0.005769 0.005829
0 0.259375 0.489961 0.005288 0.008420
0 0.245433 0.491580 0.003365 0.005181
0 0.256971 0.503238 0.008173 0.009067
0 0.228606 0.495142 0.008173 0.005829
0 0.192788 0.504858 0.005769 0.005829
0 0.215865 0.499676 0.005769 0.005829
0 0.221154 0.510363 0.004808 0.006477
0 0.226442 0.520078 0.004808 0.003886
0 0.200481 0.532060 0.006731 0.007124
0 0.197837 0.545013 0.005288 0.005829
0 0.274279 0.526878 0.005288 0.004534
0 0.262981 0.535946 0.004808 0.007124
0 0.270433 0.541775 0.004327 0.008420
0 0.193750 0.568329 0.006731 0.008420
0 0.203846 0.570272 0.003846 0.007124
0 0.214663 0.532707 0.004327 0.004534
0 0.225240 0.535622 0.003365 0.005181
0 0.231490 0.544689 0.005288 0.006477
0 0.250962 0.527850 0.006731 0.006477
0 0.181971 0.596179 0.005288 0.005829
0 0.123798 0.634067 0.006250 0.005181
0 0.115865 0.590674 0.005769 0.006477
0 0.119712 0.577073 0.004808 0.006477
0 0.130288 0.585168 0.005769 0.007124
0 0.173317 0.607189 0.007212 0.005829
0 0.147356 0.635687 0.005288 0.008420
0 0.194471 0.620466 0.004327 0.007772
0 0.187260 0.628886 0.005288 0.007772
0 0.192788 0.662241 0.006731 0.007124
0 0.243750 0.629534 0.007692 0.006477
0 0.301683 0.398640 0.005288 0.007124
0 0.288221 0.399288 0.005288 0.005829
0 0.327163 0.397345 0.008173 0.007124
0 0.311779 0.437824 0.004327 0.006477
0 0.358894 0.413212 0.006250 0.007772
0 0.364904 0.389573 0.005769 0.004534
0 0.344231 0.440738 0.005769 0.008420
0 0.335337 0.450777 0.006250 0.009067
0 0.314663 0.453368 0.010096 0.010363
0 0.354808 0.468588 0.006731 0.009715
0 0.369712 0.454663 0.004808 0.005181
0 0.330529 0.414184 0.006250 0.007124
0 0.186058 0.359780 0.010577 0.008420
0 0.094712 0.397345 0.005769 0.007124
0 0.083654 0.404145 0.010577 0.009067
0 0.076202 0.379858 0.008173 0.007124
0 0.450481 0.389573 0.007692 0.008420
0 0.437981 0.401878 0.005769 0.009715
0 0.423077 0.409326 0.004808 0.010363
0 0.436779 0.434262 0.007212 0.009715
0 0.425000 0.457902 0.007692 0.009067
0 0.661298 0.370466 0.008173 0.009067
0 0.677404 0.379858 0.008654 0.007124
0 0.692308 0.371438 0.005769 0.008420
0 0.669231 0.396049 0.006731 0.005829
0 0.754567 0.387306 0.005288 0.010363
0 0.714904 0.387953 0.005769 0.007772
0 0.729327 0.400259 0.005769 0.010363
0 0.706010 0.451425 0.011058 0.015544
0 0.741827 0.460492 0.009615 0.009067
0 0.697115 0.426166 0.006731 0.009067
0 0.641106 0.480570 0.007212 0.009067
0 0.561298 0.453044 0.017788 0.020078
0 0.543750 0.478303 0.008654 0.012306
0 0.534375 0.488990 0.009135 0.011658
0 0.612981 0.492876 0.006731 0.010363
0 0.599519 0.496438 0.006731 0.007124
0 0.596635 0.505505 0.004808 0.005829
0 0.590385 0.505505 0.002885 0.005829
0 0.580769 0.508420 0.005769 0.006477
0 0.717308 0.621114 0.012500 0.015544
0 0.501683 0.507772 0.011058 0.012953
0 0.522596 0.431671 0.012500 0.011010
0 0.476923 0.473122 0.008654 0.009715
0 0.614904 0.550194 0.007692 0.012306
0 0.609135 0.526554 0.009615 0.009067
0 0.635577 0.569948 0.006731 0.010363
0 0.647596 0.571567 0.007692 0.013601
0 0.631731 0.589054 0.008654 0.005829
0 0.633413 0.601684 0.007212 0.006477
0 0.620673 0.616904 0.006731 0.007124
0 0.625240 0.631153 0.005288 0.005829
0 0.595192 0.626943 0.006731 0.007772
0 0.599038 0.642811 0.006731 0.008420
0 0.590865 0.600712 0.005769 0.008420
0 0.594712 0.552461 0.007692 0.006477
0 0.583173 0.593912 0.004808 0.007772
0 0.567788 0.537241 0.011538 0.009715
0 0.562500 0.554404 0.008654 0.011658
0 0.556250 0.580311 0.005769 0.007772
0 0.565865 0.592617 0.005769 0.007772
0 0.561298 0.601684 0.005288 0.007772
0 0.574038 0.603303 0.005769 0.009715
0 0.562019 0.632124 0.005769 0.007772
0 0.559375 0.621438 0.005288 0.007124
0 0.571154 0.616904 0.004808 0.008420
0 0.496635 0.597150 0.006731 0.009067
0 0.482452 0.566062 0.009135 0.010363
0 0.477404 0.535298 0.008654 0.007124
0 0.505288 0.540803 0.009615 0.011658
0 0.513462 0.522345 0.006731 0.007124
0 0.560337 0.524611 0.007212 0.009067
0 0.592067 0.473122 0.005288 0.008420
0 0.611538 0.446567 0.007692 0.007124
0 0.620673 0.446244 0.005769 0.009067
0 0.680529 0.409326 0.008173 0.006477
0 0.705769 0.411917 0.009615 0.011658
0 0.542788 0.556671 0.004808 0.009715
0 0.672115 0.636010 0.007692 0.009067
0 0.442067 0.661269 0.009135 0.014249
0 0.541827 0.637630 0.004808 0.008420
0 0.551923 0.651554 0.007692 0.009067
0 0.432933 0.679404 0.005288 0.007772
0 0.493750 0.639573 0.008654 0.009715
0 0.741346 0.418718 0.005769 0.009715
0 0.807933 0.384715 0.007212 0.012953
0 0.845673 0.352655 0.009615 0.008420
0 0.832212 0.391192 0.005769 0.009067
0 0.817788 0.432966 0.005769 0.011010
0 0.806490 0.463731 0.006250 0.010363
0 0.816587 0.473446 0.008173 0.009067
0 0.841106 0.399935 0.004327 0.008420
0 0.883894 0.367876 0.006250 0.007772
0 0.894712 0.370790 0.006731 0.008420
0 0.900481 0.434262 0.006731 0.007124
0 0.982692 0.432642 0.007692 0.009067
0 0.923077 0.458549 0.005769 0.009067
0 0.872837 0.499676 0.008173 0.009715
0 0.894952 0.504858 0.004327 0.009715
0 0.911298 0.519430 0.012981 0.009067
0 0.886779 0.473769 0.004327 0.007124
0 0.963702 0.480894 0.006250 0.007124
0 0.944712 0.532707 0.008654 0.009715
0 0.982212 0.597474 0.008654 0.009715
0 0.908413 0.608161 0.009135 0.011658
0 0.820673 0.619819 0.005769 0.006477
0 0.809856 0.650907 0.006250 0.009067
0 0.832692 0.672604 0.007692 0.005829
0 0.961058 0.629534 0.010577 0.012953
0 0.965865 0.657060 0.005769 0.007124
0 0.951923 0.579016 0.006731 0.009067
0 0.934135 0.579663 0.007692 0.005181
0 0.953846 0.491256 0.005769 0.008420
0 0.947596 0.501943 0.005769 0.006477
0 0.893990 0.721826 0.005288 0.007124
0 0.878125 0.707902 0.007212 0.009067
0 0.826923 0.715350 0.007692 0.008420
0 0.910096 0.673899 0.009615 0.011010
0 0.852885 0.715997 0.007692 0.007124
0 0.806490 0.965350 0.009135 0.011010
0 0.786058 0.948510 0.005769 0.009715
0 0.748558 0.930376 0.005769 0.005829
0 0.750000 0.961788 0.006731 0.007772
0 0.778846 0.969560 0.004808 0.007772
0 0.786779 0.980246 0.007212 0.008420
0 0.502404 0.932642 0.009615 0.009067
0 0.536538 0.937176 0.010577 0.011658
0 0.558173 0.924870 0.009615 0.015544
0 0.547115 0.952396 0.004808 0.007124
0 0.572115 0.950777 0.005769 0.007772
0 0.591827 0.942034 0.006731 0.011010
0 0.596154 0.910298 0.007692 0.009715
0 0.601202 0.926166 0.005288 0.006477
0 0.634375 0.909650 0.006250 0.007124
0 0.616106 0.942034 0.007212 0.007124
0 0.643750 0.939767 0.006731 0.007772
0 0.662981 0.941062 0.007692 0.009067
0 0.665144 0.918718 0.007212 0.009715
0 0.685817 0.921956 0.007212 0.009715
0 0.713221 0.922280 0.007212 0.006477
0 0.706490 0.931023 0.004327 0.007124
0 0.705769 0.943653 0.005769 0.006477
0 0.736538 0.958549 0.004808 0.007772
0 0.682452 0.947863 0.005288 0.005829
0 0.692548 0.945272 0.006250 0.007124
0 0.693990 0.955959 0.005288 0.006477
0 0.755048 0.984456 0.005288 0.007772
0 0.731490 0.970531 0.007212 0.011010
0 0.930529 0.920661 0.008173 0.005829
0 0.946635 0.936528 0.006731 0.007772
0 0.969471 0.949806 0.009135 0.009715
0 0.050481 0.927137 0.007692 0.007124
0 0.066587 0.912889 0.009135 0.007124
0 0.039183 0.961140 0.005288 0.007772
0 0.054808 0.939443 0.008654 0.007124
0 0.076683 0.974093 0.008173 0.011658
0 0.086538 0.930376 0.009615 0.008420
0 0.081490 0.939767 0.006250 0.005181
0 0.090625 0.941710 0.006250 0.006477
0 0.128606 0.910298 0.006250 0.005829
0 0.117067 0.928433 0.008173 0.014896
0 0.148317 0.931671 0.006250 0.008420
0 0.201923 0.916775 0.005769 0.007124
0 0.223558 0.921632 0.004808 0.006477
0 0.223558 0.935881 0.007692 0.009067
0 0.216106 0.948187 0.008173 0.009067
0 0.251683 0.924223 0.009135 0.006477
0 0.260096 0.936205 0.006731 0.007124
0 0.250240 0.966645 0.008173 0.008420
0 0.184856 0.907707 0.004327 0.004534
0 0.286779 0.921308 0.006250 0.007124
0 0.298798 0.934909 0.008173 0.009715
0 0.303365 0.955311 0.004808 0.006477
0 0.311538 0.960492 0.004808 0.006477
0 0.323317 0.971179 0.004327 0.007124
0 0.302644 0.970531 0.005288 0.004534
0 0.286538 0.989313 0.007692 0.004534
0 0.388702 0.927461 0.009135 0.007772
0 0.385337 0.977008 0.005288 0.007124
0 0.333654 0.950777 0.004808 0.007772
0 0.334856 0.936205 0.008173 0.007124
0 0.352163 0.666775 0.006250 0.011010
0 0.323558 0.636658 0.007692 0.005181
0 0.280048 0.661917 0.006250 0.009067
0 0.276202 0.682966 0.009135 0.013601
0 0.304808 0.686852 0.012500 0.011010
0 0.316587 0.665803 0.007212 0.011658
0 0.335096 0.658031 0.006731 0.006477
0 0.326442 0.646373 0.005769 0.006477
0 0.341827 0.621762 0.005769 0.007772
0 0.329567 0.617228 0.006250 0.007772
0 0.442067 0.690415 0.006250 0.009067
