0 0.755469 0.346095 0.017186 0.026562
0 0.707032 0.355470 0.020313 0.020313
0 0.774999 0.417968 0.018749 0.023437
0 0.735157 0.483593 0.026562 0.020313
0 0.716408 0.529688 0.020313 0.031249
0 0.739063 0.972657 0.028126 0.032812
0 0.687499 0.987500 0.024999 0.025000
0 0.949218 0.914062 0.020313 0.031249
0 0.991407 0.911720 0.017186 0.020313
0 0.828127 0.714843 0.028126 0.026562
0 0.903907 0.559374 0.032812 0.031249
0 0.930469 0.714064 0.023439 0.037500
0 0.957811 0.719530 0.015626 0.023437
0 0.509376 0.553907 0.018749 0.026562
0 0.481251 0.527343 0.015626 0.023437
0 0.423437 0.557032 0.021876 0.023437
0 0.389061 0.490625 0.034375 0.021874
0 0.426563 0.447656 0.021876 0.020313
0 0.477344 0.451562 0.026562 0.025001
0 0.248437 0.457031 0.024999 0.026562
0 0.188283 0.471093 0.026562 0.026562
0 0.357812 0.424219 0.028126 0.026562
0 0.285939 0.378125 0.024999 0.018750
0 0.346876 0.355470 0.028126 0.029688
0 0.256250 0.340625 0.021876 0.025001
0 0.168750 0.351561 0.040625 0.025001
0 0.022656 0.350782 0.045312 0.029688
0 0.366405 0.989062 0.023439 0.021875
0 0.014062 0.559374 0.028124 0.021874
0 0.062501 0.517968 0.024999 0.026562
0 0.096093 0.632813 0.035938 0.040624
0 0.007032 0.658593 0.014063 0.023437
0 0.082031 0.718751 0.029689 0.028125
0 0.178126 0.765626 0.021876 0.025001
0 0.209375 0.814062 0.024999 0.025001
0 0.028126 0.750000 0.024999 0.021874
0 0.074217 0.781249 0.023439 0.025001
0 0.107033 0.782813 0.029689 0.025001
0 0.004688 0.793751 0.009375 0.025001
0 0.067188 0.841407 0.021876 0.017187
0 0.106250 0.892970 0.021876 0.029688
0 0.157031 0.935936 0.026562 0.025001
0 0.039842 0.954686 0.032812 0.018750
0 0.246874 0.947656 0.015626 0.017187
0 0.288282 0.967970 0.017186 0.017187
0 0.995312 0.901563 0.009375 0.018750
0 0.859375 0.845313 0.018749 0.015626
0 0.674220 0.383594 0.020313 0.020313
0 0.801561 0.463282 0.024999 0.023437
0 0.290625 0.398439 0.015626 0.018750
0 0.131249 0.333593 0.018749 0.017187
0 0.485937 0.404687 0.015626 0.018750