0 0.528126 0.488280 0.059374 0.064062
0 0.956252 0.367969 0.053124 0.051562
0 0.732814 0.327345 0.031249 0.029688
0 0.725781 0.292969 0.054688 0.045312
0 0.776562 0.325781 0.043751 0.039063
0 0.776562 0.364845 0.018749 0.020313
0 0.778126 0.210937 0.015626 0.018750
0 0.756250 0.263281 0.018749 0.020313
0 0.652344 0.242970 0.017186 0.020313
0 0.817187 0.146875 0.037499 0.025001
0 0.372655 0.235156 0.064064 0.054687
0 0.610156 0.364845 0.048438 0.039063
0 0.441406 0.530470 0.023439 0.026562
0 0.547655 0.537500 0.020313 0.021874
0 0.582813 0.548438 0.018749 0.025001
0 0.742187 0.801563 0.037499 0.034376
0 0.764063 0.792969 0.031249 0.035937
0 0.797655 0.757030 0.020313 0.017187
0 0.475001 0.849219 0.043751 0.045312
0 0.501563 0.827345 0.024999 0.023437
0 0.484374 0.916407 0.031249 0.026562
0 0.528906 0.922656 0.048438 0.032812
0 0.407031 0.991406 0.039062 0.017188
0 0.825000 0.939063 0.028126 0.025001
0 0.897657 0.877344 0.023439 0.020313
0 0.886718 0.928906 0.020313 0.020313
0 0.739844 0.988280 0.023439 0.017187
0 0.193750 0.812501 0.040625 0.043751
0 0.232031 0.833593 0.042188 0.045312
0 0.142188 0.745313 0.024999 0.031249
0 0.267187 0.685939 0.024999 0.034376
0 0.372655 0.839062 0.026562 0.028125
0 0.258593 0.532031 0.023439 0.029688
0 0.994531 0.667189 0.010938 0.025001
0 0.249217 0.957031 0.017186 0.020313