0 0.873439 0.539063 0.031249 0.025001
0 0.904687 0.410156 0.031249 0.032812
0 0.832030 0.432812 0.039062 0.021874
0 0.644531 0.474218 0.045311 0.039063
0 0.715625 0.521874 0.031249 0.025001
0 0.628905 0.356251 0.042188 0.021874
0 0.067188 0.896094 0.037499 0.035937
0 0.346094 0.842187 0.035938 0.028125
0 0.253124 0.789843 0.040625 0.023437
0 0.184374 0.787500 0.028126 0.031249
0 0.039063 0.696093 0.037499 0.032812
0 0.179687 0.587499 0.053124 0.021874
0 0.559375 0.782031 0.031249 0.039063
0 0.298439 0.514844 0.040625 0.020313
0 0.096094 0.544532 0.026562 0.026562
0 0.195313 0.646094 0.024999 0.032812
0 0.085938 0.757030 0.024999 0.023437
0 0.165624 0.925000 0.028126 0.025001
0 0.387499 0.908593 0.034375 0.017187
0 0.464845 0.950780 0.026562 0.023437
0 0.327344 0.620311 0.023439 0.034376
0 0.395312 0.615624 0.028126 0.021874
0 0.414064 0.657032 0.028126 0.026562
0 0.348437 0.681251 0.031249 0.031249
0 0.267970 0.669531 0.029689 0.039063
0 0.485158 0.771093 0.042188 0.026562
0 0.639062 0.592186 0.040625 0.034376
0 0.206249 0.363281 0.050001 0.026562
0 0.798438 0.989063 0.024999 0.021874
0 0.842187 0.973439 0.021876 0.021874
0 0.157811 0.744531 0.028126 0.020313
0 0.444533 0.703907 0.014063 0.017187
0 0.204686 0.746094 0.012500 0.014062
0 0.113280 0.784376 0.014063 0.015626
0 0.084374 0.706249 0.015626 0.015626
0 0.925000 0.535157 0.012500 0.017187
0 0.342187 0.953907 0.018749 0.020313
0 0.093751 0.985938 0.018749 0.021874
0 0.351563 0.614063 0.018749 0.025001
0 0.284376 0.642188 0.021876 0.021874