0 0.986719 0.412501 0.026563 0.043751
0 0.942188 0.345313 0.024999 0.031249
0 0.475001 0.114062 0.056251 0.096874
0 0.487500 0.175000 0.028126 0.034376
0 0.542188 0.132812 0.031249 0.043751
0 0.575780 0.339062 0.048438 0.043751
0 0.653124 0.344531 0.050001 0.029688
0 0.457031 0.338280 0.045311 0.051562
0 0.427343 0.387500 0.054688 0.053126
0 0.063282 0.532812 0.126563 0.043751
0 0.010156 0.467187 0.020313 0.025001
0 0.193749 0.455470 0.021876 0.017187
0 0.073437 0.014062 0.021876 0.028124
0 0.102343 0.630468 0.026562 0.023437
0 0.412500 0.562500 0.024999 0.025001
0 0.639064 0.519531 0.021876 0.026562
0 0.719531 0.601564 0.017186 0.021874
0 0.360939 0.810937 0.037499 0.028125
0 0.337500 0.775001 0.021876 0.025001
0 0.307811 0.803907 0.021876 0.020313
0 0.096876 0.807031 0.056251 0.023437