0 0.374999 0.014843 0.018749 0.029686
0 0.335157 0.083593 0.026562 0.020313
0 0.316408 0.129688 0.020313 0.031249
0 0.339063 0.572657 0.028126 0.032812
0 0.287499 0.593750 0.024999 0.037500
0 0.336720 0.733595 0.032812 0.026562
0 0.360936 0.699219 0.024999 0.026562
0 0.417187 0.689844 0.024999 0.023437
0 0.430470 0.724220 0.023439 0.026562
0 0.319531 0.788281 0.014063 0.014062
0 0.525783 0.771874 0.035938 0.040624
0 0.733594 0.789845 0.029689 0.017187
0 0.549218 0.514062 0.020313 0.031249
0 0.591407 0.511720 0.017186 0.020313
0 0.642188 0.575781 0.018749 0.026562
0 0.717968 0.577344 0.023439 0.023437
0 0.810937 0.570312 0.031249 0.034376
0 0.792188 0.620314 0.024999 0.021874
0 0.953125 0.502345 0.028126 0.023437
0 0.869532 0.496094 0.026562 0.029688
0 0.929686 0.398438 0.040625 0.046875
0 0.958595 0.327344 0.029689 0.039063
0 0.428127 0.314843 0.028126 0.026562
0 0.503907 0.159374 0.032812 0.031249
0 0.530469 0.314064 0.023439 0.037500
0 0.557811 0.319530 0.015626 0.023437
0 0.721095 0.199219 0.023439 0.020313
0 0.663280 0.222656 0.020313 0.023437
0 0.678906 0.253905 0.026562 0.020313
0 0.726561 0.260938 0.018749 0.018750
0 0.699999 0.279688 0.015626 0.015626
0 0.721095 0.285939 0.014063 0.015626
0 0.689842 0.366405 0.023439 0.029688
0 0.717968 0.402344 0.026562 0.017187
0 0.812501 0.399218 0.024999 0.029688
0 0.754687 0.332813 0.021876 0.018750
0 0.737500 0.360938 0.021876 0.025001
0 0.855469 0.344531 0.023439 0.023437
0 0.836720 0.460937 0.020313 0.021874
0 0.839843 0.513281 0.026562 0.020313
0 0.944532 0.254687 0.023439 0.021874
0 0.896094 0.277343 0.026562 0.023437
0 0.838280 0.289063 0.023439 0.021874
0 0.861719 0.237500 0.020313 0.021874
0 0.900781 0.232031 0.026562 0.023437
0 0.965624 0.217187 0.015626 0.015626
0 0.944532 0.135157 0.023439 0.023437
0 0.817967 0.121874 0.032812 0.028125
0 0.753907 0.093749 0.029689 0.025001
0 0.707032 0.050001 0.020313 0.021874
0 0.675000 0.074999 0.034375 0.034376
0 0.604686 0.350782 0.028126 0.035937
0 0.109376 0.153907 0.018749 0.026562
0 0.081251 0.127343 0.015626 0.023437
0 0.023437 0.157032 0.021876 0.023437
0 0.026563 0.047656 0.021876 0.020313
0 0.077344 0.051562 0.026562 0.025001
0 0.006250 0.603124 0.012500 0.021874
0 0.110936 0.773437 0.018749 0.018750
0 0.039062 0.702343 0.018749 0.020313
0 0.780469 0.446874 0.023439 0.021874
0 0.754687 0.360157 0.018749 0.020313
0 0.788282 0.305468 0.014063 0.017187
0 0.660157 0.500781 0.023439 0.020313
0 0.637501 0.368750 0.015626 0.015626
0 0.599999 0.501563 0.018749 0.018750
0 0.459375 0.445313 0.018749 0.015626
0 0.786718 0.573439 0.026562 0.021874
0 0.817187 0.646875 0.018749 0.015626
0 0.401561 0.063282 0.024999 0.023437
0 0.085937 0.007031 0.015626 0.014062