0 0.851563 0.011718 0.034375 0.023437
0 0.805468 0.042969 0.039062 0.035937
0 0.986718 0.319530 0.026564 0.032812
0 0.792189 0.575781 0.021876 0.026562
0 0.868749 0.660156 0.031249 0.026562
0 0.878125 0.800781 0.031249 0.023437
0 0.557032 0.019531 0.020313 0.039063
0 0.264844 0.010156 0.017186 0.020312
0 0.432030 0.074999 0.026562 0.025001
0 0.354687 0.071875 0.034375 0.031249
0 0.485938 0.132812 0.021876 0.021874
0 0.540626 0.107812 0.018749 0.015626
0 0.562502 0.583593 0.021876 0.020313
0 0.393749 0.621093 0.015626 0.017187
0 0.353907 0.613281 0.017186 0.029688
0 0.328908 0.514062 0.023439 0.028125
0 0.374219 0.539063 0.017186 0.015626
0 0.530470 0.696874 0.020313 0.034376
0 0.302342 0.728907 0.029689 0.023437
0 0.283593 0.750782 0.029689 0.026562
0 0.500001 0.654687 0.018749 0.018750
0 0.517187 0.671876 0.021876 0.012499
0 0.348437 0.023437 0.021876 0.021874
0 0.013281 0.570312 0.026562 0.034376
0 0.153125 0.502345 0.028126 0.023437
0 0.069532 0.496094 0.026562 0.029688
0 0.207033 0.432812 0.026562 0.028125
0 0.129686 0.398438 0.040625 0.046875
0 0.158595 0.327344 0.029689 0.039063
0 0.012500 0.399218 0.025000 0.029688
0 0.055469 0.344531 0.023439 0.023437
0 0.036720 0.460937 0.020313 0.021874
0 0.039843 0.513281 0.026562 0.020313
0 0.144532 0.254687 0.023439 0.021874
0 0.096094 0.277343 0.026562 0.023437
0 0.038280 0.289063 0.023439 0.021874
0 0.061719 0.237500 0.020313 0.021874
0 0.100781 0.232031 0.026562 0.023437
0 0.165624 0.217187 0.015626 0.015626
0 0.144532 0.135157 0.023439 0.023437
0 0.017187 0.121874 0.034373 0.028125
0 0.013281 0.646875 0.026562 0.015626
0 0.253908 0.624219 0.020313 0.023437
0 0.926563 0.484374 0.021876 0.028125
0 0.864062 0.683593 0.021876 0.023437
0 0.812501 0.671876 0.018749 0.018750
0 0.767186 0.809374 0.024999 0.018750
0 0.407811 0.782812 0.015626 0.018750
0 0.439843 0.631249 0.017186 0.025001
0 0.873439 0.748437 0.018749 0.018750
0 0.879688 0.782031 0.018749 0.020313
0 0.385939 0.602343 0.018749 0.020313