0 0.739063 0.172657 0.028126 0.032812
0 0.687499 0.193750 0.024999 0.037500
0 0.736720 0.333595 0.032812 0.026562
0 0.760936 0.299219 0.024999 0.026562
0 0.817187 0.289844 0.024999 0.023437
0 0.830470 0.324220 0.023439 0.026562
0 0.719531 0.388281 0.014063 0.014062
0 0.925783 0.371874 0.035938 0.040624
0 0.949218 0.114062 0.020313 0.031249
0 0.991407 0.111720 0.017186 0.020313
0 0.046095 0.357812 0.026562 0.025001
0 0.156251 0.346876 0.028126 0.031249
0 0.271876 0.241406 0.018749 0.020313
0 0.338280 0.203124 0.023439 0.025001
0 0.366405 0.190625 0.023439 0.025001
0 0.400001 0.203124 0.024999 0.021874
0 0.385938 0.249218 0.021876 0.020313
0 0.392968 0.277343 0.026562 0.017187
0 0.254687 0.292187 0.018749 0.018750
0 0.279689 0.274218 0.021876 0.014062
0 0.510936 0.373437 0.018749 0.018750
0 0.209375 0.013281 0.024999 0.026562
0 0.067188 0.041407 0.021876 0.017187
0 0.106250 0.092970 0.021876 0.029688
0 0.157031 0.135936 0.026562 0.025001
0 0.039842 0.154686 0.032812 0.018750
0 0.959374 0.967187 0.021876 0.025001
0 0.940625 0.991406 0.015626 0.017187
0 0.855469 0.894530 0.020313 0.020313
0 0.623438 0.878907 0.028126 0.020313
0 0.412500 0.939062 0.018749 0.018750
0 0.337500 0.949219 0.021876 0.017187
0 0.541405 0.995312 0.029689 0.009375
0 0.053905 0.888282 0.032812 0.026562
0 0.230468 0.366407 0.017186 0.017187
0 0.385938 0.392187 0.021876 0.025001
0 0.384375 0.331250 0.015626 0.018750
0 0.439063 0.302343 0.018749 0.020313
0 0.260156 0.234376 0.020313 0.021874
0 0.246874 0.147656 0.015626 0.017187
0 0.288282 0.167970 0.017186 0.017187
0 0.995312 0.101563 0.009375 0.018750
0 0.859375 0.045313 0.018749 0.015626
0 0.014063 0.878907 0.028126 0.020313