0 0.339063 0.172657 0.028126 0.032812
0 0.287499 0.193750 0.024999 0.037500
0 0.336720 0.333595 0.032812 0.026562
0 0.360936 0.299219 0.024999 0.026562
0 0.417187 0.289844 0.024999 0.023437
0 0.430470 0.324220 0.023439 0.026562
0 0.319531 0.388281 0.014063 0.014062
0 0.525783 0.371874 0.035938 0.040624
0 0.733594 0.389845 0.029689 0.017187
0 0.549218 0.114062 0.020313 0.031249
0 0.591407 0.111720 0.017186 0.020313
0 0.642188 0.175781 0.018749 0.026562
0 0.717968 0.177344 0.023439 0.023437
0 0.810937 0.170312 0.031249 0.034376
0 0.792188 0.220314 0.024999 0.021874
0 0.953125 0.102345 0.028126 0.023437
0 0.869532 0.096094 0.026562 0.029688
0 0.717968 0.005469 0.026562 0.010937
0 0.836720 0.060937 0.020313 0.021874
0 0.839843 0.113281 0.026562 0.020313
0 0.006250 0.203124 0.012500 0.021874
0 0.110936 0.373437 0.018749 0.018750
0 0.947655 0.828905 0.035938 0.020313
0 0.825780 0.955470 0.032812 0.020313
0 0.803124 0.910937 0.021876 0.021874
0 0.778126 0.896093 0.021876 0.026562
0 0.771876 0.853124 0.021876 0.018750
0 0.559374 0.967187 0.021876 0.025001
0 0.540625 0.991406 0.015626 0.017187
0 0.455469 0.894530 0.020313 0.020313
0 0.223438 0.878907 0.028126 0.020313
0 0.010937 0.939062 0.021875 0.018750
0 0.141405 0.995312 0.029689 0.009375
0 0.039062 0.302343 0.018749 0.020313
0 0.780469 0.046874 0.023439 0.021874
0 0.660157 0.100781 0.023439 0.020313
0 0.599999 0.101563 0.018749 0.018750
0 0.459375 0.045313 0.018749 0.015626
0 0.786718 0.173439 0.026562 0.021874
0 0.817187 0.246875 0.018749 0.015626