0 0.962502 0.183593 0.021876 0.020313
0 0.793749 0.221093 0.015626 0.017187
0 0.753907 0.213281 0.017186 0.029688
0 0.728908 0.114062 0.023439 0.028125
0 0.774219 0.139063 0.017186 0.015626
0 0.930470 0.296874 0.020313 0.034376
0 0.702342 0.328907 0.029689 0.023437
0 0.683593 0.350782 0.029689 0.026562
0 0.900001 0.254687 0.018749 0.018750
0 0.917187 0.271876 0.021876 0.012499
0 0.014843 0.289844 0.029686 0.023437
0 0.030470 0.324220 0.023439 0.026562
0 0.125783 0.371874 0.035938 0.040624
0 0.333594 0.389845 0.029689 0.017187
0 0.149218 0.114062 0.020313 0.031249
0 0.191407 0.111720 0.017186 0.020313
0 0.242188 0.175781 0.018749 0.026562
0 0.317968 0.177344 0.023439 0.023437
0 0.410938 0.170312 0.031249 0.034376
0 0.392188 0.220314 0.024999 0.021874
0 0.553125 0.102345 0.028126 0.023437
0 0.469532 0.096094 0.026562 0.029688
0 0.607033 0.032812 0.026562 0.028125
0 0.317968 0.005469 0.026562 0.010937
0 0.436720 0.060937 0.020313 0.021874
0 0.439843 0.113281 0.026562 0.020313
0 0.945312 0.974999 0.028126 0.025001
0 0.943749 0.942187 0.024999 0.025001
0 0.897657 0.989844 0.020313 0.020311
0 0.851563 0.905468 0.021876 0.026562
0 0.768749 0.896875 0.034375 0.025001
0 0.723438 0.929687 0.028126 0.031249
0 0.624999 0.902344 0.018749 0.023437
0 0.606249 0.872656 0.015626 0.020313
0 0.547655 0.828905 0.035938 0.020313
0 0.425780 0.955470 0.032812 0.020313
0 0.403124 0.910937 0.021876 0.021874
0 0.378126 0.896093 0.021876 0.026562
0 0.371876 0.853124 0.021876 0.018750
0 0.159374 0.967187 0.021876 0.025001
0 0.140625 0.991406 0.015626 0.017187
0 0.055469 0.894530 0.020313 0.020313
0 0.380469 0.046874 0.023439 0.021874
0 0.260157 0.100781 0.023439 0.020313
0 0.199999 0.101563 0.018749 0.018750
0 0.059375 0.045313 0.018749 0.015626
0 0.386718 0.173439 0.026562 0.021874
0 0.417187 0.246875 0.018749 0.015626
0 0.653908 0.224219 0.020313 0.023437
0 0.807811 0.382812 0.015626 0.018750
0 0.839843 0.231249 0.017186 0.025001
0 0.785939 0.202343 0.018749 0.020313
0 0.641405 0.907813 0.020313 0.018750