0 0.788282 0.624220 0.026562 0.023437
0 0.824217 0.663280 0.020313 0.017187
0 0.308595 0.639843 0.020313 0.023437
0 0.248438 0.644530 0.031249 0.029688
0 0.605470 0.659375 0.032812 0.034376
0 0.567188 0.713282 0.021876 0.020313
0 0.600000 0.713282 0.021876 0.029688
0 0.051562 0.765626 0.034375 0.028125
0 0.128126 0.923437 0.021876 0.025001
0 0.221092 0.928125 0.020313 0.021874
0 0.042969 0.978126 0.023439 0.018750
0 0.096094 0.892188 0.020313 0.015626
0 0.610936 0.752343 0.018749 0.020313
0 0.500781 0.700780 0.014063 0.014062
0 0.498437 0.635156 0.015626 0.017187
0 0.532033 0.656250 0.014063 0.015626
0 0.443750 0.594531 0.018749 0.017187
0 0.379689 0.581251 0.006250 0.009375
0 0.870312 0.594531 0.015626 0.017187
0 0.920314 0.522656 0.012500 0.014062
0 0.989064 0.969530 0.015626 0.017187
0 0.294533 0.652345 0.017186 0.023437
0 0.285156 0.645312 0.014063 0.015626