0 0.792189 0.175781 0.021876 0.026562
0 0.868749 0.260156 0.031249 0.026562
0 0.878125 0.400781 0.031249 0.023437
0 0.562502 0.183593 0.021876 0.020313
0 0.393749 0.221093 0.015626 0.017187
0 0.353907 0.213281 0.017186 0.029688
0 0.328908 0.114062 0.023439 0.028125
0 0.374219 0.139063 0.017186 0.015626
0 0.530470 0.296874 0.020313 0.034376
0 0.302342 0.328907 0.029689 0.023437
0 0.283593 0.350782 0.029689 0.026562
0 0.500001 0.254687 0.018749 0.018750
0 0.517187 0.271876 0.021876 0.012499
0 0.013281 0.170312 0.026562 0.034376
0 0.153125 0.102345 0.028126 0.023437
0 0.069532 0.096094 0.026562 0.029688
0 0.207033 0.032812 0.026562 0.028125
0 0.036720 0.060937 0.020313 0.021874
0 0.039843 0.113281 0.026562 0.020313
0 0.797655 0.946095 0.035938 0.045312
0 0.746874 0.954688 0.034375 0.037500
0 0.728905 0.904687 0.039062 0.031249
0 0.658594 0.899218 0.029689 0.029688
0 0.612499 0.961718 0.021876 0.032812
0 0.545312 0.974999 0.028126 0.025001
0 0.543749 0.942187 0.024999 0.025001
0 0.497658 0.989844 0.020313 0.020311
0 0.451563 0.905468 0.021876 0.026562
0 0.368749 0.896875 0.034375 0.025001
0 0.323438 0.929687 0.028126 0.031249
0 0.725781 0.873438 0.020313 0.021874
0 0.224999 0.902344 0.018749 0.023437
0 0.206249 0.872656 0.015626 0.020313
0 0.147655 0.828905 0.035938 0.020313
0 0.021093 0.955470 0.042186 0.020313
0 0.007031 0.910937 0.014062 0.021874
0 0.013281 0.246875 0.026562 0.015626
0 0.253908 0.224219 0.020313 0.023437
0 0.926563 0.084374 0.021876 0.028125
0 0.864062 0.283593 0.021876 0.023437
0 0.812501 0.271876 0.018749 0.018750
0 0.767186 0.409374 0.024999 0.018750
0 0.407811 0.382812 0.015626 0.018750
0 0.439843 0.231249 0.017186 0.025001
0 0.873439 0.348437 0.018749 0.018750
0 0.879688 0.382031 0.018749 0.020313
0 0.385939 0.202343 0.018749 0.020313
0 0.241405 0.907813 0.020313 0.018750