0 0.136718 0.033594 0.039062 0.032812
0 0.516406 0.067188 0.042188 0.037500
0 0.415626 0.343750 0.034375 0.040624
0 0.221874 0.435936 0.043751 0.046875
0 0.471094 0.394531 0.035938 0.035937
0 0.081250 0.636719 0.040625 0.064062
0 0.156250 0.634374 0.034375 0.025001
0 0.378908 0.539063 0.023439 0.031249
0 0.331250 0.542188 0.028126 0.018750
0 0.320314 0.628126 0.021876 0.028125
0 0.432032 0.628126 0.026562 0.037500
0 0.502343 0.464843 0.032812 0.023437
0 0.935938 0.620312 0.024999 0.037500
0 0.952344 0.707813 0.032812 0.043751