0 0.969530 0.103125 0.020313 0.021874
0 0.915626 0.011718 0.024999 0.023436
0 0.954688 0.064843 0.024999 0.020313
0 0.949218 0.090626 0.014063 0.015626
0 0.921876 0.085938 0.015626 0.021874
0 0.837499 0.158593 0.024999 0.020313
0 0.800001 0.163280 0.018749 0.017187
0 0.717187 0.137500 0.028126 0.021874
0 0.747656 0.074218 0.020313 0.020313
0 0.660937 0.025000 0.031249 0.050000
0 0.937499 0.496094 0.021876 0.023437
0 0.827343 0.541406 0.023439 0.026562
0 0.732814 0.515626 0.028126 0.034376
0 0.953908 0.614845 0.026562 0.017187
0 0.825780 0.663281 0.023439 0.023437
0 0.885937 0.750782 0.031249 0.029688
0 0.979687 0.796875 0.018749 0.028125
0 0.766405 0.745313 0.020313 0.018750
0 0.834376 0.771875 0.024999 0.018750
0 0.657813 0.699220 0.021876 0.029688
0 0.792968 0.689845 0.026562 0.020313
0 0.877344 0.791406 0.017186 0.017187
0 0.863281 0.816407 0.020313 0.017187
0 0.579686 0.789064 0.024999 0.018750
0 0.575780 0.733593 0.026562 0.023437
0 0.328123 0.842187 0.021876 0.025001
0 0.256250 0.830469 0.012500 0.017187
0 0.232031 0.841405 0.017186 0.017187
0 0.296095 0.879687 0.023439 0.028125
0 0.277342 0.907032 0.017186 0.020313
0 0.451562 0.889062 0.031249 0.015626
0 0.100000 0.809374 0.018749 0.018750
0 0.014845 0.818749 0.029689 0.018750
0 0.035939 0.730469 0.018749 0.017187
0 0.049218 0.765626 0.017186 0.018750
0 0.131251 0.871093 0.018749 0.020313
0 0.062501 0.864063 0.018749 0.018750
0 0.196092 0.890625 0.017186 0.018750
0 0.225001 0.495313 0.024999 0.034376
0 0.199999 0.452344 0.031249 0.032812
0 0.017968 0.328906 0.035935 0.032812
0 0.053905 0.333593 0.017186 0.032812
0 0.077344 0.342187 0.023439 0.025001
0 0.210155 0.252343 0.017186 0.029688
0 0.155467 0.228126 0.014063 0.021874
0 0.236717 0.171876 0.023439 0.025001
0 0.206249 0.124220 0.037499 0.029688
0 0.285938 0.143749 0.028126 0.021874
0 0.466408 0.175782 0.029689 0.023437
0 0.343750 0.202344 0.024999 0.020313
0 0.315624 0.271093 0.021876 0.026562
0 0.386718 0.291406 0.026562 0.029688
0 0.467968 0.239062 0.017186 0.015626
0 0.553124 0.354688 0.021876 0.031249
0 0.339843 0.352343 0.023439 0.029688
0 0.301561 0.321094 0.028126 0.020313
0 0.254687 0.301563 0.021876 0.021874
0 0.353906 0.438281 0.023439 0.029688
0 0.265626 0.414844 0.021876 0.017187
0 0.182813 0.514063 0.024999 0.021874
0 0.274999 0.377344 0.015626 0.017187
0 0.295311 0.352343 0.021876 0.020313
0 0.316407 0.376562 0.017186 0.028125
0 0.383594 0.403906 0.023439 0.020313
0 0.400780 0.368751 0.032812 0.031249
0 0.298438 0.990625 0.028126 0.018749
0 0.992970 0.731250 0.014060 0.015626
0 0.563280 0.467188 0.020313 0.021874
0 0.263283 0.442187 0.017186 0.015626
0 0.271093 0.627344 0.026562 0.017187
0 0.284375 0.267187 0.015626 0.015626
0 0.199999 0.324218 0.015626 0.020313
0 0.182813 0.365624 0.018749 0.018750
0 0.197656 0.082032 0.017186 0.020313
0 0.275782 0.078124 0.017186 0.018750
0 0.370312 0.521093 0.018749 0.020313
0 0.235937 0.309374 0.015626 0.018750
0 0.560157 0.332032 0.017186 0.020313
0 0.846876 0.539843 0.021876 0.023437