0 0.959375 0.092968 0.043751 0.042187
0 0.943749 0.771875 0.031249 0.034376
0 0.978908 0.839063 0.023439 0.025001
0 0.740624 0.155469 0.024999 0.029688
0 0.631249 0.070312 0.031249 0.031249
0 0.535936 0.060156 0.034375 0.035937
0 0.474999 0.133595 0.040625 0.042187
0 0.731251 0.013281 0.028126 0.026563
0 0.558595 0.253906 0.029689 0.029688
0 0.521093 0.275780 0.020313 0.023437
0 0.573438 0.412499 0.031249 0.037500
0 0.784376 0.641407 0.028126 0.039063
0 0.757030 0.713282 0.020313 0.032812
0 0.483595 0.624220 0.029689 0.035937
0 0.434373 0.600001 0.018749 0.043751
0 0.510157 0.477344 0.023439 0.017187
0 0.522656 0.503124 0.020313 0.021874
0 0.539062 0.461719 0.015626 0.020313
0 0.370313 0.685157 0.028126 0.029688
0 0.467969 0.785155 0.032812 0.042187
0 0.405468 0.843750 0.029689 0.025001
0 0.248438 0.782031 0.021876 0.014062
0 0.220312 0.867969 0.021876 0.026562
0 0.191407 0.826564 0.023439 0.025001
0 0.311718 0.717970 0.014063 0.023437
0 0.328125 0.704686 0.015626 0.021874
0 0.103124 0.876563 0.024999 0.021874
0 0.067968 0.821876 0.026562 0.031249
0 0.008594 0.424219 0.017189 0.023437
0 0.048436 0.445311 0.028126 0.025001
0 0.072655 0.581251 0.017186 0.025001
0 0.194530 0.427343 0.023439 0.032812
0 0.140625 0.432030 0.018749 0.023437
0 0.088281 0.378126 0.020313 0.021874
0 0.136719 0.332812 0.032812 0.018750
0 0.073438 0.318749 0.024999 0.028125
0 0.046093 0.261718 0.023439 0.032812
0 0.239062 0.203907 0.031249 0.029688
0 0.309375 0.292188 0.021876 0.031249
0 0.142969 0.271874 0.014063 0.015626
0 0.164061 0.311719 0.018749 0.026562
0 0.214842 0.134374 0.023439 0.031249
0 0.107813 0.053126 0.021876 0.037500
0 0.609376 0.988281 0.028126 0.023438
0 0.514843 0.992188 0.032812 0.015624
0 0.308595 0.985938 0.023439 0.021874
0 0.120313 0.607031 0.018749 0.017187
0 0.043750 0.614063 0.015626 0.015626
0 0.005469 0.582812 0.010938 0.018750
0 0.237502 0.485938 0.018749 0.028125
0 0.778126 0.475000 0.018749 0.018750
0 0.771093 0.850001 0.020313 0.025001
0 0.033593 0.907812 0.020313 0.021874
0 0.328125 0.986720 0.024999 0.020313