0 0.530468 0.170312 0.026562 0.018750
0 0.344533 0.232031 0.020313 0.017187
0 0.968750 0.983593 0.028126 0.026562
0 0.382031 0.914844 0.020313 0.023437
0 0.367188 0.817970 0.031249 0.029688
0 0.314844 0.479687 0.017186 0.018750
0 0.466407 0.974218 0.017186 0.017187
0 0.776561 0.871093 0.018749 0.023437
0 0.644530 0.873438 0.035938 0.028125
0 0.587499 0.375001 0.031249 0.025001
0 0.507032 0.375001 0.020313 0.021874
0 0.473437 0.461718 0.018749 0.017187
0 0.788281 0.577344 0.029689 0.026562
0 0.744533 0.671094 0.023439 0.026562
0 0.678125 0.632031 0.024999 0.026562
0 0.671093 0.697656 0.020313 0.023437
0 0.559374 0.694532 0.024999 0.026562
0 0.560937 0.809374 0.037499 0.028125
0 0.526562 0.774219 0.043751 0.039063
0 0.935155 0.673437 0.026562 0.034376
0 0.793751 0.457031 0.021876 0.023437
0 0.708594 0.503906 0.035938 0.032812
0 0.875781 0.359375 0.026562 0.025001
0 0.946094 0.425782 0.023439 0.023437
0 0.750782 0.318751 0.023439 0.025001
0 0.964844 0.675782 0.026562 0.020313
0 0.984376 0.699219 0.021876 0.023437
0 0.922655 0.775782 0.023439 0.020313
0 0.762499 0.885155 0.018749 0.017187
0 0.737500 0.507811 0.028126 0.025001
0 0.782031 0.467187 0.023439 0.021874
0 0.589843 0.399999 0.023439 0.021874
0 0.616405 0.410937 0.020313 0.021874
0 0.531251 0.422657 0.015626 0.017187
0 0.889843 0.317188 0.017186 0.018750
0 0.860155 0.289063 0.017186 0.018750
0 0.753126 0.295314 0.015626 0.012499
0 0.366405 0.255469 0.020313 0.017187
0 0.958594 0.399999 0.017186 0.015626
0 0.856251 0.430469 0.021876 0.020313
0 0.554687 0.590625 0.015626 0.012499
0 0.603905 0.574218 0.020313 0.017187
0 0.604688 0.849219 0.015626 0.020313
0 0.616405 0.850782 0.017186 0.017187
0 0.456251 0.989843 0.021876 0.020313
0 0.430469 0.984374 0.014063 0.018750
0 0.392187 0.878907 0.015626 0.017187
0 0.342969 0.882813 0.014063 0.021874
0 0.370312 0.882813 0.021876 0.018750
0 0.365625 0.897657 0.021876 0.023437
0 0.305468 0.491406 0.014063 0.017187
0 0.311717 0.528125 0.014063 0.018750
0 0.964064 0.151562 0.015626 0.015626