0 0.992187 0.025000 0.015626 0.018750
0 0.872655 0.017969 0.029689 0.035937
0 0.789845 0.044532 0.026562 0.020313
0 0.463281 0.012500 0.020313 0.025000
0 0.051562 0.089062 0.031249 0.015626
0 0.440626 0.204688 0.024999 0.031249
0 0.308595 0.222656 0.029689 0.023437
0 0.855469 0.204688 0.035938 0.037500
0 0.964061 0.193750 0.028126 0.028125
0 0.044532 0.203125 0.023439 0.021874
0 0.118749 0.642969 0.028126 0.026562
0 0.169530 0.714063 0.032812 0.025001
0 0.282032 0.717969 0.045311 0.035937
0 0.246094 0.840625 0.039062 0.034376
0 0.346093 0.866405 0.029689 0.026562
0 0.065625 0.883594 0.040625 0.029688
0 0.434376 0.751563 0.037499 0.028125
0 0.469531 0.714845 0.026562 0.032812
0 0.699999 0.820312 0.028126 0.025001
0 0.728124 0.714063 0.028126 0.031249
0 0.919533 0.797656 0.032812 0.026562
0 0.853126 0.965624 0.024999 0.025001
0 0.939062 0.852343 0.021876 0.026562
0 0.699218 0.622656 0.020313 0.032812
0 0.653124 0.839062 0.012500 0.015626
0 0.320314 0.627344 0.015626 0.017187
0 0.192186 0.656250 0.021876 0.021874
0 0.662500 0.197656 0.015626 0.014062
0 0.984374 0.991407 0.021876 0.017187