0 0.989844 0.026564 0.020313 0.025001
0 0.903124 0.076563 0.024999 0.021874
0 0.867968 0.018750 0.026562 0.037501
0 0.746094 0.038281 0.032812 0.026562
0 0.596093 0.025000 0.023439 0.018750
0 0.632032 0.037499 0.017186 0.028125
0 0.472655 0.017969 0.029689 0.035937
0 0.389845 0.044532 0.026562 0.020313
0 0.063281 0.012500 0.020313 0.025000
0 0.040626 0.204688 0.024999 0.031249
0 0.455469 0.204688 0.035938 0.037500
0 0.564061 0.193750 0.028126 0.028125
0 0.026563 0.751563 0.053125 0.028125
0 0.069531 0.714845 0.026562 0.032812
0 0.299999 0.820312 0.028126 0.025001
0 0.328124 0.714063 0.028126 0.031249
0 0.519533 0.797656 0.032812 0.026562
0 0.453126 0.965624 0.024999 0.025001
0 0.600783 0.910938 0.026562 0.025001
0 0.539062 0.852343 0.021876 0.026562
0 0.641408 0.789845 0.032812 0.023437
0 0.935156 0.653126 0.017186 0.021874
0 0.994531 0.601564 0.010938 0.018750
0 0.952345 0.982032 0.023439 0.020313
0 0.650781 0.981250 0.020313 0.028125
0 0.753127 0.913280 0.018749 0.029688
0 0.904687 0.888282 0.028126 0.023437
0 0.796875 0.939844 0.015626 0.023437
0 0.901564 0.928906 0.024999 0.026562
0 0.954688 0.910938 0.018749 0.021874
0 0.933592 0.890625 0.014063 0.018750
0 0.299218 0.622656 0.020313 0.032812
0 0.253124 0.839062 0.012500 0.015626
0 0.262500 0.197656 0.015626 0.014062
0 0.646094 0.180469 0.023439 0.020313
0 0.833593 0.107812 0.020313 0.021874
0 0.949219 0.658593 0.017186 0.020313
0 0.809374 0.925782 0.018749 0.017187
0 0.796875 0.905469 0.018749 0.017187
0 0.674220 0.953125 0.023439 0.018750
0 0.584374 0.991407 0.021876 0.017187
0 0.646874 0.032030 0.021876 0.026562