0 0.805468 0.043750 0.029689 0.025001
0 0.620312 0.067969 0.021876 0.026562
0 0.591407 0.026564 0.023439 0.025001
0 0.503124 0.076563 0.024999 0.021874
0 0.467968 0.018750 0.026562 0.037501
0 0.346094 0.038281 0.032812 0.026562
0 0.196093 0.025000 0.023439 0.018750
0 0.232032 0.037499 0.017186 0.028125
0 0.072655 0.017969 0.029689 0.035937
0 0.914843 0.195313 0.032812 0.021874
0 0.708595 0.185938 0.023439 0.021874
0 0.055469 0.204688 0.035938 0.037500
0 0.164061 0.193750 0.028126 0.028125
0 0.119533 0.797656 0.032812 0.026562
0 0.053126 0.965624 0.024999 0.025001
0 0.200783 0.910938 0.026562 0.025001
0 0.139062 0.852343 0.021876 0.026562
0 0.241408 0.789845 0.032812 0.023437
0 0.773436 0.740625 0.028126 0.031249
0 0.535156 0.653126 0.017186 0.021874
0 0.598437 0.601564 0.018749 0.018750
0 0.646094 0.595313 0.020313 0.021874
0 0.900001 0.737501 0.021876 0.028125
0 0.864062 0.766407 0.021876 0.026562
0 0.767969 0.870314 0.020313 0.015626
0 0.552345 0.982032 0.023439 0.020313
0 0.250781 0.981250 0.020313 0.028125
0 0.353127 0.913280 0.018749 0.029688
0 0.504687 0.888282 0.028126 0.023437
0 0.396875 0.939844 0.015626 0.023437
0 0.501564 0.928906 0.024999 0.026562
0 0.554688 0.910938 0.018749 0.021874
0 0.533592 0.890625 0.014063 0.018750
0 0.246094 0.180469 0.023439 0.020313
0 0.433593 0.107812 0.020313 0.021874
0 0.549219 0.658593 0.017186 0.020313
0 0.409374 0.925782 0.018749 0.017187
0 0.396875 0.905469 0.018749 0.017187
0 0.274220 0.953125 0.023439 0.018750
0 0.184374 0.991407 0.021876 0.017187
0 0.886718 0.585156 0.017186 0.017187
0 0.728125 0.186720 0.024999 0.020313
0 0.246874 0.032030 0.021876 0.026562