0 0.921093 0.170312 0.020313 0.021874
0 0.862501 0.183593 0.021876 0.023437
0 0.622655 0.207031 0.023439 0.023437
0 0.130468 0.170312 0.026562 0.018750
0 0.867188 0.393751 0.024999 0.025001
0 0.833593 0.775001 0.032812 0.040624
0 0.926562 0.807813 0.034375 0.043751
0 0.710938 0.839844 0.031249 0.026562
0 0.568750 0.983593 0.028126 0.026562
0 0.066407 0.974218 0.017186 0.017187
0 0.376561 0.871093 0.018749 0.023437
0 0.244530 0.873438 0.035938 0.028125
0 0.187499 0.375001 0.031249 0.025001
0 0.107033 0.375001 0.020313 0.021874
0 0.073437 0.461718 0.018749 0.017187
0 0.388281 0.577344 0.029689 0.026562
0 0.344533 0.671094 0.023439 0.026562
0 0.278125 0.632031 0.024999 0.026562
0 0.271093 0.697656 0.020313 0.023437
0 0.159374 0.694532 0.024999 0.026562
0 0.160937 0.809374 0.037499 0.028125
0 0.126562 0.774219 0.043751 0.039063
0 0.535155 0.673437 0.026562 0.034376
0 0.393751 0.457031 0.021876 0.023437
0 0.308594 0.503906 0.035938 0.032812
0 0.475781 0.359375 0.026562 0.025001
0 0.546094 0.425782 0.023439 0.023437
0 0.350782 0.318751 0.023439 0.025001
0 0.564844 0.675782 0.026562 0.020313
0 0.584376 0.699219 0.021876 0.023437
0 0.522655 0.775782 0.023439 0.020313
0 0.943751 0.745312 0.018749 0.021874
0 0.773438 0.171876 0.021876 0.018750
0 0.673436 0.182811 0.018749 0.015626
0 0.362499 0.885155 0.018749 0.017187
0 0.337500 0.507811 0.028126 0.025001
0 0.382031 0.467187 0.023439 0.021874
0 0.189843 0.399999 0.023439 0.021874
0 0.216405 0.410937 0.020313 0.021874
0 0.131251 0.422657 0.015626 0.017187
0 0.489843 0.317188 0.017186 0.018750
0 0.460155 0.289063 0.017186 0.018750
0 0.353126 0.295314 0.015626 0.012499
0 0.558594 0.399999 0.017186 0.015626
0 0.456251 0.430469 0.021876 0.020313
0 0.154687 0.590625 0.015626 0.012499
0 0.203905 0.574218 0.020313 0.017187
0 0.204688 0.849219 0.015626 0.020313
0 0.216405 0.850782 0.017186 0.017187
0 0.056251 0.989843 0.021876 0.020313
0 0.030469 0.984374 0.014063 0.018750
0 0.564064 0.151562 0.015626 0.015626
0 0.880467 0.187499 0.014063 0.012499