0 0.011719 0.258593 0.023438 0.026562
0 0.047655 0.277343 0.026562 0.020313
0 0.147657 0.250781 0.017186 0.017187
0 0.518749 0.242969 0.028126 0.026562
0 0.569530 0.314063 0.032812 0.025001
0 0.682032 0.317969 0.045311 0.035937
0 0.646094 0.440625 0.039062 0.034376
0 0.746093 0.466405 0.029689 0.026562
0 0.465624 0.483594 0.040625 0.029688
0 0.267969 0.379688 0.032812 0.025001
0 0.342969 0.378125 0.029689 0.021874
0 0.393751 0.348437 0.024999 0.018750
0 0.338280 0.409374 0.017186 0.015626
0 0.310937 0.444531 0.024999 0.026562
0 0.310937 0.512501 0.024999 0.025001
0 0.162500 0.463281 0.028126 0.026562
0 0.067968 0.507032 0.035938 0.026562
0 0.010156 0.567969 0.020313 0.032812
0 0.064061 0.682812 0.024999 0.028125
0 0.021874 0.609375 0.043748 0.031249
0 0.011719 0.800001 0.023438 0.034376
0 0.325780 0.554688 0.029689 0.021874
0 0.349219 0.578905 0.026562 0.023437
0 0.285155 0.738282 0.020313 0.023437
0 0.190626 0.786718 0.024999 0.023437
0 0.214062 0.760156 0.028126 0.017187
0 0.834376 0.351563 0.037499 0.028125
0 0.869531 0.314845 0.026562 0.032812
0 0.178906 0.913282 0.032812 0.035937
0 0.273439 0.860157 0.031249 0.039063
0 0.281249 0.916407 0.024999 0.029688
0 0.528905 0.772655 0.032812 0.029688
0 0.348436 0.824999 0.021876 0.031249
0 0.258593 0.826563 0.020313 0.015626
0 0.384375 0.778906 0.028126 0.020313
0 0.424220 0.803907 0.023439 0.023437
0 0.425000 0.717969 0.021876 0.023437
0 0.460938 0.671876 0.024999 0.025001
0 0.471874 0.710936 0.034375 0.028125
0 0.334376 0.721875 0.021876 0.025001
0 0.198439 0.689844 0.024999 0.014062
0 0.199219 0.710157 0.020313 0.020313
0 0.828906 0.957031 0.051561 0.048438
0 0.759376 0.932032 0.021876 0.020313
0 0.790625 0.881249 0.021876 0.025001
0 0.753906 0.870313 0.023439 0.021874
0 0.610155 0.928906 0.017186 0.017187
0 0.720314 0.227344 0.015626 0.017187
0 0.592186 0.256250 0.021876 0.021874
0 0.245314 0.616407 0.018749 0.017187
0 0.282032 0.574999 0.020313 0.015626
0 0.221874 0.477344 0.012500 0.014062
0 0.192189 0.480468 0.021876 0.017187
0 0.309374 0.486719 0.015626 0.017187
0 0.210155 0.678124 0.017186 0.015626
0 0.308594 0.717969 0.020313 0.020313
0 0.453905 0.829687 0.017186 0.018750
0 0.610938 0.875780 0.018749 0.020313
0 0.696875 0.968751 0.015626 0.018750
0 0.736720 0.909374 0.017186 0.015626
0 0.042969 0.521094 0.023439 0.026562
0 0.032032 0.806249 0.020313 0.028125
0 0.214845 0.709376 0.023439 0.021874