0 0.118749 0.242969 0.028126 0.026562
0 0.169530 0.314063 0.032812 0.025001
0 0.282032 0.317969 0.045311 0.035937
0 0.246094 0.440625 0.039062 0.034376
0 0.346093 0.466405 0.029689 0.026562
0 0.065625 0.483594 0.040625 0.029688
0 0.434376 0.351563 0.037499 0.028125
0 0.469531 0.314845 0.026562 0.032812
0 0.128905 0.772655 0.032812 0.029688
0 0.024220 0.803907 0.023439 0.023437
0 0.025000 0.717969 0.021876 0.023437
0 0.060938 0.671876 0.024999 0.025001
0 0.071874 0.710936 0.034375 0.028125
0 0.428906 0.957031 0.051561 0.048438
0 0.359376 0.932032 0.021876 0.020313
0 0.390625 0.881249 0.021876 0.025001
0 0.353906 0.870313 0.023439 0.021874
0 0.210155 0.928906 0.017186 0.017187
0 0.703125 0.890624 0.031249 0.028125
0 0.699999 0.420312 0.028126 0.025001
0 0.728124 0.314063 0.028126 0.031249
0 0.919533 0.397656 0.032812 0.026562
0 0.853126 0.565624 0.024999 0.025001
0 0.939062 0.452343 0.021876 0.026562
0 0.867188 0.789063 0.028126 0.031249
0 0.878124 0.688281 0.018749 0.020313
0 0.971874 0.831250 0.028126 0.031249
0 0.992968 0.641406 0.014063 0.023437
0 0.991407 0.676563 0.017186 0.018750
0 0.699218 0.222656 0.020313 0.032812
0 0.653124 0.439062 0.012500 0.015626
0 0.320314 0.227344 0.015626 0.017187
0 0.192186 0.256250 0.021876 0.021874
0 0.053905 0.829687 0.017186 0.018750
0 0.210938 0.875780 0.018749 0.020313
0 0.296875 0.968751 0.015626 0.018750
0 0.336720 0.909374 0.017186 0.015626
0 0.938282 0.899218 0.020313 0.017187
0 0.984374 0.592188 0.021876 0.018750