0 0.026563 0.351563 0.053125 0.028125
0 0.069531 0.314845 0.026562 0.032812
0 0.027343 0.957031 0.054687 0.048438
0 0.303125 0.890624 0.031249 0.028125
0 0.299999 0.420312 0.028126 0.025001
0 0.328124 0.314063 0.028126 0.031249
0 0.519533 0.397656 0.032812 0.026562
0 0.453126 0.565624 0.024999 0.025001
0 0.600783 0.510938 0.026562 0.025001
0 0.539062 0.452343 0.021876 0.026562
0 0.641408 0.389845 0.032812 0.023437
0 0.935156 0.253126 0.017186 0.021874
0 0.994531 0.201564 0.010938 0.018750
0 0.467188 0.789063 0.028126 0.031249
0 0.478124 0.688281 0.018749 0.020313
0 0.607812 0.735937 0.034375 0.031249
0 0.571874 0.831250 0.028126 0.031249
0 0.810158 0.804689 0.023439 0.031249
0 0.860939 0.786718 0.024999 0.023437
0 0.693749 0.789844 0.028126 0.026562
0 0.791405 0.841407 0.026562 0.026562
0 0.952345 0.582032 0.023439 0.020313
0 0.597656 0.641406 0.023439 0.023437
0 0.595313 0.676563 0.024999 0.018750
0 0.639061 0.664843 0.018749 0.026562
0 0.650781 0.581250 0.020313 0.028125
0 0.701562 0.614844 0.024999 0.026562
0 0.714845 0.660937 0.023439 0.043751
0 0.697656 0.692968 0.035938 0.029688
0 0.742187 0.673437 0.021876 0.025001
0 0.758593 0.706249 0.029689 0.021874
0 0.753127 0.513280 0.018749 0.029688
0 0.904687 0.488282 0.028126 0.023437
0 0.796875 0.539844 0.015626 0.023437
0 0.901564 0.528906 0.024999 0.026562
0 0.954688 0.510938 0.018749 0.021874
0 0.933592 0.490625 0.014063 0.018750
0 0.835157 0.739061 0.026562 0.028125
0 0.789845 0.726562 0.017186 0.021874
0 0.299218 0.222656 0.020313 0.032812
0 0.253124 0.439062 0.012500 0.015626
0 0.949219 0.258593 0.017186 0.020313
0 0.809374 0.525782 0.018749 0.017187
0 0.796875 0.505469 0.018749 0.017187
0 0.674220 0.553125 0.023439 0.018750
0 0.538282 0.899218 0.020313 0.017187
0 0.584374 0.592188 0.021876 0.018750