0 0.119533 0.397656 0.032812 0.026562
0 0.053126 0.565624 0.024999 0.025001
0 0.200783 0.510938 0.026562 0.025001
0 0.139062 0.452343 0.021876 0.026562
0 0.241408 0.389845 0.032812 0.023437
0 0.773436 0.340625 0.028126 0.031249
0 0.535156 0.253126 0.017186 0.021874
0 0.598437 0.201564 0.018749 0.018750
0 0.646094 0.195313 0.020313 0.021874
0 0.900001 0.337501 0.021876 0.028125
0 0.864062 0.366407 0.021876 0.026562
0 0.767969 0.470314 0.020313 0.015626
0 0.942969 0.838280 0.020313 0.023437
0 0.850000 0.792969 0.028126 0.023437
0 0.774219 0.810155 0.023439 0.023437
0 0.784376 0.890624 0.031249 0.028125
0 0.826564 0.956249 0.024999 0.034376
0 0.713282 0.952343 0.029689 0.020313
0 0.067188 0.789063 0.028126 0.031249
0 0.078124 0.688281 0.018749 0.020313
0 0.207813 0.735937 0.034375 0.031249
0 0.171874 0.831250 0.028126 0.031249
0 0.410158 0.804689 0.023439 0.031249
0 0.460939 0.786718 0.024999 0.023437
0 0.293749 0.789844 0.028126 0.026562
0 0.391405 0.841407 0.026562 0.026562
0 0.552345 0.582032 0.023439 0.020313
0 0.197656 0.641406 0.023439 0.023437
0 0.195313 0.676563 0.024999 0.018750
0 0.239061 0.664843 0.018749 0.026562
0 0.250781 0.581250 0.020313 0.028125
0 0.301562 0.614844 0.024999 0.026562
0 0.314845 0.660937 0.023439 0.043751
0 0.297656 0.692968 0.035938 0.029688
0 0.342187 0.673437 0.021876 0.025001
0 0.358593 0.706249 0.029689 0.021874
0 0.353127 0.513280 0.018749 0.029688
0 0.504687 0.488282 0.028126 0.023437
0 0.396875 0.539844 0.015626 0.023437
0 0.501564 0.528906 0.024999 0.026562
0 0.554688 0.510938 0.018749 0.021874
0 0.533592 0.490625 0.014063 0.018750
0 0.435157 0.739061 0.026562 0.028125
0 0.389845 0.726562 0.017186 0.021874
0 0.549219 0.258593 0.017186 0.020313
0 0.409374 0.525782 0.018749 0.017187
0 0.396875 0.505469 0.018749 0.017187
0 0.274220 0.553125 0.023439 0.018750
0 0.138282 0.899218 0.020313 0.017187
0 0.184374 0.592188 0.021876 0.018750
0 0.886718 0.185156 0.017186 0.017187