0 0.373436 0.340625 0.028126 0.031249
0 0.135156 0.253126 0.017186 0.021874
0 0.198437 0.201564 0.018749 0.018750
0 0.246094 0.195313 0.020313 0.021874
0 0.500001 0.337501 0.021876 0.028125
0 0.464062 0.366407 0.021876 0.026562
0 0.367969 0.470314 0.020313 0.015626
0 0.542969 0.838280 0.020313 0.023437
0 0.450000 0.792969 0.028126 0.023437
0 0.374219 0.810155 0.023439 0.023437
0 0.384376 0.890624 0.031249 0.028125
0 0.426564 0.956249 0.024999 0.034376
0 0.313282 0.952343 0.029689 0.020313
0 0.010939 0.804689 0.021877 0.031249
0 0.060939 0.786718 0.024999 0.023437
0 0.152345 0.582032 0.023439 0.020313
0 0.104687 0.488282 0.028126 0.023437
0 0.101564 0.528906 0.024999 0.026562
0 0.154688 0.510938 0.018749 0.021874
0 0.133592 0.490625 0.014063 0.018750
0 0.035157 0.739061 0.026562 0.028125
0 0.771093 0.250781 0.029689 0.032812
0 0.814061 0.196094 0.028126 0.029688
0 0.785156 0.953125 0.029689 0.031249
0 0.962498 0.726562 0.021876 0.034376
0 0.989062 0.664062 0.021875 0.021874
0 0.937500 0.581250 0.024999 0.028125
0 0.149219 0.258593 0.017186 0.020313
0 0.009374 0.525782 0.018749 0.017187
0 0.486718 0.185156 0.017186 0.017187