0 0.857812 0.144532 0.015626 0.017187
0 0.738280 0.373438 0.029689 0.028125
0 0.736720 0.883594 0.032812 0.045312
0 0.800781 0.910938 0.035938 0.043751
0 0.907030 0.539063 0.032812 0.028125
0 0.880468 0.592189 0.042188 0.043751
0 0.942969 0.662501 0.060937 0.043751
0 0.521093 0.170312 0.020313 0.021874
0 0.462501 0.183593 0.021876 0.023437
0 0.222655 0.207031 0.023439 0.023437
0 0.467188 0.393751 0.024999 0.025001
0 0.433593 0.775001 0.032812 0.040624
0 0.526562 0.807813 0.034375 0.043751
0 0.310938 0.839844 0.031249 0.026562
0 0.168750 0.983593 0.028126 0.026562
0 0.135155 0.673437 0.026562 0.034376
0 0.075781 0.359375 0.026562 0.025001
0 0.146094 0.425782 0.023439 0.023437
0 0.901563 0.960155 0.021876 0.017187
0 0.164844 0.675782 0.026562 0.020313
0 0.184376 0.699219 0.021876 0.023437
0 0.122655 0.775782 0.023439 0.020313
0 0.543751 0.745312 0.018749 0.021874
0 0.373438 0.171876 0.021876 0.018750
0 0.273436 0.182811 0.018749 0.015626
0 0.089843 0.317188 0.017186 0.018750
0 0.060155 0.289063 0.017186 0.018750
0 0.158594 0.399999 0.017186 0.015626
0 0.056251 0.430469 0.021876 0.020313
0 0.164064 0.151562 0.015626 0.015626
0 0.480467 0.187499 0.014063 0.012499