0 0.671876 0.013282 0.028126 0.026564
0 0.010156 0.094531 0.020313 0.035937
0 0.175000 0.369532 0.028126 0.032812
0 0.070311 0.433594 0.021876 0.039063
0 0.056251 0.496094 0.018749 0.017187
0 0.217968 0.478905 0.023439 0.023437
0 0.185936 0.496094 0.034375 0.029688
0 0.589063 0.457031 0.021876 0.026562
0 0.636718 0.383594 0.014063 0.029688
0 0.702345 0.376562 0.017186 0.025001
0 0.628125 0.513281 0.018749 0.020313
0 0.854689 0.366405 0.015626 0.029688
0 0.879688 0.398439 0.018749 0.021874
0 0.803907 0.457031 0.020313 0.017187
0 0.800001 0.487501 0.018749 0.018750
0 0.980470 0.803126 0.029689 0.043751
0 0.917970 0.835157 0.032812 0.020313
0 0.869532 0.720312 0.039062 0.034376
0 0.878124 0.683594 0.024999 0.020313
0 0.940625 0.684375 0.028126 0.028125
0 0.589843 0.762499 0.035938 0.028125
0 0.641408 0.833593 0.032812 0.026562
0 0.221095 0.710937 0.029689 0.031249
0 0.154688 0.817188 0.024999 0.028125
0 0.828127 0.867969 0.031249 0.026562
0 0.092970 0.697656 0.020313 0.023437
0 0.359376 0.769532 0.015626 0.020313
0 0.264843 0.762499 0.014063 0.015626
0 0.602343 0.776562 0.029689 0.021874
0 0.646874 0.817970 0.024999 0.020313
0 0.560158 0.359375 0.020313 0.018750
0 0.650000 0.377344 0.018749 0.023437