0 0.207031 0.053125 0.039062 0.028125
0 0.300001 0.052343 0.034375 0.032812
0 0.351562 0.079687 0.015626 0.018750
0 0.349219 0.110157 0.017186 0.017187
0 0.870311 0.026563 0.021876 0.053125
0 0.856251 0.096094 0.018749 0.017187
0 0.984374 0.096094 0.031251 0.029688
0 0.954688 0.417188 0.024999 0.028125
0 0.724220 0.326563 0.023439 0.025001
0 0.674219 0.328905 0.029689 0.017187
0 0.342186 0.311719 0.024999 0.026562
0 0.516406 0.428906 0.035938 0.029688
0 0.250000 0.384376 0.034375 0.028125
0 0.036719 0.480468 0.032812 0.039063
0 0.228124 0.858594 0.037499 0.023437
0 0.318750 0.840625 0.028126 0.021874
0 0.897657 0.689063 0.014063 0.015626
0 0.436719 0.412501 0.014063 0.018750
0 0.428906 0.348437 0.017186 0.015626
0 0.675782 0.343749 0.026562 0.021874
0 0.892970 0.297656 0.020313 0.023437
0 0.847655 0.845313 0.017186 0.021874
0 0.131251 0.413282 0.015626 0.017187