0 0.864062 0.153126 0.040625 0.034376
0 0.742187 0.378907 0.037499 0.039063
0 0.736720 0.883594 0.032812 0.045312
0 0.800781 0.910938 0.035938 0.043751
0 0.907030 0.539063 0.032812 0.028125
0 0.880468 0.592189 0.042188 0.043751
0 0.942969 0.662501 0.060937 0.043751
0 0.523439 0.167188 0.040625 0.046875
0 0.467188 0.188281 0.043751 0.039063
0 0.222655 0.210157 0.035938 0.042187
0 0.468751 0.396875 0.043751 0.040624
0 0.435156 0.774219 0.045311 0.064062
0 0.526562 0.807813 0.034375 0.043751
0 0.314844 0.846874 0.073437 0.040624
0 0.164844 0.985157 0.048438 0.029687
0 0.130468 0.676563 0.035938 0.040624
0 0.075001 0.358593 0.046875 0.039063
0 0.148438 0.434375 0.046875 0.046875
0 0.901563 0.960155 0.021876 0.017187
0 0.164844 0.675782 0.026562 0.020313
0 0.184376 0.699219 0.021876 0.023437
0 0.122655 0.775782 0.023439 0.020313
0 0.543751 0.745312 0.018749 0.021874
0 0.373438 0.171876 0.021876 0.018750
0 0.273436 0.182811 0.018749 0.015626