0 0.457812 0.144532 0.015626 0.017187
0 0.338280 0.373438 0.029689 0.028125
0 0.336720 0.883594 0.032812 0.045312
0 0.400781 0.910938 0.035938 0.043751
0 0.851562 0.365626 0.034375 0.028125
0 0.928126 0.523437 0.021876 0.025001
0 0.630468 0.401563 0.020313 0.028125
0 0.507030 0.539063 0.032812 0.028125
0 0.480468 0.592189 0.042188 0.043751
0 0.624998 0.623438 0.034375 0.034376
0 0.542969 0.662501 0.060937 0.043751
0 0.809374 0.619532 0.024999 0.032812
0 0.754687 0.616405 0.021876 0.020313
0 0.819531 0.696093 0.023439 0.023437
0 0.121093 0.170312 0.020313 0.021874
0 0.062501 0.183593 0.021876 0.023437
0 0.067188 0.393751 0.024999 0.025001
0 0.033593 0.775001 0.032812 0.040624
0 0.126562 0.807813 0.034375 0.043751
0 0.623439 0.649999 0.037499 0.034376
0 0.842969 0.578126 0.023439 0.018750
0 0.896094 0.492188 0.020313 0.015626
0 0.620312 0.307031 0.031249 0.020313
0 0.501563 0.960155 0.021876 0.017187
0 0.143751 0.745312 0.018749 0.021874
0 0.717968 0.624219 0.014063 0.014062
0 0.080467 0.187499 0.014063 0.012499