0 0.788282 0.224220 0.026562 0.023437
0 0.824217 0.263280 0.020313 0.017187
0 0.806251 0.747657 0.031249 0.045312
0 0.298439 0.241406 0.037499 0.039063
0 0.248438 0.244530 0.031249 0.029688
0 0.605470 0.259375 0.032812 0.034376
0 0.567188 0.313282 0.021876 0.020313
0 0.600000 0.313282 0.021876 0.029688
0 0.604687 0.934375 0.024999 0.028125
0 0.465626 0.976563 0.021876 0.031249
0 0.318752 0.817970 0.040625 0.029688
0 0.339064 0.988281 0.031249 0.023437
0 0.393749 0.989062 0.028126 0.021877
0 0.039063 0.367968 0.078126 0.057813
0 0.130469 0.524219 0.045311 0.042187
0 0.010937 0.617969 0.021874 0.035937
0 0.019531 0.700001 0.039063 0.037500
0 0.218749 0.534375 0.024999 0.034376
0 0.043750 0.578905 0.024999 0.020313
0 0.100001 0.494531 0.028126 0.020313
0 0.478125 0.949219 0.018749 0.023437
0 0.610936 0.352343 0.018749 0.020313
0 0.500781 0.300780 0.014063 0.014062
0 0.498437 0.235156 0.015626 0.017187
0 0.532033 0.256250 0.014063 0.015626
0 0.443750 0.194531 0.018749 0.017187
0 0.379689 0.181251 0.006250 0.009375
0 0.870312 0.194531 0.015626 0.017187
0 0.920314 0.122656 0.012500 0.014062
0 0.989064 0.569530 0.015626 0.017187