0 0.954688 0.015625 0.024999 0.031251
0 0.516406 0.021875 0.035938 0.043750
0 0.036719 0.080468 0.032812 0.039063
0 0.228124 0.458594 0.037499 0.023437
0 0.318750 0.440625 0.028126 0.021874
0 0.897657 0.289063 0.014063 0.015626
0 0.411720 0.685938 0.029689 0.025001
0 0.406250 0.807813 0.031249 0.034376
0 0.110156 0.785939 0.020313 0.018750
0 0.792188 0.775000 0.037499 0.037500
0 0.436719 0.010938 0.014063 0.021876
0 0.847655 0.445313 0.017186 0.021874
0 0.131251 0.010938 0.015626 0.021876
0 0.189842 0.614062 0.014063 0.012499
0 0.421876 0.649220 0.015626 0.014062