0 0.153124 0.745313 0.043751 0.037500
0 0.433592 0.649218 0.042188 0.035937
0 0.116405 0.524219 0.035938 0.042187
0 0.394531 0.364845 0.039062 0.032812
0 0.357032 0.321094 0.042188 0.039063
0 0.313280 0.311719 0.029689 0.032812
0 0.012501 0.325782 0.025002 0.039063
0 0.067967 0.284376 0.023439 0.021874
0 0.480470 0.437500 0.026562 0.037500
0 0.568750 0.372656 0.037499 0.039063
0 0.559374 0.493749 0.037499 0.037500
0 0.622658 0.622657 0.039062 0.032812
0 0.898437 0.750000 0.050001 0.043751
0 0.793751 0.802344 0.043751 0.029688
0 0.917969 0.493749 0.029689 0.037500
0 0.852345 0.427343 0.035938 0.023437
0 0.871874 0.537500 0.034375 0.037500
0 0.618751 0.565625 0.018749 0.021874
0 0.935938 0.286718 0.024999 0.023437
0 0.827343 0.257812 0.020313 0.018750