0 0.098437 0.750000 0.050001 0.043751
0 0.117969 0.493749 0.029689 0.037500
0 0.052345 0.427343 0.035938 0.023437
0 0.071874 0.537500 0.034375 0.037500
0 0.234374 0.317970 0.034375 0.042187
0 0.292189 0.488280 0.024999 0.048438
0 0.370312 0.492968 0.021876 0.032812
0 0.335937 0.650000 0.037499 0.031249
0 0.482814 0.557813 0.028126 0.034376
0 0.449219 0.528907 0.026562 0.023437
0 0.551561 0.345313 0.031249 0.034376
0 0.499220 0.617187 0.035938 0.028125
0 0.621875 0.240625 0.021876 0.025001
0 0.914843 0.264063 0.029689 0.031249
0 0.665626 0.276562 0.024999 0.021874
0 0.722657 0.516405 0.029689 0.029688
0 0.781249 0.508594 0.021876 0.017187
0 0.958594 0.564062 0.023439 0.021874
0 0.989843 0.589063 0.020315 0.021874
0 0.664063 0.776562 0.043751 0.049999
0 0.721874 0.777344 0.031249 0.039063
0 0.778125 0.762500 0.018749 0.028125
0 0.840626 0.782813 0.028126 0.028125
0 0.796094 0.808593 0.026562 0.023437
0 0.510936 0.714843 0.021876 0.026562
0 0.135938 0.286718 0.024999 0.023437
0 0.027343 0.257812 0.020313 0.018750
0 0.754686 0.800781 0.021876 0.026562