0 0.082814 0.557813 0.028126 0.034376
0 0.049219 0.528907 0.026562 0.023437
0 0.151561 0.345313 0.031249 0.034376
0 0.099220 0.617187 0.035938 0.028125
0 0.221875 0.240625 0.021876 0.025001
0 0.514843 0.264063 0.029689 0.031249
0 0.265626 0.276562 0.024999 0.021874
0 0.322657 0.516405 0.029689 0.029688
0 0.381249 0.508594 0.021876 0.017187
0 0.665624 0.421874 0.031249 0.043751
0 0.607812 0.552344 0.031249 0.035937
0 0.558594 0.564062 0.023439 0.021874
0 0.594530 0.589063 0.029689 0.021874
0 0.264063 0.776562 0.043751 0.049999
0 0.321874 0.777344 0.031249 0.039063
0 0.378125 0.762500 0.018749 0.028125
0 0.440626 0.782813 0.028126 0.028125
0 0.396094 0.808593 0.026562 0.023437
0 0.740624 0.496094 0.031249 0.032812
0 0.885158 0.242968 0.029689 0.029688
0 0.839843 0.272656 0.045311 0.048438
0 0.754687 0.542969 0.031249 0.029688
0 0.785155 0.617187 0.026562 0.040624
0 0.867968 0.658593 0.039062 0.035937
0 0.991406 0.802344 0.017188 0.029688
0 0.989844 0.535937 0.020311 0.037500
0 0.110936 0.714843 0.021876 0.026562
0 0.354686 0.800781 0.021876 0.026562