0 0.085158 0.242968 0.029689 0.029688
0 0.031249 0.272656 0.062499 0.048438
0 0.067968 0.658593 0.039062 0.035937
0 0.196093 0.802344 0.026562 0.029688
0 0.351563 0.750000 0.037499 0.043751
0 0.412501 0.732811 0.034375 0.031249
0 0.506251 0.485938 0.028126 0.034376
0 0.521093 0.435936 0.032812 0.034376
0 0.196876 0.535937 0.034375 0.037500
0 0.418751 0.230469 0.043751 0.035937
0 0.755470 0.319531 0.029689 0.039063
0 0.620313 0.417186 0.021876 0.028125
0 0.618749 0.532031 0.043751 0.039063
0 0.761720 0.679688 0.023439 0.034376
0 0.687500 0.699220 0.018749 0.026562
0 0.956249 0.500782 0.015626 0.020313
0 0.811718 0.707031 0.020313 0.029688
0 0.882032 0.746095 0.023439 0.026562
0 0.851563 0.731250 0.015626 0.021874
0 0.835937 0.772656 0.024999 0.029688
0 0.892968 0.535937 0.017186 0.021874
0 0.913281 0.546094 0.020313 0.020313
0 0.857813 0.253906 0.018749 0.020313