0 0.082814 0.157813 0.028126 0.034376
0 0.049219 0.128907 0.026562 0.023437
0 0.099220 0.217187 0.035938 0.028125
0 0.322657 0.116405 0.029689 0.029688
0 0.381249 0.108594 0.021876 0.017187
0 0.665624 0.021875 0.031249 0.043749
0 0.607812 0.152344 0.031249 0.035937
0 0.558594 0.164062 0.023439 0.021874
0 0.594530 0.189063 0.029689 0.021874
0 0.264063 0.376562 0.043751 0.049999
0 0.321874 0.377344 0.031249 0.039063
0 0.378125 0.362500 0.018749 0.028125
0 0.440626 0.382813 0.028126 0.028125
0 0.396094 0.408593 0.026562 0.023437
0 0.740624 0.096094 0.031249 0.032812
0 0.754687 0.142969 0.031249 0.029688
0 0.785155 0.217187 0.026562 0.040624
0 0.867968 0.258593 0.039062 0.035937
0 0.991406 0.402344 0.017188 0.029688
0 0.989844 0.135937 0.020311 0.037500
0 0.871875 0.702344 0.037499 0.042187
0 0.803908 0.884374 0.029689 0.034376
0 0.572657 0.714064 0.048438 0.040624
0 0.606249 0.918750 0.034375 0.034376
0 0.584374 0.980469 0.031249 0.039062
0 0.336720 0.837499 0.032812 0.028125
0 0.311718 0.659375 0.023439 0.021874
0 0.096093 0.978125 0.039062 0.043750
0 0.351563 0.960155 0.037499 0.023437
0 0.395311 0.907032 0.021876 0.020313
0 0.310155 0.946093 0.023439 0.026562
0 0.164844 0.635937 0.026562 0.025001
0 0.110936 0.314843 0.021876 0.026562
0 0.991406 0.652345 0.017188 0.017187
0 0.354686 0.400781 0.021876 0.026562