0 0.067968 0.258593 0.039062 0.035937
0 0.196093 0.402344 0.026562 0.029688
0 0.351563 0.350000 0.037499 0.043751
0 0.412501 0.332811 0.034375 0.031249
0 0.506251 0.085938 0.028126 0.034376
0 0.521093 0.035936 0.032812 0.034376
0 0.196876 0.135937 0.034375 0.037500
0 0.620313 0.015624 0.021876 0.031249
0 0.618749 0.132031 0.043751 0.039063
0 0.761720 0.279688 0.023439 0.034376
0 0.687500 0.299220 0.018749 0.026562
0 0.956249 0.100782 0.015626 0.020313
0 0.811718 0.307031 0.020313 0.029688
0 0.882032 0.346095 0.023439 0.026562
0 0.851563 0.331250 0.015626 0.021874
0 0.835937 0.372656 0.024999 0.029688
0 0.946876 0.914062 0.024999 0.025001
0 0.936720 0.837499 0.029689 0.028125
0 0.679687 0.695314 0.040625 0.034376
0 0.760937 0.705468 0.024999 0.020313
0 0.726562 0.736719 0.021876 0.023437
0 0.703126 0.822657 0.021876 0.026562
0 0.706249 0.949220 0.031249 0.035937
0 0.503124 0.871093 0.028126 0.029688
0 0.387499 0.670313 0.034375 0.031249
0 0.071875 0.702344 0.037499 0.042187
0 0.009376 0.884374 0.018752 0.034376
0 0.250781 0.853125 0.020313 0.025001
0 0.309375 0.880468 0.040625 0.029688
0 0.238282 0.962500 0.020313 0.021874
0 0.286719 0.673437 0.029689 0.028125
0 0.192187 0.652345 0.018749 0.017187
0 0.892968 0.135937 0.017186 0.021874
0 0.913281 0.146094 0.020313 0.020313
0 0.872655 0.849219 0.020313 0.017187