0 0.796094 0.010156 0.026562 0.020312
0 0.972657 0.314064 0.048438 0.040624
0 0.984374 0.582032 0.031249 0.042187
0 0.892967 0.744531 0.035938 0.045312
0 0.736720 0.437499 0.032812 0.028125
0 0.711718 0.259375 0.023439 0.021874
0 0.496093 0.579687 0.039062 0.046875
0 0.615625 0.731250 0.043751 0.046875
0 0.737500 0.721093 0.031249 0.035937
0 0.795311 0.709376 0.031249 0.034376
0 0.740624 0.808595 0.024999 0.023437
0 0.773439 0.808595 0.028126 0.026562
0 0.276562 0.463281 0.043751 0.035937
0 0.281249 0.553907 0.024999 0.035937
0 0.277342 0.625780 0.029689 0.035937
0 0.214062 0.239061 0.031249 0.031249
0 0.154688 0.297656 0.028126 0.029688
0 0.104686 0.473438 0.031249 0.034376
0 0.049999 0.444532 0.018749 0.023437
0 0.110936 0.810937 0.024999 0.021874
0 0.751563 0.560155 0.037499 0.023437
0 0.795311 0.507032 0.021876 0.020313
0 0.710155 0.546093 0.023439 0.026562
0 0.564844 0.235937 0.026562 0.025001
0 0.754686 0.007031 0.021876 0.014062
0 0.063281 0.432032 0.020313 0.020313