0 0.984374 0.182032 0.031249 0.042187
0 0.892967 0.344531 0.035938 0.045312
0 0.736720 0.037499 0.032812 0.028125
0 0.496093 0.179687 0.039062 0.046875
0 0.615625 0.331250 0.043751 0.046875
0 0.737500 0.321093 0.031249 0.035937
0 0.795311 0.309376 0.031249 0.034376
0 0.740624 0.408595 0.024999 0.023437
0 0.773439 0.408595 0.028126 0.026562
0 0.276562 0.063281 0.043751 0.035937
0 0.281249 0.153907 0.024999 0.035937
0 0.277342 0.225780 0.029689 0.035937
0 0.104686 0.073438 0.031249 0.034376
0 0.049999 0.044532 0.018749 0.023437
0 0.110936 0.410937 0.024999 0.021874
0 0.180470 0.692186 0.023439 0.028125
0 0.099220 0.875780 0.035938 0.017187
0 0.045312 0.829687 0.018749 0.031249
0 0.008593 0.857030 0.017187 0.020313
0 0.009376 0.906250 0.018751 0.018750
0 0.116406 0.982031 0.026562 0.020313
0 0.972657 0.707812 0.029689 0.028125
0 0.924219 0.731250 0.035938 0.031249
0 0.877344 0.725781 0.023439 0.026562
0 0.570314 0.644532 0.015626 0.014062
0 0.527342 0.683593 0.026562 0.023437
0 0.621875 0.671876 0.021876 0.025001
0 0.587500 0.675781 0.024999 0.017187
0 0.593750 0.727344 0.031249 0.020313
0 0.443749 0.843749 0.034375 0.034376
0 0.542968 0.874219 0.035938 0.029688
0 0.689062 0.912501 0.028126 0.031249
0 0.729687 0.942187 0.018749 0.025001
0 0.786718 0.872656 0.023439 0.029688
0 0.801561 0.836719 0.031249 0.032812
0 0.751563 0.160155 0.037499 0.023437
0 0.795311 0.107032 0.021876 0.020313
0 0.710155 0.146093 0.023439 0.026562
0 0.600782 0.693750 0.020313 0.021874
0 0.008595 0.662501 0.017190 0.028125
0 0.194533 0.694531 0.026562 0.023437
0 0.283592 0.989844 0.026562 0.020312
0 0.295312 0.978126 0.021876 0.025001
0 0.063281 0.032032 0.020313 0.020313