0 0.968750 0.583593 0.028126 0.026562
0 0.382031 0.514844 0.020313 0.023437
0 0.367188 0.417970 0.031249 0.029688
0 0.314844 0.079687 0.017186 0.018750
0 0.466407 0.574218 0.017186 0.017187
0 0.776561 0.471093 0.018749 0.023437
0 0.644530 0.473438 0.035938 0.028125
0 0.473437 0.061718 0.018749 0.017187
0 0.788281 0.177344 0.029689 0.026562
0 0.744533 0.271094 0.023439 0.026562
0 0.678125 0.232031 0.024999 0.026562
0 0.671093 0.297656 0.020313 0.023437
0 0.559374 0.294532 0.024999 0.026562
0 0.560937 0.409374 0.037499 0.028125
0 0.526562 0.374219 0.043751 0.039063
0 0.935155 0.273437 0.026562 0.034376
0 0.793751 0.057031 0.021876 0.023437
0 0.708594 0.103906 0.035938 0.032812
0 0.946094 0.025782 0.023439 0.023437
0 0.964844 0.275782 0.026562 0.020313
0 0.984376 0.299219 0.021876 0.023437
0 0.922655 0.375782 0.023439 0.020313
0 0.762499 0.485155 0.018749 0.017187
0 0.737500 0.107811 0.028126 0.025001
0 0.782031 0.067187 0.023439 0.021874
0 0.616405 0.010937 0.020313 0.021875
0 0.531251 0.022657 0.015626 0.017187
0 0.856251 0.030469 0.021876 0.020313
0 0.554687 0.190625 0.015626 0.012499
0 0.603905 0.174218 0.020313 0.017187
0 0.604688 0.449219 0.015626 0.020313
0 0.616405 0.450782 0.017186 0.017187
0 0.456251 0.589843 0.021876 0.020313
0 0.430469 0.584374 0.014063 0.018750
0 0.392187 0.478907 0.015626 0.017187
0 0.342969 0.482813 0.014063 0.021874
0 0.370312 0.482813 0.021876 0.018750
0 0.365625 0.497657 0.021876 0.023437
0 0.305468 0.091406 0.014063 0.017187
0 0.311717 0.128125 0.014063 0.018750