0 0.159375 0.328126 0.024999 0.034376
0 0.811718 0.225780 0.023439 0.029688
0 0.991406 0.579687 0.017189 0.025001
0 0.874219 0.609375 0.020313 0.028125
0 0.760937 0.666407 0.034375 0.035937
0 0.356250 0.514844 0.028126 0.029688
0 0.301562 0.692968 0.031249 0.035937
0 0.382032 0.704688 0.032812 0.031249
0 0.292186 0.507814 0.040625 0.018750
0 0.347657 0.568751 0.032812 0.034376
0 0.036720 0.903126 0.023439 0.028125
0 0.192187 0.879688 0.024999 0.031249
0 0.428124 0.965624 0.024999 0.037500
0 0.382032 0.989844 0.029689 0.020312
0 0.467189 0.974220 0.024999 0.032812
0 0.691406 0.899999 0.029689 0.034376
0 0.666407 0.971093 0.020313 0.029688
0 0.842187 0.971875 0.031249 0.034376