0 0.892187 0.052344 0.024999 0.023437
0 0.844532 0.045312 0.026562 0.018750
0 0.824220 0.113281 0.017186 0.026562
0 0.567187 0.153905 0.028126 0.023437
0 0.513282 0.156250 0.026562 0.021874
0 0.104686 0.059374 0.031249 0.015626
0 0.018749 0.092968 0.037499 0.051562
0 0.120312 0.442969 0.024999 0.014062
0 0.414843 0.428125 0.029689 0.037500
0 0.588283 0.325000 0.029689 0.037500
0 0.554688 0.362500 0.021876 0.037500
0 0.871874 0.346874 0.028126 0.028125
0 0.707811 0.524219 0.018749 0.026562
0 0.613282 0.503906 0.014063 0.020313
0 0.715624 0.789064 0.015626 0.021874
0 0.641407 0.792969 0.020313 0.023437
0 0.608595 0.855468 0.032812 0.032812
0 0.452345 0.761718 0.035938 0.032812
0 0.633594 0.956250 0.026562 0.021874
0 0.720314 0.887501 0.021876 0.018750
0 0.904687 0.786719 0.015626 0.017187
0 0.660156 0.670313 0.020313 0.018750
0 0.514843 0.708595 0.017186 0.020313
0 0.517189 0.764063 0.015626 0.021874
0 0.887501 0.480469 0.021876 0.020313
0 0.363282 0.685157 0.023439 0.026562
0 0.378905 0.721875 0.020313 0.028125