0 0.867968 0.091407 0.035938 0.023437
0 0.660157 0.150000 0.035938 0.028125
0 0.598436 0.175782 0.024999 0.023437
0 0.564844 0.119532 0.032812 0.035937
0 0.537499 0.073436 0.024999 0.021874
0 0.459375 0.050781 0.024999 0.023437
0 0.405467 0.060937 0.023439 0.025001
0 0.092187 0.052344 0.024999 0.023437
0 0.044532 0.045312 0.026562 0.018750
0 0.024220 0.113281 0.017186 0.026562
0 0.071875 0.346874 0.028126 0.028125
0 0.460155 0.697656 0.017186 0.029688
0 0.498437 0.323437 0.024999 0.031249
0 0.695312 0.305468 0.024999 0.029688
0 0.841406 0.387501 0.017186 0.028125
0 0.664063 0.816407 0.028126 0.029688
0 0.635155 0.624999 0.029689 0.028125
0 0.764843 0.821876 0.023439 0.028125
0 0.792188 0.799218 0.034375 0.029688
0 0.731251 0.966406 0.028126 0.026562
0 0.104687 0.786719 0.015626 0.017187
0 0.453126 0.567188 0.021876 0.021874
0 0.363283 0.460155 0.020313 0.020313
0 0.087500 0.480469 0.021876 0.020313