0 0.014844 0.023437 0.029688 0.046875
0 0.307811 0.124219 0.018749 0.026562
0 0.213282 0.103906 0.014063 0.020313
0 0.315624 0.389064 0.015626 0.021874
0 0.241407 0.392969 0.020313 0.023437
0 0.208595 0.455468 0.032812 0.032812
0 0.052345 0.361718 0.035938 0.032812
0 0.860155 0.297656 0.017186 0.029688
0 0.969531 0.647657 0.026562 0.023437
0 0.911720 0.633595 0.032812 0.032812
0 0.846876 0.667968 0.034375 0.029688
0 0.921093 0.685157 0.026562 0.020313
0 0.849999 0.846874 0.021876 0.021874
0 0.780469 0.908593 0.029689 0.023437
0 0.369532 0.616406 0.029689 0.023437
0 0.233594 0.556250 0.026562 0.021874
0 0.029686 0.667189 0.024999 0.031249
0 0.064061 0.779688 0.021876 0.025001
0 0.033592 0.983593 0.023439 0.029688
0 0.296875 0.821876 0.024999 0.031249
0 0.320314 0.487501 0.021876 0.018750
0 0.504687 0.386719 0.015626 0.017187
0 0.260156 0.270313 0.020313 0.018750
0 0.114843 0.308595 0.017186 0.020313
0 0.117189 0.364063 0.015626 0.021874
0 0.003907 0.703907 0.007813 0.020313
0 0.853126 0.167188 0.021876 0.021874
0 0.763283 0.060155 0.020313 0.020313
0 0.487501 0.080469 0.021876 0.020313