0 0.608595 0.055468 0.032812 0.032812
0 0.835156 0.632031 0.023439 0.020313
0 0.769532 0.216406 0.029689 0.023437
0 0.633594 0.156250 0.026562 0.021874
0 0.429686 0.267189 0.024999 0.031249
0 0.464061 0.379688 0.021876 0.025001
0 0.386718 0.358593 0.026562 0.023437
0 0.382811 0.384376 0.024999 0.018750
0 0.433592 0.583593 0.023439 0.029688
0 0.696875 0.421876 0.024999 0.031249
0 0.548438 0.682030 0.034375 0.039063
0 0.591406 0.664062 0.026562 0.025001
0 0.737500 0.710937 0.037499 0.028125
0 0.741407 0.739843 0.029689 0.020313
0 0.697655 0.774219 0.039062 0.017187
0 0.107813 0.618750 0.028126 0.028125
0 0.125782 0.993749 0.020313 0.012502
0 0.464845 0.958594 0.023439 0.026562
0 0.872658 0.985938 0.023439 0.021874
0 0.672656 0.842968 0.029689 0.023437
0 0.853125 0.907814 0.021876 0.021874
0 0.720314 0.087501 0.021876 0.018750
0 0.400000 0.303907 0.015626 0.020313
0 0.482031 0.963282 0.017186 0.017187
0 0.835936 0.882813 0.018749 0.015626