0 0.208595 0.055468 0.032812 0.032812
0 0.969531 0.247657 0.026562 0.023437
0 0.911720 0.233595 0.032812 0.032812
0 0.846876 0.267968 0.034375 0.029688
0 0.921093 0.285157 0.026562 0.020313
0 0.849999 0.446874 0.021876 0.021874
0 0.780469 0.508593 0.029689 0.023437
0 0.865625 0.696093 0.024999 0.032812
0 0.435156 0.632031 0.023439 0.020313
0 0.369532 0.216406 0.029689 0.023437
0 0.233594 0.156250 0.026562 0.021874
0 0.029686 0.267189 0.024999 0.031249
0 0.064061 0.379688 0.021876 0.025001
0 0.033592 0.583593 0.023439 0.029688
0 0.296875 0.421876 0.024999 0.031249
0 0.148438 0.682030 0.034375 0.039063
0 0.191406 0.664062 0.026562 0.025001
0 0.337500 0.710937 0.037499 0.028125
0 0.341407 0.739843 0.029689 0.020313
0 0.297655 0.774219 0.039062 0.017187
0 0.064845 0.958594 0.023439 0.026562
0 0.472658 0.985938 0.023439 0.021874
0 0.272656 0.842968 0.029689 0.023437
0 0.453125 0.907814 0.021876 0.021874
0 0.982812 0.907814 0.034376 0.034376
0 0.320314 0.087501 0.021876 0.018750
0 0.003907 0.303907 0.007813 0.020313
0 0.082031 0.963282 0.017186 0.017187
0 0.435936 0.882813 0.018749 0.015626