0 0.736720 0.483594 0.032812 0.045312
0 0.800781 0.510938 0.035938 0.043751
0 0.907030 0.139063 0.032812 0.028125
0 0.880468 0.192189 0.042188 0.043751
0 0.942969 0.262501 0.060937 0.043751
0 0.433593 0.375001 0.032812 0.040624
0 0.526562 0.407813 0.034375 0.043751
0 0.310938 0.439844 0.031249 0.026562
0 0.168750 0.583593 0.028126 0.026562
0 0.135155 0.273437 0.026562 0.034376
0 0.146094 0.025782 0.023439 0.023437
0 0.839063 0.613281 0.021876 0.017187
0 0.901563 0.560155 0.021876 0.017187
0 0.164844 0.275782 0.026562 0.020313
0 0.184376 0.299219 0.021876 0.023437
0 0.122655 0.375782 0.023439 0.020313
0 0.543751 0.345312 0.018749 0.021874
0 0.056251 0.030469 0.021876 0.020313