0 0.660937 0.042187 0.031249 0.021874
0 0.768750 0.008594 0.037499 0.017187
0 0.893751 0.241406 0.024999 0.023437
0 0.785156 0.202343 0.026562 0.023437
0 0.709376 0.215624 0.028126 0.028125
0 0.468749 0.285157 0.024999 0.026562
0 0.623439 0.446874 0.024999 0.025001
0 0.702342 0.494531 0.017186 0.020313
0 0.450000 0.546093 0.021876 0.023437
0 0.481251 0.592189 0.015626 0.021874
0 0.528126 0.639063 0.018749 0.025001
0 0.540626 0.689844 0.031249 0.029688
0 0.684376 0.689844 0.024999 0.017187
0 0.560155 0.753906 0.020313 0.020313
0 0.828124 0.653126 0.015626 0.015626
0 0.847657 0.707031 0.017186 0.026562
0 0.043750 0.321094 0.018749 0.020313
0 0.051562 0.671876 0.034375 0.031249
0 0.035157 0.946874 0.029689 0.037500
0 0.657811 0.846874 0.018749 0.028125
0 0.720312 0.868750 0.021876 0.025001
0 0.049219 0.570312 0.017186 0.018750
0 0.493751 0.992187 0.021876 0.015626
0 0.617186 0.920313 0.015626 0.018750
0 0.746094 0.923437 0.023439 0.021874
0 0.610936 0.778125 0.018749 0.021874
0 0.608593 0.240625 0.020313 0.021874
0 0.444530 0.267968 0.023439 0.026562