0 0.835156 0.232031 0.023439 0.020313
0 0.433592 0.183593 0.023439 0.029688
0 0.696875 0.018750 0.024999 0.037500
0 0.548438 0.282030 0.034375 0.039063
0 0.591406 0.264062 0.026562 0.025001
0 0.737500 0.310937 0.037499 0.028125
0 0.741407 0.339843 0.029689 0.020313
0 0.697655 0.374219 0.039062 0.017187
0 0.107813 0.218750 0.028126 0.028125
0 0.125782 0.597655 0.020313 0.020313
0 0.092186 0.605469 0.018749 0.023437
0 0.092186 0.792969 0.024999 0.023437
0 0.085937 0.878907 0.028126 0.029688
0 0.464845 0.558594 0.023439 0.026562
0 0.432812 0.698437 0.028126 0.028125
0 0.437499 0.778906 0.024999 0.023437
0 0.408593 0.803907 0.023439 0.029688
0 0.534375 0.947656 0.034375 0.032812
0 0.632811 0.796875 0.021876 0.021874
0 0.872658 0.585938 0.023439 0.021874
0 0.770312 0.989063 0.024999 0.021874
0 0.660156 0.988281 0.026562 0.023439
0 0.672656 0.442968 0.029689 0.023437
0 0.853125 0.507814 0.021876 0.021874
0 0.482031 0.563282 0.017186 0.017187
0 0.835936 0.482813 0.018749 0.015626