0 0.449999 0.046874 0.021876 0.021874
0 0.662500 0.011720 0.021876 0.023439
0 0.704688 0.021094 0.012500 0.020313
0 0.380469 0.108593 0.029689 0.023437
0 0.465625 0.296093 0.024999 0.032812
0 0.603906 0.346094 0.026562 0.029688
0 0.743750 0.303125 0.046875 0.034376
0 0.851562 0.271876 0.034375 0.031249
0 0.035156 0.232031 0.023439 0.020313
0 0.072658 0.585938 0.023439 0.021874
0 0.053125 0.507814 0.021876 0.021874
0 0.587500 0.507814 0.043751 0.034376
0 0.367969 0.817969 0.020313 0.023437
0 0.835157 0.546874 0.029689 0.037500
0 0.678126 0.788281 0.021876 0.023437
0 0.476561 0.871093 0.021876 0.020313
0 0.547655 0.963282 0.020313 0.026562
0 0.925783 0.617968 0.035938 0.023437
0 0.849219 0.170312 0.017186 0.018750
0 0.729688 0.101563 0.018749 0.021874
0 0.646094 0.973438 0.017186 0.021874
0 0.603906 0.713281 0.020313 0.020313
0 0.567967 0.964063 0.020313 0.025001
0 0.035936 0.482813 0.018749 0.015626