0 0.031249 0.139843 0.031249 0.026562
0 0.101563 0.028907 0.037499 0.023437
0 0.553907 0.016406 0.029689 0.032812
0 0.606249 0.097656 0.024999 0.029688
0 0.550001 0.116406 0.024999 0.029688
0 0.590626 0.159375 0.040625 0.034376
0 0.765625 0.106249 0.034375 0.028125
0 0.883594 0.039063 0.023439 0.028125
0 0.962501 0.422656 0.028126 0.032812
0 0.739063 0.284376 0.031249 0.021874
0 0.723437 0.345313 0.021876 0.031249
0 0.771095 0.378907 0.029689 0.032812
0 0.632811 0.369532 0.024999 0.029688
0 0.551561 0.447656 0.028126 0.026562
0 0.495313 0.487501 0.028126 0.025001
0 0.518749 0.715625 0.024999 0.034376
0 0.621875 0.852343 0.024999 0.023437
0 0.922656 0.768750 0.023439 0.025001
0 0.008594 0.325782 0.017188 0.035937
0 0.014844 0.814062 0.029689 0.025001
0 0.071094 0.839063 0.020313 0.021874
0 0.076564 0.748437 0.021876 0.015626
0 0.071874 0.715625 0.021876 0.021874
0 0.178906 0.711719 0.023439 0.017187
0 0.156250 0.612500 0.024999 0.025001
0 0.152344 0.538282 0.026562 0.017187
0 0.653124 0.977345 0.024999 0.026562
0 0.730470 0.963282 0.026562 0.023437
0 0.919532 0.139061 0.020313 0.021874
0 0.839063 0.279688 0.024999 0.021874
0 0.045312 0.157814 0.028126 0.025001
0 0.764842 0.128907 0.020313 0.020313