0 0.336720 0.483594 0.032812 0.045312
0 0.400781 0.510938 0.035938 0.043751
0 0.928126 0.123437 0.021876 0.025001
0 0.630468 0.007812 0.020313 0.015625
0 0.507030 0.139063 0.032812 0.028125
0 0.480468 0.192189 0.042188 0.043751
0 0.624998 0.223438 0.034375 0.034376
0 0.542969 0.262501 0.060937 0.043751
0 0.809374 0.219532 0.024999 0.032812
0 0.754687 0.216405 0.021876 0.020313
0 0.819531 0.296093 0.023439 0.023437
0 0.033593 0.375001 0.032812 0.040624
0 0.126562 0.407813 0.034375 0.043751
0 0.623439 0.249999 0.037499 0.034376
0 0.842969 0.178126 0.023439 0.018750
0 0.896094 0.092188 0.020313 0.015626
0 0.439063 0.613281 0.021876 0.017187
0 0.501563 0.560155 0.021876 0.017187
0 0.143751 0.345312 0.018749 0.021874
0 0.717968 0.224219 0.014063 0.014062