0 0.083594 0.039063 0.023439 0.028125
0 0.885158 0.053907 0.029689 0.032812
0 0.988282 0.057031 0.023436 0.039063
0 0.970311 0.396876 0.024999 0.028125
0 0.800001 0.291406 0.021876 0.029688
0 0.731251 0.307813 0.024999 0.021874
0 0.498437 0.475781 0.024999 0.026562
0 0.484374 0.642970 0.024999 0.026562
0 0.652344 0.818749 0.023439 0.031249
0 0.764063 0.883593 0.028126 0.020313
0 0.701562 0.564843 0.028126 0.029688
0 0.814064 0.883593 0.018749 0.023437
0 0.162501 0.422656 0.028126 0.032812
0 0.122656 0.768750 0.023439 0.025001
0 0.743750 0.990625 0.028126 0.018749
0 0.845313 0.975781 0.031249 0.039063
0 0.414064 0.609376 0.018749 0.028125
0 0.119532 0.139061 0.020313 0.021874
0 0.039062 0.279688 0.024999 0.021874