0 0.485158 0.053907 0.029689 0.032812
0 0.589063 0.057031 0.024999 0.039063
0 0.951562 0.092186 0.024999 0.025001
0 0.989844 0.145312 0.020313 0.034376
0 0.953125 0.349219 0.021876 0.029688
0 0.864062 0.676562 0.031249 0.028125
0 0.944532 0.760939 0.023439 0.028125
0 0.570311 0.396876 0.024999 0.028125
0 0.400001 0.291406 0.021876 0.029688
0 0.331251 0.307813 0.024999 0.021874
0 0.098437 0.475781 0.024999 0.026562
0 0.084374 0.642970 0.024999 0.026562
0 0.252344 0.818749 0.023439 0.031249
0 0.364063 0.883593 0.028126 0.020313
0 0.301562 0.564843 0.028126 0.029688
0 0.414064 0.883593 0.018749 0.023437
0 0.343750 0.990625 0.028126 0.018749
0 0.445313 0.975781 0.031249 0.039063
0 0.011719 0.609376 0.023438 0.028125