0 0.962501 0.019531 0.028126 0.039062
0 0.551561 0.047656 0.028126 0.026562
0 0.495313 0.087501 0.028126 0.025001
0 0.518749 0.315625 0.024999 0.034376
0 0.621875 0.452343 0.024999 0.023437
0 0.922656 0.368750 0.023439 0.025001
0 0.014844 0.414062 0.029689 0.025001
0 0.071094 0.439063 0.020313 0.021874
0 0.076564 0.348437 0.021876 0.015626
0 0.071874 0.315625 0.021876 0.021874
0 0.178906 0.311719 0.023439 0.017187
0 0.156250 0.212500 0.024999 0.025001
0 0.152344 0.138282 0.026562 0.017187
0 0.118749 0.772656 0.028126 0.035937
0 0.474217 0.838281 0.026562 0.029688
0 0.514062 0.660156 0.031249 0.029688
0 0.653124 0.577345 0.024999 0.026562
0 0.730470 0.563282 0.026562 0.023437
0 0.714844 0.626562 0.029689 0.021874
0 0.778125 0.803126 0.031249 0.028125
0 0.663280 0.923437 0.017186 0.018750
0 0.587500 0.878126 0.021876 0.018750