0 0.898437 0.075781 0.024999 0.026562
0 0.884374 0.242970 0.024999 0.026562
0 0.562501 0.019531 0.028126 0.039062
0 0.151561 0.047656 0.028126 0.026562
0 0.095313 0.087501 0.028126 0.025001
0 0.118749 0.315625 0.024999 0.034376
0 0.221875 0.452343 0.024999 0.023437
0 0.522656 0.368750 0.023439 0.025001
0 0.074217 0.838281 0.026562 0.029688
0 0.114062 0.660156 0.031249 0.029688
0 0.253124 0.577345 0.024999 0.026562
0 0.330470 0.563282 0.026562 0.023437
0 0.314844 0.626562 0.029689 0.021874
0 0.378125 0.803126 0.031249 0.028125
0 0.939062 0.644530 0.031249 0.042187
0 0.914843 0.739844 0.032812 0.029688
0 0.895314 0.823437 0.021876 0.021874
0 0.813281 0.839062 0.017186 0.021874
0 0.814064 0.209376 0.018749 0.028125
0 0.263280 0.923437 0.017186 0.018750
0 0.187500 0.878126 0.021876 0.018750