0 0.864062 0.276562 0.031249 0.028125
0 0.944532 0.360939 0.023439 0.028125
0 0.098437 0.075781 0.024999 0.026562
0 0.084374 0.242970 0.024999 0.026562
0 0.252344 0.418749 0.023439 0.031249
0 0.364063 0.483593 0.028126 0.020313
0 0.301562 0.164843 0.028126 0.029688
0 0.414064 0.483593 0.018749 0.023437
0 0.139062 0.644530 0.031249 0.042187
0 0.114843 0.739844 0.032812 0.029688
0 0.095314 0.823437 0.021876 0.021874
0 0.343750 0.594531 0.028126 0.026562
0 0.445313 0.575781 0.031249 0.039063
0 0.437500 0.666407 0.028126 0.029688
0 0.369533 0.814843 0.023439 0.032812
0 0.393751 0.910156 0.037499 0.032812
0 0.571874 0.807032 0.018749 0.026562
0 0.577344 0.986719 0.026562 0.023437
0 0.890624 0.925782 0.024999 0.020313
0 0.853126 0.946875 0.024999 0.028125
0 0.010937 0.839062 0.021874 0.021874
0 0.011719 0.209376 0.023438 0.028125