0 0.464062 0.276562 0.031249 0.028125
0 0.544532 0.360939 0.023439 0.028125
0 0.757813 0.467969 0.031249 0.026562
0 0.011719 0.483593 0.023439 0.023437
0 0.045313 0.575781 0.031249 0.039063
0 0.037500 0.666407 0.028126 0.029688
0 0.171874 0.807032 0.018749 0.026562
0 0.177344 0.986719 0.026562 0.023437
0 0.620313 0.603906 0.024999 0.029688
0 0.863283 0.603906 0.039062 0.026562
0 0.949219 0.700001 0.039062 0.028125
0 0.490624 0.925782 0.024999 0.020313
0 0.453126 0.946875 0.024999 0.028125
0 0.721095 0.869532 0.026562 0.020313
0 0.897658 0.407032 0.023439 0.023437
0 0.890625 0.370314 0.018749 0.018750
0 0.828907 0.390625 0.020313 0.025001
0 0.649218 0.392188 0.017186 0.015626
0 0.601563 0.461718 0.021876 0.020313