0 0.009375 0.510938 0.018750 0.043751
0 0.865626 0.576563 0.021876 0.031249
0 0.726561 0.413282 0.024999 0.020313
0 0.743750 0.595313 0.021876 0.025001
0 0.793749 0.592968 0.028126 0.029688
0 0.528126 0.123437 0.021876 0.025001
0 0.230468 0.007812 0.020313 0.015625
0 0.107030 0.139063 0.032812 0.028125
0 0.080468 0.192189 0.042188 0.043751
0 0.224998 0.223438 0.034375 0.034376
0 0.142969 0.262501 0.060937 0.043751
0 0.409374 0.219532 0.024999 0.032812
0 0.354687 0.216405 0.021876 0.020313
0 0.419531 0.296093 0.023439 0.023437
0 0.621092 0.128125 0.020313 0.021874
0 0.223438 0.249999 0.037499 0.034376
0 0.442969 0.178126 0.023439 0.018750
0 0.496094 0.092188 0.020313 0.015626
0 0.039063 0.613281 0.021876 0.017187
0 0.101563 0.560155 0.021876 0.017187
0 0.824217 0.601563 0.017186 0.015626
0 0.811718 0.611720 0.020313 0.023437
0 0.878125 0.549219 0.018749 0.023437
0 0.317968 0.224219 0.014063 0.014062