0 0.621875 0.052343 0.024999 0.023437
0 0.014844 0.013281 0.029689 0.026562
0 0.071094 0.039063 0.020313 0.021874
0 0.118749 0.372656 0.028126 0.035937
0 0.157030 0.613281 0.032812 0.032812
0 0.474217 0.438281 0.026562 0.029688
0 0.514062 0.260156 0.031249 0.029688
0 0.653124 0.177345 0.024999 0.026562
0 0.730470 0.163282 0.026562 0.023437
0 0.714844 0.226562 0.029689 0.021874
0 0.778125 0.403126 0.031249 0.028125
0 0.839063 0.652344 0.024999 0.029688
0 0.867188 0.627344 0.024999 0.023437
0 0.716407 0.714845 0.026562 0.026562
0 0.871874 0.914844 0.024999 0.032812
0 0.704688 0.900781 0.021876 0.023437
0 0.699218 0.851561 0.023439 0.021874
0 0.559374 0.917968 0.028126 0.023437
0 0.623438 0.875780 0.021876 0.023437
0 0.135938 0.994531 0.034375 0.010938
0 0.663280 0.523437 0.017186 0.018750
0 0.587500 0.478126 0.021876 0.018750