0 0.221875 0.052343 0.024999 0.023437
0 0.074217 0.438281 0.026562 0.029688
0 0.114062 0.260156 0.031249 0.029688
0 0.253124 0.177345 0.024999 0.026562
0 0.330470 0.163282 0.026562 0.023437
0 0.314844 0.226562 0.029689 0.021874
0 0.378125 0.403126 0.031249 0.028125
0 0.439063 0.652344 0.024999 0.029688
0 0.467188 0.627344 0.024999 0.023437
0 0.316407 0.714845 0.026562 0.026562
0 0.939062 0.244530 0.031249 0.042187
0 0.914843 0.339844 0.032812 0.029688
0 0.895314 0.423437 0.021876 0.021874
0 0.926562 0.617187 0.028126 0.034376
0 0.935155 0.962500 0.029689 0.021874
0 0.471875 0.914844 0.024999 0.032812
0 0.304688 0.900781 0.021876 0.023437
0 0.299218 0.851561 0.023439 0.021874
0 0.159374 0.917968 0.028126 0.023437
0 0.223438 0.875780 0.021876 0.023437
0 0.813281 0.439062 0.017186 0.021874
0 0.263280 0.523437 0.017186 0.018750
0 0.187500 0.478126 0.021876 0.018750