0 0.048438 0.069532 0.018749 0.026562
0 0.125781 0.171875 0.026562 0.037500
0 0.278905 0.110938 0.026562 0.025001
0 0.347656 0.016406 0.026562 0.032813
0 0.557030 0.213281 0.032812 0.032812
0 0.249220 0.306249 0.032812 0.043751
0 0.310937 0.367187 0.037499 0.025001
0 0.874217 0.038281 0.026562 0.029688
0 0.959374 0.517968 0.028126 0.023437
0 0.876564 0.775782 0.028126 0.026562
0 0.928125 0.896875 0.018749 0.025001
0 0.535938 0.597655 0.034375 0.017187
0 0.332813 0.471875 0.021876 0.025001
0 0.258593 0.499218 0.023439 0.026562
0 0.203905 0.471875 0.020313 0.025001
0 0.139844 0.505469 0.017186 0.014062
0 0.099999 0.853124 0.028126 0.043751
0 0.987499 0.078126 0.021876 0.018750