0 0.157030 0.213281 0.032812 0.032812
0 0.474217 0.038281 0.026562 0.029688
0 0.778125 0.008594 0.031249 0.017188
0 0.839063 0.252344 0.024999 0.029688
0 0.867188 0.227344 0.024999 0.023437
0 0.716407 0.314845 0.026562 0.026562
0 0.871874 0.514844 0.024999 0.032812
0 0.704688 0.500781 0.021876 0.023437
0 0.699218 0.451561 0.023439 0.021874
0 0.559374 0.517968 0.028126 0.023437
0 0.623438 0.475780 0.021876 0.023437
0 0.476564 0.775782 0.028126 0.026562
0 0.940625 0.936720 0.031249 0.032812
0 0.528125 0.896875 0.018749 0.025001
0 0.667186 0.967187 0.015626 0.018750
0 0.135938 0.597655 0.034375 0.017187
0 0.663280 0.123437 0.017186 0.018750
0 0.587500 0.078126 0.021876 0.018750