0 0.806251 0.347657 0.031249 0.045312
0 0.604687 0.534375 0.024999 0.028125
0 0.465626 0.576563 0.021876 0.031249
0 0.326561 0.413282 0.024999 0.020313
0 0.343750 0.595313 0.021876 0.025001
0 0.393749 0.592968 0.028126 0.029688
0 0.128126 0.123437 0.021876 0.025001
0 0.010937 0.219532 0.021874 0.032812
0 0.015625 0.296093 0.031250 0.023437
0 0.221092 0.128125 0.020313 0.021874
0 0.042969 0.178126 0.023439 0.018750
0 0.096094 0.092188 0.020313 0.015626
0 0.424217 0.601563 0.017186 0.015626
0 0.411718 0.611720 0.020313 0.023437
0 0.478125 0.549219 0.018749 0.023437
0 0.989064 0.169530 0.015626 0.017187