0 0.949218 0.167189 0.020313 0.021874
0 0.774219 0.063282 0.020313 0.023437
0 0.743750 0.074218 0.018749 0.020313
0 0.671876 0.120311 0.021876 0.018750
0 0.593750 0.150781 0.028126 0.017187
0 0.567187 0.037500 0.028126 0.028125
0 0.568750 0.099219 0.024999 0.020313
0 0.450782 0.060937 0.032812 0.028125
0 0.364062 0.161720 0.018749 0.017187
0 0.405467 0.177343 0.020313 0.017187
0 0.270313 0.048438 0.028126 0.025001
0 0.012499 0.043751 0.024998 0.037500
0 0.366405 0.789064 0.029689 0.028125
0 0.256250 0.786719 0.018749 0.020313
0 0.146094 0.817968 0.023439 0.026562
0 0.113282 0.880468 0.020313 0.023437
0 0.218752 0.880468 0.028126 0.026562
0 0.439842 0.954687 0.023439 0.015626
0 0.296095 0.925782 0.023439 0.029688
0 0.374999 0.986720 0.018749 0.017187
0 0.194533 0.937500 0.032812 0.028125
0 0.725001 0.857813 0.021876 0.031249
0 0.757813 0.843750 0.031249 0.034376
0 0.718751 0.939063 0.031249 0.025001
0 0.982030 0.984375 0.026562 0.028125
0 0.896094 0.944532 0.026562 0.026562
0 0.331250 0.792969 0.018749 0.017187
0 0.365625 0.823437 0.015626 0.015626
0 0.390625 0.823437 0.012500 0.018750
0 0.139061 0.146094 0.015626 0.017187
0 0.217968 0.860155 0.020313 0.020313
0 0.274999 0.789843 0.018749 0.017187