0 0.885938 0.049999 0.043751 0.028125
0 0.845313 0.145312 0.043751 0.025001
0 0.679686 0.016406 0.043751 0.032811
0 0.644531 0.163280 0.026562 0.026562
0 0.549218 0.167189 0.020313 0.021874
0 0.374219 0.063282 0.020313 0.023437
0 0.343750 0.074218 0.018749 0.020313
0 0.271876 0.120311 0.021876 0.018750
0 0.193750 0.150781 0.028126 0.017187
0 0.167187 0.037500 0.028126 0.028125
0 0.168750 0.099219 0.024999 0.020313
0 0.050782 0.060937 0.032812 0.028125
0 0.007812 0.177343 0.015624 0.017187
0 0.039842 0.954687 0.023439 0.015626
0 0.325001 0.857813 0.021876 0.031249
0 0.357813 0.843750 0.031249 0.034376
0 0.318751 0.939063 0.031249 0.025001
0 0.582030 0.984375 0.026562 0.028125
0 0.698439 0.914844 0.040625 0.020313
0 0.496094 0.944532 0.026562 0.026562
0 0.607812 0.761718 0.024999 0.023437
0 0.600783 0.074218 0.017186 0.014062
0 0.617189 0.007812 0.021876 0.015625
0 0.724218 0.089844 0.017186 0.017187
0 0.738280 0.103906 0.014063 0.020313