0 0.951562 0.106249 0.043751 0.040624
0 0.843750 0.076563 0.040625 0.031249
0 0.601563 0.137500 0.043751 0.046875
0 0.485938 0.049999 0.043751 0.028125
0 0.445313 0.145312 0.043751 0.025001
0 0.279686 0.016406 0.043751 0.032811
0 0.244531 0.163280 0.026562 0.026562
0 0.149218 0.167189 0.020313 0.021874
0 0.877345 0.939063 0.023439 0.025001
0 0.904687 0.810156 0.031249 0.032812
0 0.835937 0.831251 0.031249 0.018750
0 0.640625 0.869530 0.037499 0.029688
0 0.715625 0.921874 0.031249 0.025001
0 0.633595 0.756251 0.032812 0.021874
0 0.182030 0.984375 0.026562 0.028125
0 0.298439 0.914844 0.040625 0.020313
0 0.096094 0.944532 0.026562 0.026562
0 0.642188 0.987501 0.034375 0.024999
0 0.207813 0.761718 0.024999 0.023437
0 0.200783 0.074218 0.017186 0.014062
0 0.217189 0.007812 0.021876 0.015625
0 0.324218 0.089844 0.017186 0.017187
0 0.338280 0.103906 0.014063 0.020313
0 0.925000 0.935157 0.012500 0.017187