0 0.987501 0.471093 0.024998 0.026562
0 0.968750 0.351561 0.040625 0.025001
0 0.827343 0.350782 0.035938 0.029688
0 0.357032 0.375780 0.026562 0.023437
0 0.364845 0.421094 0.023439 0.023437
0 0.323437 0.487501 0.037499 0.028125
0 0.267189 0.500000 0.018749 0.021874
0 0.278125 0.575000 0.024999 0.028125
0 0.072657 0.614063 0.023439 0.034376
0 0.058594 0.806250 0.017186 0.021874
0 0.077343 0.828124 0.029689 0.021874
0 0.047655 0.917186 0.026562 0.034376
0 0.289845 0.889061 0.017186 0.018750
0 0.309374 0.974218 0.031249 0.042187
0 0.010938 0.045311 0.021876 0.037500
0 0.607812 0.452343 0.018749 0.023437
0 0.515625 0.502343 0.024999 0.023437
0 0.492186 0.521874 0.018749 0.025001
0 0.554687 0.525782 0.018749 0.023437
0 0.700781 0.530470 0.023439 0.029688
0 0.784374 0.528125 0.021876 0.021874
0 0.817187 0.559374 0.021876 0.021874
0 0.862501 0.517968 0.024999 0.026562
0 0.625001 0.552344 0.024999 0.023437
0 0.400000 0.646875 0.024999 0.025001
0 0.537501 0.613281 0.028126 0.026562
0 0.594532 0.616406 0.026562 0.035937
0 0.621874 0.585156 0.034375 0.029688
0 0.665626 0.600782 0.028126 0.023437
0 0.753126 0.618750 0.024999 0.025001
0 0.896093 0.632813 0.035938 0.040624
0 0.802344 0.658593 0.023439 0.023437
0 0.786718 0.692187 0.029689 0.028125
0 0.882031 0.718751 0.029689 0.028125
0 0.978126 0.765626 0.021876 0.025001
0 0.602345 0.702344 0.032812 0.029688
0 0.569530 0.705468 0.020313 0.023437
0 0.412500 0.748437 0.028126 0.025001
0 0.403123 0.903124 0.021876 0.021874
0 0.357812 0.833593 0.018749 0.020313
0 0.500000 0.783594 0.031249 0.029688
0 0.508593 0.814843 0.020313 0.017187
0 0.574220 0.778907 0.023439 0.032812
0 0.642970 0.810937 0.029689 0.025001
0 0.605468 0.807813 0.020313 0.025001
0 0.568750 0.857031 0.018749 0.020313
0 0.828126 0.750000 0.024999 0.021874
0 0.874217 0.781249 0.023439 0.025001
0 0.907033 0.782813 0.029689 0.025001
0 0.688282 0.925782 0.023439 0.029688
0 0.709374 0.703907 0.034375 0.026562
0 0.785158 0.820312 0.029689 0.025001
0 0.800001 0.793751 0.018749 0.025001
0 0.867188 0.841407 0.021876 0.017187
0 0.906250 0.892970 0.021876 0.029688
0 0.957031 0.935936 0.026562 0.025001
0 0.839842 0.954686 0.032812 0.018750
0 0.605468 0.969530 0.026562 0.020313
0 0.504686 0.953907 0.037499 0.026562
0 0.613282 0.939063 0.023439 0.018750