0 0.366405 0.389064 0.029689 0.028125
0 0.256250 0.386719 0.018749 0.020313
0 0.146094 0.417968 0.023439 0.026562
0 0.113282 0.480468 0.020313 0.023437
0 0.218752 0.480468 0.028126 0.026562
0 0.439842 0.554687 0.023439 0.015626
0 0.296095 0.525782 0.023439 0.029688
0 0.374999 0.586720 0.018749 0.017187
0 0.432033 0.600001 0.029689 0.021874
0 0.085937 0.639843 0.034375 0.029688
0 0.044532 0.878126 0.026562 0.034376
0 0.194533 0.537500 0.032812 0.028125
0 0.307811 0.985938 0.031249 0.028125
0 0.123439 0.916407 0.021876 0.029688
0 0.114843 0.772656 0.039062 0.026562
0 0.017188 0.694532 0.034376 0.032812
0 0.725001 0.457813 0.021876 0.031249
0 0.757813 0.443750 0.031249 0.034376
0 0.718751 0.539063 0.031249 0.025001
0 0.633595 0.925000 0.020313 0.031249
0 0.867968 0.896094 0.026562 0.026562
0 0.982814 0.784376 0.024999 0.025001
0 0.842969 0.696874 0.029689 0.031249
0 0.982030 0.584375 0.026562 0.028125
0 0.896094 0.544532 0.026562 0.026562
0 0.991407 0.646094 0.017186 0.032812
0 0.885938 0.757030 0.024999 0.023437
0 0.965624 0.925000 0.028126 0.025001
0 0.955468 0.744531 0.023439 0.020313
0 0.913280 0.784376 0.014063 0.015626
0 0.884374 0.706249 0.015626 0.015626
0 0.792968 0.776562 0.020313 0.021874
0 0.331250 0.392969 0.018749 0.017187
0 0.365625 0.423437 0.015626 0.015626
0 0.390625 0.423437 0.012500 0.018750
0 0.272656 0.661720 0.017186 0.017187
0 0.096093 0.891406 0.020313 0.023437
0 0.893751 0.985938 0.018749 0.021874
0 0.217968 0.460155 0.020313 0.020313
0 0.274999 0.389843 0.018749 0.017187