0 0.885158 0.316406 0.023439 0.026562
0 0.355469 0.346095 0.017186 0.026562
0 0.307032 0.355470 0.020313 0.020313
0 0.374999 0.417968 0.018749 0.023437
0 0.335157 0.483593 0.026562 0.020313
0 0.316408 0.529688 0.020313 0.031249
0 0.339063 0.972657 0.028126 0.032812
0 0.287499 0.987500 0.024999 0.025000
0 0.549218 0.914062 0.020313 0.031249
0 0.596876 0.905469 0.028126 0.032812
0 0.642188 0.975781 0.018749 0.026562
0 0.717968 0.977344 0.023439 0.023437
0 0.810937 0.970312 0.031249 0.034376
0 0.953125 0.902345 0.028126 0.023437
0 0.869532 0.896094 0.026562 0.029688
0 0.929686 0.798438 0.040625 0.046875
0 0.958595 0.727344 0.029689 0.039063
0 0.428127 0.714843 0.028126 0.026562
0 0.503907 0.559374 0.032812 0.031249
0 0.530469 0.714064 0.023439 0.037500
0 0.557811 0.719530 0.015626 0.023437
0 0.721095 0.599219 0.023439 0.020313
0 0.663280 0.622656 0.020313 0.023437
0 0.678906 0.653905 0.026562 0.020313
0 0.726561 0.660938 0.018749 0.018750
0 0.699999 0.679688 0.015626 0.015626
0 0.721095 0.685939 0.014063 0.015626
0 0.689842 0.766405 0.023439 0.029688
0 0.717968 0.802344 0.026562 0.017187
0 0.812501 0.799218 0.024999 0.029688
0 0.754687 0.732814 0.021876 0.018750
0 0.746873 0.760157 0.040625 0.023437
0 0.855469 0.744531 0.023439 0.023437
0 0.836720 0.860937 0.020313 0.021874
0 0.839843 0.913281 0.026562 0.020313
0 0.944532 0.654687 0.023439 0.021874
0 0.896094 0.677343 0.026562 0.023437
0 0.838280 0.689063 0.023439 0.021874
0 0.862499 0.632813 0.040625 0.031249
0 0.903907 0.633595 0.020313 0.020313
0 0.965624 0.617187 0.015626 0.015626
0 0.944532 0.535157 0.023439 0.023437
0 0.813281 0.523437 0.042188 0.031249
0 0.753907 0.493749 0.029689 0.025001
0 0.707032 0.450001 0.020313 0.021874
0 0.675000 0.474999 0.034375 0.034376
0 0.604686 0.750782 0.028126 0.035937
0 0.109376 0.553907 0.018749 0.026562
0 0.081251 0.527343 0.015626 0.023437
0 0.023437 0.557032 0.021876 0.023437
0 0.026563 0.447656 0.021876 0.020313
0 0.077344 0.451562 0.026562 0.025001