0 0.877345 0.539063 0.023439 0.025001
0 0.904687 0.410156 0.031249 0.032812
0 0.835937 0.431251 0.031249 0.018750
0 0.640625 0.469530 0.037499 0.029688
0 0.715625 0.521874 0.031249 0.025001
0 0.633595 0.356251 0.032812 0.021874
0 0.067968 0.896094 0.026562 0.026562
0 0.342187 0.842187 0.028126 0.028125
0 0.250001 0.785155 0.024999 0.023437
0 0.182813 0.784376 0.024999 0.025001
0 0.042969 0.696874 0.029689 0.031249
0 0.182030 0.584375 0.026562 0.028125
0 0.560155 0.786718 0.023439 0.020313
0 0.298439 0.514844 0.040625 0.020313
0 0.096094 0.544532 0.026562 0.026562
0 0.195313 0.646094 0.024999 0.032812
0 0.085938 0.757030 0.024999 0.023437
0 0.165624 0.925000 0.028126 0.025001
0 0.387499 0.908593 0.034375 0.017187
0 0.464845 0.950780 0.026562 0.023437
0 0.327344 0.620311 0.023439 0.034376
0 0.397655 0.616406 0.023439 0.023437
0 0.414064 0.657032 0.028126 0.026562
0 0.348437 0.681251 0.031249 0.031249
0 0.266407 0.664844 0.026562 0.029688
0 0.482811 0.767968 0.021876 0.020313
0 0.642188 0.591407 0.034375 0.032812
0 0.207813 0.361718 0.024999 0.023437
0 0.798438 0.989063 0.024999 0.021874
0 0.842187 0.973439 0.021876 0.021874
0 0.155468 0.744531 0.023439 0.020313
0 0.444533 0.703907 0.014063 0.017187
0 0.204686 0.748437 0.012500 0.018750
0 0.113280 0.784376 0.014063 0.015626
0 0.084374 0.706249 0.015626 0.015626
0 0.925000 0.535157 0.012500 0.017187
0 0.342187 0.953907 0.018749 0.020313
0 0.093751 0.985938 0.018749 0.021874
0 0.351563 0.614063 0.018749 0.025001
0 0.284376 0.642188 0.021876 0.021874