0 0.477345 0.539063 0.023439 0.025001
0 0.504687 0.410156 0.031249 0.032812
0 0.435937 0.431251 0.031249 0.018750
0 0.240625 0.469530 0.037499 0.029688
0 0.315625 0.521874 0.031249 0.025001
0 0.233595 0.356251 0.032812 0.021874
0 0.160155 0.786718 0.023439 0.020313
0 0.064845 0.950780 0.026562 0.023437
0 0.014063 0.657032 0.028127 0.026562
0 0.082811 0.767968 0.021876 0.020313
0 0.242188 0.591407 0.034375 0.032812
0 0.398438 0.989063 0.024999 0.021874
0 0.442187 0.973439 0.021876 0.021874
0 0.697656 0.352343 0.032812 0.026562
0 0.846877 0.426564 0.021876 0.018750
0 0.699219 0.468751 0.026562 0.028125
0 0.704689 0.742188 0.024999 0.031249
0 0.940626 0.657814 0.028126 0.028125
0 0.925000 0.905469 0.024999 0.026562
0 0.908594 0.967970 0.029689 0.029688
0 0.044533 0.703907 0.014063 0.017187
0 0.948439 0.907811 0.018749 0.018750
0 0.994531 0.683594 0.010938 0.017187
0 0.525000 0.535157 0.012500 0.017187