0 0.146094 0.015624 0.023439 0.031249
0 0.113282 0.080468 0.020313 0.023437
0 0.218752 0.080468 0.028126 0.026562
0 0.439842 0.154687 0.023439 0.015626
0 0.296095 0.125782 0.023439 0.029688
0 0.374999 0.186720 0.018749 0.017187
0 0.432033 0.200001 0.029689 0.021874
0 0.085937 0.239843 0.034375 0.029688
0 0.044532 0.478126 0.026562 0.034376
0 0.194533 0.137500 0.032812 0.028125
0 0.325780 0.680469 0.029689 0.020313
0 0.307811 0.594531 0.031249 0.045312
0 0.217968 0.617969 0.032812 0.026562
0 0.305468 0.791406 0.042188 0.045312
0 0.158594 0.668749 0.026562 0.034376
0 0.128125 0.759375 0.024999 0.028125
0 0.123439 0.516407 0.021876 0.029688
0 0.114843 0.372656 0.039062 0.026562
0 0.017188 0.294532 0.034376 0.032812
0 0.725001 0.057813 0.021876 0.031249
0 0.757813 0.043750 0.031249 0.034376
0 0.718751 0.139063 0.031249 0.025001
0 0.633595 0.525000 0.020313 0.031249
0 0.682813 0.667968 0.028126 0.023437
0 0.667187 0.735937 0.021876 0.031249
0 0.735937 0.696093 0.028126 0.023437
0 0.867968 0.496094 0.026562 0.026562
0 0.867968 0.610157 0.023439 0.026562
0 0.982814 0.384376 0.024999 0.025001
0 0.842969 0.296874 0.029689 0.031249
0 0.982030 0.184375 0.026562 0.028125
0 0.896094 0.144532 0.026562 0.026562
0 0.991407 0.246094 0.017186 0.032812
0 0.885938 0.357030 0.024999 0.023437
0 0.965624 0.525000 0.028126 0.025001
0 0.987500 0.613281 0.021876 0.032812
0 0.955468 0.344531 0.023439 0.020313
0 0.913280 0.384376 0.014063 0.015626
0 0.884374 0.306249 0.015626 0.015626
0 0.792968 0.376562 0.020313 0.021874
0 0.365625 0.023437 0.015626 0.015626
0 0.390625 0.023437 0.012500 0.018750
0 0.272656 0.261720 0.017186 0.017187
0 0.096093 0.491406 0.020313 0.023437
0 0.060155 0.609375 0.017186 0.018750
0 0.893751 0.585938 0.018749 0.021874
0 0.138282 0.821094 0.023439 0.023437
0 0.146094 0.787500 0.020313 0.021874
0 0.372655 0.638282 0.014063 0.017187
0 0.217968 0.060155 0.020313 0.020313