0 0.039842 0.154687 0.023439 0.015626
0 0.032033 0.200001 0.029689 0.021874
0 0.325001 0.057813 0.021876 0.031249
0 0.357813 0.043750 0.031249 0.034376
0 0.318751 0.139063 0.031249 0.025001
0 0.233595 0.525000 0.020313 0.031249
0 0.282813 0.667968 0.028126 0.023437
0 0.267187 0.735937 0.021876 0.031249
0 0.335937 0.696093 0.028126 0.023437
0 0.467968 0.496094 0.026562 0.026562
0 0.467968 0.610157 0.023439 0.026562
0 0.742187 0.442187 0.028126 0.028125
0 0.650001 0.385155 0.024999 0.023437
0 0.582813 0.384376 0.024999 0.025001
0 0.442969 0.296874 0.029689 0.031249
0 0.582030 0.184375 0.026562 0.028125
0 0.960155 0.386718 0.023439 0.020313
0 0.698439 0.114844 0.040625 0.020313
0 0.496094 0.144532 0.026562 0.026562
0 0.595313 0.246094 0.024999 0.032812
0 0.485938 0.357030 0.024999 0.023437
0 0.565624 0.525000 0.028126 0.025001
0 0.787499 0.508593 0.034375 0.017187
0 0.704688 0.609375 0.018749 0.031249
0 0.735157 0.603906 0.017186 0.023437
0 0.849999 0.607030 0.021876 0.023437
0 0.864845 0.550780 0.026562 0.023437
0 0.727344 0.220311 0.023439 0.034376
0 0.797655 0.216406 0.023439 0.023437
0 0.814064 0.257032 0.028126 0.026562
0 0.748437 0.281251 0.031249 0.031249
0 0.666407 0.264844 0.026562 0.029688
0 0.882811 0.367968 0.021876 0.020313
0 0.587500 0.613281 0.021876 0.032812
0 0.663280 0.607030 0.023439 0.026562
0 0.788282 0.839062 0.029689 0.025001
0 0.555468 0.344531 0.023439 0.020313
0 0.671876 0.846874 0.018749 0.015626
0 0.844533 0.303907 0.014063 0.017187
0 0.604686 0.348437 0.012500 0.018750
0 0.513280 0.384376 0.014063 0.015626
0 0.484374 0.306249 0.015626 0.015626
0 0.392968 0.376562 0.020313 0.021874
0 0.742187 0.553907 0.018749 0.020313
0 0.493751 0.585938 0.018749 0.021874
0 0.751563 0.214063 0.018749 0.025001
0 0.684376 0.242188 0.021876 0.021874