0 0.877345 0.139063 0.023439 0.025001
0 0.904687 0.013281 0.031249 0.026562
0 0.835937 0.031251 0.031249 0.018750
0 0.640625 0.069530 0.037499 0.029688
0 0.715625 0.121874 0.031249 0.025001
0 0.067968 0.496094 0.026562 0.026562
0 0.067968 0.610157 0.023439 0.026562
0 0.342187 0.442187 0.028126 0.028125
0 0.250001 0.385155 0.024999 0.023437
0 0.182813 0.384376 0.024999 0.025001
0 0.042969 0.296874 0.029689 0.031249
0 0.182030 0.184375 0.026562 0.028125
0 0.560155 0.386718 0.023439 0.020313
0 0.298439 0.114844 0.040625 0.020313
0 0.096094 0.144532 0.026562 0.026562
0 0.195313 0.246094 0.024999 0.032812
0 0.085938 0.357030 0.024999 0.023437
0 0.165624 0.525000 0.028126 0.025001
0 0.387499 0.508593 0.034375 0.017187
0 0.304688 0.609375 0.018749 0.031249
0 0.335157 0.603906 0.017186 0.023437
0 0.449999 0.607030 0.021876 0.023437
0 0.464845 0.550780 0.026562 0.023437
0 0.654687 0.761720 0.034375 0.029688
0 0.690626 0.710157 0.031249 0.035937
0 0.874218 0.751563 0.032812 0.028125
0 0.727345 0.814843 0.032812 0.032812
0 0.327344 0.220311 0.023439 0.034376
0 0.397655 0.216406 0.023439 0.023437
0 0.414064 0.257032 0.028126 0.026562
0 0.348437 0.281251 0.031249 0.031249
0 0.266407 0.264844 0.026562 0.029688
0 0.482811 0.367968 0.021876 0.020313
0 0.187500 0.613281 0.021876 0.032812
0 0.263280 0.607030 0.023439 0.026562
0 0.642188 0.191407 0.034375 0.032812
0 0.751563 0.614844 0.024999 0.023437
0 0.798438 0.592189 0.024999 0.028125
0 0.842187 0.573439 0.021876 0.021874
0 0.388282 0.839062 0.029689 0.025001
0 0.155468 0.344531 0.023439 0.020313
0 0.271876 0.846874 0.018749 0.015626
0 0.815624 0.939063 0.021876 0.028125
0 0.444533 0.303907 0.014063 0.017187
0 0.204686 0.348437 0.012500 0.018750
0 0.113280 0.384376 0.014063 0.015626
0 0.084374 0.306249 0.015626 0.015626
0 0.739844 0.638282 0.017186 0.020313
0 0.927343 0.821875 0.014063 0.021874
0 0.925000 0.135157 0.012500 0.017187
0 0.342187 0.553907 0.018749 0.020313
0 0.093751 0.585938 0.018749 0.021874
0 0.351563 0.214063 0.018749 0.025001
0 0.284376 0.242188 0.021876 0.021874