0 0.477345 0.139063 0.023439 0.025001
0 0.504687 0.013281 0.031249 0.026562
0 0.435937 0.031251 0.031249 0.018750
0 0.240625 0.069530 0.037499 0.029688
0 0.315625 0.121874 0.031249 0.025001
0 0.160155 0.386718 0.023439 0.020313
0 0.049999 0.607030 0.021876 0.023437
0 0.064845 0.550780 0.026562 0.023437
0 0.254688 0.761720 0.034375 0.029688
0 0.290626 0.710157 0.031249 0.035937
0 0.474218 0.751563 0.032812 0.028125
0 0.327345 0.814843 0.032812 0.032812
0 0.014063 0.257032 0.028127 0.026562
0 0.082811 0.367968 0.021876 0.020313
0 0.242188 0.191407 0.034375 0.032812
0 0.351563 0.614844 0.024999 0.023437
0 0.398438 0.592189 0.024999 0.028125
0 0.442187 0.573439 0.021876 0.021874
0 0.846877 0.026564 0.021876 0.018750
0 0.699219 0.068751 0.026562 0.028125
0 0.704689 0.342188 0.024999 0.031249
0 0.746094 0.625780 0.032812 0.026562
0 0.845313 0.821094 0.028126 0.032812
0 0.940626 0.257814 0.028126 0.028125
0 0.925000 0.505469 0.024999 0.026562
0 0.908594 0.567970 0.029689 0.029688
0 0.917187 0.864845 0.037499 0.023437
0 0.415624 0.939063 0.021876 0.028125
0 0.044533 0.303907 0.014063 0.017187
0 0.339844 0.638282 0.017186 0.020313
0 0.948439 0.507811 0.018749 0.018750
0 0.994531 0.283594 0.010938 0.017187
0 0.527343 0.821875 0.014063 0.021874
0 0.525000 0.135157 0.012500 0.017187
0 0.755470 0.858594 0.017186 0.017187