0 0.233595 0.125000 0.020313 0.031249
0 0.282813 0.267968 0.028126 0.023437
0 0.267187 0.335937 0.021876 0.031249
0 0.335937 0.296093 0.028126 0.023437
0 0.467968 0.096094 0.026562 0.026562
0 0.467968 0.210157 0.023439 0.026562
0 0.742187 0.042187 0.028126 0.028125
0 0.565624 0.125000 0.028126 0.025001
0 0.787499 0.108593 0.034375 0.017187
0 0.704688 0.209375 0.018749 0.031249
0 0.735157 0.203906 0.017186 0.023437
0 0.849999 0.207030 0.021876 0.023437
0 0.864845 0.150780 0.026562 0.023437
0 0.587500 0.213281 0.021876 0.032812
0 0.663280 0.207030 0.023439 0.026562
0 0.788282 0.439062 0.029689 0.025001
0 0.856249 0.903126 0.028126 0.021874
0 0.774999 0.878125 0.040625 0.028125
0 0.582030 0.946095 0.023439 0.023437
0 0.096093 0.954688 0.020313 0.021874
0 0.671876 0.446874 0.018749 0.015626
0 0.742187 0.153907 0.018749 0.020313
0 0.493751 0.185938 0.018749 0.021874
0 0.940625 0.946095 0.012500 0.014062
0 0.126562 0.976562 0.021876 0.018750