0 0.049999 0.207030 0.021876 0.023437
0 0.064845 0.150780 0.026562 0.023437
0 0.254688 0.361720 0.034375 0.029688
0 0.290626 0.310157 0.031249 0.035937
0 0.474218 0.351563 0.032812 0.028125
0 0.327345 0.414843 0.032812 0.032812
0 0.351563 0.214844 0.024999 0.023437
0 0.398438 0.192189 0.024999 0.028125
0 0.442187 0.173439 0.021876 0.021874
0 0.746094 0.225780 0.032812 0.026562
0 0.845313 0.421094 0.028126 0.032812
0 0.925000 0.105469 0.024999 0.026562
0 0.908594 0.167970 0.029689 0.029688
0 0.917187 0.464845 0.037499 0.023437
0 0.752344 0.948437 0.023439 0.028125
0 0.648438 0.930469 0.031249 0.029688
0 0.575001 0.940626 0.040625 0.028125
0 0.317188 0.980468 0.043751 0.039063
0 0.056249 0.903126 0.028126 0.021874
0 0.929687 0.990626 0.031249 0.018749
0 0.415624 0.539063 0.021876 0.028125
0 0.339844 0.238282 0.017186 0.020313
0 0.948439 0.107811 0.018749 0.018750
0 0.527343 0.421875 0.014063 0.021874
0 0.755470 0.458594 0.017186 0.017187
0 0.140625 0.946095 0.012500 0.014062