0 0.308595 0.700781 0.026562 0.026562
0 0.146875 0.731250 0.024999 0.025001
0 0.300782 0.810156 0.026562 0.029688
0 0.230468 0.548438 0.026562 0.021874
0 0.391408 0.134374 0.035938 0.025001
0 0.637501 0.579688 0.024999 0.031249
0 0.900780 0.806250 0.032812 0.021874
0 0.817187 0.807032 0.021876 0.032812
0 0.767189 0.777344 0.021876 0.017187
0 0.569530 0.624220 0.020313 0.023437
0 0.800001 0.930470 0.031249 0.023437
0 0.685939 0.967188 0.018749 0.015626
0 0.859375 0.949220 0.028126 0.023437
0 0.917186 0.910157 0.021876 0.032812
0 0.946875 0.870312 0.024999 0.018750
0 0.156251 0.164062 0.024999 0.025001
0 0.247657 0.133595 0.017186 0.017187
0 0.371095 0.647657 0.017186 0.017187
0 0.397658 0.673437 0.017186 0.018750
0 0.185936 0.556250 0.015626 0.015626
0 0.139845 0.565625 0.017186 0.021874
0 0.785938 0.989062 0.021876 0.018750
0 0.872655 0.983593 0.014063 0.017187
0 0.960158 0.946093 0.020313 0.023437
0 0.924219 0.985156 0.014063 0.014062
0 0.928906 0.994532 0.010936 0.010937
0 0.146094 0.006251 0.023439 0.012502
0 0.588280 0.929688 0.017186 0.015626