0 0.989844 0.826564 0.020313 0.025001
0 0.903124 0.876563 0.024999 0.021874
0 0.868749 0.823437 0.028126 0.028125
0 0.746094 0.838281 0.032812 0.026562
0 0.761719 0.761718 0.029689 0.026562
0 0.646874 0.775780 0.024999 0.023437
0 0.596093 0.825000 0.023439 0.018750
0 0.642188 0.835157 0.037499 0.032812
0 0.517186 0.755470 0.024999 0.023437
0 0.507030 0.717970 0.017186 0.020313
0 0.427343 0.714061 0.023439 0.018750
0 0.472655 0.823437 0.029689 0.025001
0 0.389845 0.844532 0.026562 0.020313
0 0.586720 0.364063 0.026562 0.031249
0 0.714845 0.253906 0.042188 0.039063
0 0.776562 0.200780 0.024999 0.026562
0 0.771876 0.435157 0.024999 0.023437
0 0.806251 0.424219 0.021876 0.023437
0 0.848436 0.445311 0.028126 0.025001
0 0.872655 0.581251 0.017186 0.025001
0 0.991405 0.427343 0.017190 0.032812
0 0.940625 0.432030 0.018749 0.023437
0 0.888281 0.378126 0.020313 0.021874
0 0.936719 0.332812 0.032812 0.018750
0 0.873438 0.318749 0.024999 0.028125
0 0.846093 0.261718 0.023439 0.032812
0 0.942969 0.271874 0.014063 0.015626
0 0.964061 0.311719 0.018749 0.026562
0 0.907813 0.053126 0.021876 0.037500
0 0.390625 0.064843 0.037499 0.023437
0 0.505470 0.034376 0.032812 0.031249
0 0.499220 0.603907 0.023439 0.020313
0 0.395311 0.500782 0.021876 0.023437
0 0.200783 0.147657 0.023439 0.026562
0 0.169530 0.103125 0.020313 0.021874
0 0.210155 0.007812 0.029689 0.015625
0 0.115626 0.011718 0.024999 0.023436
0 0.154688 0.064843 0.024999 0.020313
0 0.149218 0.090626 0.014063 0.015626
0 0.121876 0.085938 0.015626 0.021874
0 0.037499 0.158593 0.024999 0.020313
0 0.004688 0.163280 0.009375 0.017187
0 0.137499 0.502343 0.043751 0.035937
0 0.026563 0.544530 0.053125 0.032812
0 0.153908 0.614845 0.026562 0.017187
0 0.025780 0.663281 0.023439 0.023437
0 0.085937 0.750782 0.031249 0.029688
0 0.179687 0.796875 0.018749 0.028125
0 0.215625 0.774219 0.018749 0.020313
0 0.034376 0.771875 0.024999 0.018750
0 0.077344 0.791406 0.017186 0.017187
0 0.063281 0.816407 0.020313 0.017187
0 0.564061 0.988281 0.040625 0.023438
0 0.920313 0.607031 0.018749 0.017187
0 0.843750 0.614063 0.015626 0.015626
0 0.800781 0.582812 0.020313 0.018750
0 0.637501 0.521874 0.015626 0.018750
0 0.607812 0.473439 0.012500 0.015626
0 0.647657 0.487501 0.020313 0.015626
0 0.503123 0.685936 0.012500 0.012499
0 0.741407 0.384374 0.014063 0.018750
0 0.194533 0.731250 0.017186 0.015626