0 0.100780 0.806250 0.032812 0.021874
0 0.014062 0.807032 0.028125 0.032812
0 0.533592 0.633595 0.023439 0.026562
0 0.762500 0.535937 0.028126 0.025001
0 0.007813 0.930470 0.015625 0.023437
0 0.059375 0.949220 0.028126 0.023437
0 0.117186 0.910157 0.021876 0.032812
0 0.146875 0.870312 0.024999 0.018750
0 0.210156 0.840626 0.026562 0.028125
0 0.210939 0.789843 0.018749 0.023437
0 0.246094 0.759375 0.023439 0.021874
0 0.320311 0.832030 0.024999 0.026562
0 0.329688 0.911720 0.024999 0.029688
0 0.358593 0.983593 0.020313 0.023437
0 0.521093 0.878905 0.023439 0.026562
0 0.705469 0.705468 0.023439 0.026562
0 0.792188 0.798439 0.021876 0.025001
0 0.672657 0.820313 0.026562 0.028125
0 0.760157 0.689845 0.020313 0.017187
0 0.792188 0.728124 0.012500 0.018750
0 0.847656 0.689063 0.017186 0.021874
0 0.574217 0.699220 0.020313 0.020313
0 0.072655 0.983593 0.014063 0.017187
0 0.409374 0.988281 0.015626 0.017187
0 0.160158 0.946093 0.020313 0.023437
0 0.124219 0.985156 0.014063 0.014062
0 0.128906 0.994532 0.010936 0.010937
0 0.521093 0.542188 0.014063 0.012499
0 0.564844 0.553126 0.014063 0.015626
0 0.453126 0.814062 0.015626 0.015626
0 0.389845 0.828124 0.014063 0.012499
0 0.289842 0.853125 0.014063 0.018750
0 0.382032 0.128125 0.029689 0.031249
0 0.409374 0.038282 0.024999 0.023437
0 0.570311 0.013281 0.028126 0.026563
0 0.985937 0.124220 0.028126 0.029688