0 0.118749 0.549999 0.065624 0.062501
0 0.222655 0.557813 0.064064 0.068749
0 0.242967 0.471875 0.051561 0.053126
0 0.727344 0.969531 0.064064 0.060938
0 0.979687 0.922656 0.040625 0.067188
0 0.366405 0.896876 0.073437 0.078124
0 0.329687 0.860937 0.056251 0.059374
0 0.467968 0.773438 0.054688 0.049999
0 0.707032 0.790625 0.070314 0.075000
0 0.660937 0.509375 0.037499 0.028125
0 0.307811 0.952344 0.018749 0.020313
0 0.006251 0.975781 0.012502 0.014062
0 0.309374 0.535937 0.018749 0.015626
0 0.309374 0.455468 0.018749 0.020313
0 0.781249 0.619532 0.018749 0.017187
0 0.352343 0.635937 0.010936 0.009375
0 0.271093 0.757030 0.014063 0.014062