0 0.133592 0.633595 0.023439 0.026562
0 0.362500 0.535937 0.028126 0.025001
0 0.121093 0.878905 0.023439 0.026562
0 0.305469 0.705468 0.023439 0.026562
0 0.392188 0.798439 0.021876 0.025001
0 0.272657 0.820313 0.026562 0.028125
0 0.360157 0.689845 0.020313 0.017187
0 0.392188 0.728124 0.012500 0.018750
0 0.447656 0.689063 0.017186 0.021874
0 0.174217 0.699220 0.020313 0.020313
0 0.639845 0.602343 0.032812 0.029688
0 0.742188 0.610157 0.028126 0.035937
0 0.858593 0.767187 0.017186 0.028125
0 0.989063 0.856249 0.021874 0.040624
0 0.907031 0.885938 0.029689 0.028125
0 0.008594 0.988281 0.017187 0.017187
0 0.121093 0.542188 0.014063 0.012499
0 0.164844 0.553126 0.014063 0.015626
0 0.053126 0.814062 0.015626 0.015626
0 0.917970 0.867188 0.023439 0.025001
0 0.010937 0.038282 0.021874 0.023437
0 0.170311 0.013281 0.028126 0.026563
0 0.585937 0.124220 0.028126 0.029688
0 0.799999 0.122656 0.024999 0.026562