0 0.309374 0.230468 0.034375 0.032812
0 0.164063 0.314843 0.024999 0.023437
0 0.146874 0.363281 0.031249 0.026562
0 0.470314 0.331250 0.028126 0.034376
0 0.568750 0.301562 0.031249 0.021874
0 0.421876 0.396875 0.028126 0.028125
0 0.289061 0.460937 0.021876 0.021874
0 0.412500 0.457031 0.024999 0.026562
0 0.550781 0.404687 0.023439 0.021874
0 0.536718 0.424219 0.023439 0.023437
0 0.741406 0.500000 0.032812 0.028125
0 0.417969 0.531249 0.023439 0.021874
0 0.367188 0.520313 0.018749 0.025001
0 0.405470 0.623438 0.026562 0.034376
0 0.555467 0.566406 0.017186 0.026562
0 0.586719 0.584375 0.023439 0.037500
0 0.550781 0.628125 0.032812 0.028125
0 0.503126 0.621093 0.021876 0.020313
0 0.737500 0.674219 0.031249 0.026562
0 0.946875 0.331250 0.024999 0.025001
0 0.907813 0.964064 0.031249 0.031249
0 0.810157 0.936718 0.026562 0.026562
0 0.332813 0.746876 0.021876 0.025001
0 0.182812 0.756251 0.018749 0.021874
0 0.176563 0.932031 0.021876 0.023437
0 0.631251 0.717969 0.024999 0.023437
0 0.609375 0.806250 0.028126 0.031249
0 0.446095 0.785937 0.026562 0.031249
0 0.569530 0.692187 0.020313 0.018750
0 0.959374 0.982814 0.018749 0.018750
0 0.142187 0.987500 0.034375 0.024999
0 0.985936 0.156250 0.015626 0.015626
0 0.939845 0.165625 0.017186 0.021874
0 0.982813 0.678906 0.018749 0.020313
0 0.803907 0.978126 0.017186 0.018750
0 0.481250 0.642188 0.024999 0.025001
0 0.504686 0.648436 0.024999 0.021874
0 0.535155 0.527343 0.020313 0.023437
0 0.576563 0.517187 0.015626 0.018750
0 0.661720 0.705468 0.017186 0.017187
0 0.671093 0.718751 0.017186 0.018750
0 0.147657 0.603125 0.020313 0.025001
0 0.075000 0.835157 0.021876 0.023437