0 0.308595 0.300781 0.026562 0.026562
0 0.146875 0.331250 0.024999 0.025001
0 0.300782 0.410156 0.026562 0.029688
0 0.301562 0.739844 0.028126 0.035937
0 0.228125 0.902345 0.034375 0.029688
0 0.107813 0.964064 0.031249 0.031249
0 0.011719 0.936718 0.023438 0.026562
0 0.230468 0.148438 0.026562 0.021874
0 0.637501 0.179688 0.024999 0.031249
0 0.900780 0.406250 0.032812 0.021874
0 0.817187 0.407032 0.021876 0.032812
0 0.767189 0.377344 0.021876 0.017187
0 0.569530 0.224220 0.020313 0.023437
0 0.800001 0.530470 0.031249 0.023437
0 0.685939 0.567188 0.018749 0.015626
0 0.859375 0.549220 0.028126 0.023437
0 0.917186 0.510157 0.021876 0.032812
0 0.946875 0.470312 0.024999 0.018750
0 0.949218 0.624220 0.026562 0.026562
0 0.578124 0.938281 0.024999 0.032812
0 0.903907 0.755469 0.014063 0.020313
0 0.910937 0.680469 0.024999 0.017187
0 0.724218 0.630468 0.023439 0.017187
0 0.650000 0.830469 0.021876 0.023437
0 0.658593 0.877344 0.017186 0.017187
0 0.663280 0.930470 0.023439 0.020313
0 0.730467 0.897657 0.026562 0.023437
0 0.308595 0.984375 0.032812 0.025001
0 0.217188 0.967188 0.021876 0.015626
0 0.159374 0.982814 0.018749 0.018750
0 0.371095 0.247657 0.017186 0.017187
0 0.397658 0.273437 0.017186 0.018750
0 0.185936 0.156250 0.015626 0.015626
0 0.139845 0.165625 0.017186 0.021874
0 0.568750 0.625781 0.018749 0.023437
0 0.785938 0.589062 0.021876 0.018750
0 0.872655 0.583593 0.014063 0.017187
0 0.182813 0.678906 0.018749 0.020313
0 0.382032 0.835157 0.014063 0.017187
0 0.241407 0.992969 0.023439 0.014062
0 0.006250 0.978126 0.012500 0.018750
0 0.960158 0.546093 0.020313 0.023437
0 0.924219 0.585156 0.014063 0.014062
0 0.928906 0.595313 0.010936 0.012499
0 0.975001 0.605470 0.012500 0.014062
0 0.936719 0.671876 0.014063 0.015626
0 0.908593 0.704689 0.014063 0.015626
0 0.874218 0.752343 0.014063 0.017187
0 0.946095 0.754688 0.010936 0.012499
0 0.588280 0.529688 0.017186 0.015626