0 0.237501 0.179688 0.024999 0.031249
0 0.500780 0.406250 0.032812 0.021874
0 0.417187 0.407032 0.021876 0.032812
0 0.367189 0.377344 0.021876 0.017187
0 0.169530 0.224220 0.020313 0.023437
0 0.933592 0.233595 0.023439 0.026562
0 0.400001 0.530470 0.031249 0.023437
0 0.285939 0.567188 0.018749 0.015626
0 0.459375 0.549220 0.028126 0.023437
0 0.517186 0.510157 0.021876 0.032812
0 0.546875 0.470312 0.024999 0.018750
0 0.610156 0.440626 0.026562 0.028125
0 0.610939 0.389843 0.018749 0.023437
0 0.646094 0.359375 0.023439 0.021874
0 0.720311 0.432030 0.024999 0.026562
0 0.549218 0.624220 0.026562 0.026562
0 0.631252 0.707031 0.034375 0.023437
0 0.610939 0.762499 0.031249 0.025001
0 0.729688 0.511720 0.024999 0.029688
0 0.758593 0.583593 0.020313 0.023437
0 0.921093 0.478905 0.023439 0.026562
0 0.825780 0.656250 0.023439 0.021874
0 0.814064 0.692187 0.018749 0.021874
0 0.861719 0.703125 0.014063 0.015626
0 0.865625 0.950780 0.018749 0.026562
0 0.178124 0.938281 0.024999 0.032812
0 0.503907 0.755469 0.014063 0.020313
0 0.510937 0.680469 0.024999 0.017187
0 0.324218 0.630468 0.023439 0.017187
0 0.250000 0.830469 0.021876 0.023437
0 0.258593 0.877344 0.017186 0.017187
0 0.263280 0.930470 0.023439 0.020313
0 0.330467 0.897657 0.026562 0.023437
0 0.742970 0.982814 0.014063 0.018750
0 0.840626 0.989844 0.021876 0.020312
0 0.974217 0.299220 0.020313 0.020313
0 0.976564 0.992968 0.028126 0.014063
0 0.168750 0.625781 0.018749 0.023437
0 0.385938 0.589062 0.021876 0.018750
0 0.472655 0.583593 0.014063 0.017187
0 0.884374 0.964064 0.018749 0.021874
0 0.809374 0.588281 0.015626 0.017187
0 0.857032 0.641406 0.014063 0.017187
0 0.874218 0.667189 0.017186 0.021874
0 0.671093 0.608594 0.017186 0.020313
0 0.560158 0.546093 0.020313 0.023437
0 0.524219 0.585156 0.014063 0.014062
0 0.528906 0.595313 0.010936 0.012499
0 0.575001 0.605470 0.012500 0.014062
0 0.629688 0.631250 0.015626 0.018750
0 0.632812 0.656250 0.015626 0.018750
0 0.536719 0.671876 0.014063 0.015626
0 0.508593 0.704689 0.014063 0.015626
0 0.474218 0.752343 0.014063 0.017187
0 0.546095 0.754688 0.010936 0.012499
0 0.711718 0.778907 0.014063 0.014062
0 0.690626 0.814843 0.012500 0.014062
0 0.786718 0.782813 0.010936 0.012499
0 0.921093 0.142188 0.014063 0.012499
0 0.964844 0.153126 0.014063 0.015626
0 0.853126 0.414062 0.015626 0.015626
0 0.789845 0.428124 0.014063 0.012499
0 0.689842 0.453125 0.014063 0.018750
0 0.664063 0.679688 0.015626 0.018750
0 0.709375 0.687500 0.018749 0.015626
0 0.188280 0.529688 0.017186 0.015626