0 0.133592 0.233595 0.023439 0.026562
0 0.362500 0.135937 0.028126 0.025001
0 0.121093 0.478905 0.023439 0.026562
0 0.025780 0.656250 0.023439 0.021874
0 0.011719 0.692187 0.023439 0.021874
0 0.061719 0.703125 0.014063 0.015626
0 0.065625 0.950780 0.018749 0.026562
0 0.305469 0.305468 0.023439 0.026562
0 0.392188 0.398439 0.021876 0.025001
0 0.040626 0.989844 0.021876 0.020312
0 0.226562 0.929688 0.018749 0.018750
0 0.371876 0.722657 0.018749 0.020313
0 0.272657 0.420313 0.026562 0.028125
0 0.360157 0.289845 0.020313 0.017187
0 0.392188 0.328124 0.012500 0.018750
0 0.447656 0.289063 0.017186 0.021874
0 0.174217 0.299220 0.020313 0.020313
0 0.409374 0.887501 0.021876 0.025001
0 0.176564 0.992968 0.028126 0.014063
0 0.446876 0.941405 0.018749 0.026562
0 0.435937 0.880468 0.018749 0.029688
0 0.684376 0.841407 0.031249 0.042187
0 0.755470 0.988282 0.039062 0.023436
0 0.639845 0.202343 0.032812 0.029688
0 0.742188 0.210157 0.028126 0.035937
0 0.858593 0.367187 0.017186 0.028125
0 0.989063 0.456249 0.021874 0.040624
0 0.907031 0.485938 0.029689 0.028125
0 0.857813 0.758593 0.031249 0.029688
0 0.954689 0.760157 0.028126 0.026562
0 0.084374 0.964064 0.018749 0.021874
0 0.008594 0.588281 0.017187 0.017187
0 0.057032 0.641406 0.014063 0.017187
0 0.074218 0.667189 0.017186 0.021874
0 0.457813 0.884374 0.012500 0.018750
0 0.121093 0.142188 0.014063 0.012499
0 0.164844 0.153126 0.014063 0.015626
0 0.053126 0.414062 0.015626 0.015626
0 0.828124 0.737501 0.018749 0.025001
0 0.917970 0.467188 0.023439 0.025001