0 0.289061 0.060937 0.021876 0.021874
0 0.412500 0.057031 0.024999 0.026562
0 0.550781 0.007812 0.023439 0.015624
0 0.536718 0.024219 0.023439 0.023437
0 0.741406 0.100000 0.032812 0.028125
0 0.417969 0.131249 0.023439 0.021874
0 0.367188 0.120313 0.018749 0.025001
0 0.405470 0.223438 0.026562 0.034376
0 0.555467 0.166406 0.017186 0.026562
0 0.586719 0.184375 0.023439 0.037500
0 0.550781 0.228125 0.032812 0.028125
0 0.503126 0.221093 0.021876 0.020313
0 0.737500 0.274219 0.031249 0.026562
0 0.907813 0.564064 0.031249 0.031249
0 0.810157 0.536718 0.026562 0.026562
0 0.332813 0.346876 0.021876 0.025001
0 0.182812 0.356251 0.018749 0.021874
0 0.176563 0.532031 0.021876 0.023437
0 0.631251 0.317969 0.024999 0.023437
0 0.609375 0.406250 0.028126 0.031249
0 0.446095 0.385937 0.026562 0.031249
0 0.569530 0.292187 0.020313 0.018750
0 0.959374 0.582814 0.018749 0.018750
0 0.142187 0.590625 0.034375 0.031249
0 0.982813 0.278906 0.018749 0.020313
0 0.803907 0.578126 0.017186 0.018750
0 0.824999 0.603906 0.015626 0.023437
0 0.575000 0.619532 0.018749 0.020313
0 0.481250 0.242188 0.024999 0.025001
0 0.504686 0.248436 0.024999 0.021874
0 0.535155 0.127343 0.020313 0.023437
0 0.576563 0.117187 0.015626 0.018750
0 0.661720 0.305468 0.017186 0.017187
0 0.671093 0.318751 0.017186 0.018750
0 0.147657 0.203125 0.020313 0.025001
0 0.075000 0.435157 0.021876 0.023437