0 0.989844 0.026564 0.020313 0.025001
0 0.903124 0.076563 0.024999 0.021874
0 0.868749 0.018750 0.028126 0.037499
0 0.746094 0.038281 0.032812 0.026562
0 0.596093 0.025000 0.023439 0.018750
0 0.642188 0.035157 0.037499 0.032812
0 0.472655 0.017969 0.029689 0.035937
0 0.389845 0.044532 0.026562 0.020313
0 0.063281 0.012500 0.020313 0.025000
0 0.038283 0.204688 0.029689 0.031249
0 0.455469 0.204688 0.035938 0.037500
0 0.564061 0.196874 0.040625 0.040624
0 0.027343 0.756251 0.054687 0.037500
0 0.069531 0.714845 0.026562 0.032812
0 0.299999 0.820312 0.028126 0.025001
0 0.332030 0.710937 0.035938 0.037500
0 0.519533 0.797656 0.032812 0.026562
0 0.458595 0.967188 0.035938 0.028125
0 0.600783 0.910938 0.026562 0.025001
0 0.533592 0.853906 0.032812 0.029688
0 0.641408 0.789845 0.032812 0.023437
0 0.942189 0.657813 0.040625 0.028125
0 0.989844 0.603124 0.020313 0.021874
0 0.952345 0.982032 0.023439 0.020313
0 0.650781 0.981250 0.020313 0.028125
0 0.753127 0.913280 0.018749 0.029688
0 0.904687 0.888282 0.028126 0.023437
0 0.803908 0.936718 0.029689 0.029688
0 0.901564 0.928906 0.024999 0.026562
0 0.954688 0.910938 0.018749 0.021874
0 0.933592 0.890625 0.014063 0.018750
0 0.299218 0.622656 0.020313 0.032812
0 0.253124 0.839062 0.012500 0.015626