0 0.100780 0.008594 0.032812 0.017187
0 0.014062 0.011719 0.028125 0.023438
0 0.007813 0.130470 0.015625 0.023437
0 0.059375 0.149220 0.028126 0.023437
0 0.117186 0.110157 0.021876 0.032812
0 0.146875 0.070312 0.024999 0.018750
0 0.210156 0.040626 0.026562 0.028125
0 0.320311 0.032030 0.024999 0.026562
0 0.149218 0.224220 0.026562 0.026562
0 0.231252 0.307031 0.034375 0.023437
0 0.210939 0.362499 0.031249 0.025001
0 0.329688 0.111720 0.024999 0.029688
0 0.358593 0.183593 0.020313 0.023437
0 0.521093 0.078905 0.023439 0.026562
0 0.425780 0.256250 0.023439 0.021874
0 0.414064 0.292187 0.018749 0.021874
0 0.461719 0.303125 0.014063 0.015626
0 0.465625 0.550780 0.018749 0.026562
0 0.103907 0.355469 0.014063 0.020313
0 0.110937 0.280469 0.024999 0.017187
0 0.342970 0.582814 0.014063 0.018750
0 0.404688 0.610157 0.021876 0.017187
0 0.440626 0.590625 0.021876 0.021874
0 0.626562 0.529688 0.018749 0.018750
0 0.771876 0.322657 0.018749 0.020313
0 0.672657 0.017188 0.026562 0.034375
0 0.809374 0.487501 0.021876 0.025001
0 0.576564 0.593750 0.028126 0.015626
0 0.752344 0.616405 0.026562 0.017187
0 0.846876 0.541405 0.018749 0.026562
0 0.835937 0.480468 0.018749 0.029688
0 0.072655 0.183593 0.014063 0.017187
0 0.484374 0.564064 0.018749 0.021874
0 0.409374 0.188281 0.015626 0.017187
0 0.457032 0.241406 0.014063 0.017187
0 0.474218 0.267189 0.017186 0.021874
0 0.271093 0.208594 0.017186 0.020313
0 0.160158 0.146093 0.020313 0.023437
0 0.124219 0.185156 0.014063 0.014062
0 0.128906 0.195313 0.010936 0.012499
0 0.175001 0.205470 0.012500 0.014062
0 0.229688 0.231250 0.015626 0.018750
0 0.232812 0.256250 0.015626 0.018750
0 0.136719 0.271876 0.014063 0.015626
0 0.108593 0.304689 0.014063 0.015626
0 0.074218 0.352343 0.014063 0.017187
0 0.146095 0.354688 0.010936 0.012499
0 0.311718 0.378907 0.014063 0.014062
0 0.290626 0.414843 0.012500 0.014062
0 0.386718 0.382813 0.010936 0.012499
0 0.857812 0.484374 0.012500 0.018750
0 0.453126 0.010937 0.015626 0.021875
0 0.389845 0.028124 0.014063 0.012499
0 0.289842 0.053125 0.014063 0.018750
0 0.264063 0.279688 0.015626 0.018750
0 0.309375 0.287500 0.018749 0.015626