0 0.865625 0.150780 0.018749 0.026562
0 0.178124 0.138281 0.024999 0.032812
0 0.253124 0.205469 0.028126 0.023437
0 0.250000 0.030469 0.021876 0.023437
0 0.258593 0.077344 0.017186 0.017187
0 0.263280 0.130470 0.023439 0.020313
0 0.330467 0.097657 0.026562 0.023437
0 0.742970 0.182814 0.014063 0.018750
0 0.804688 0.210157 0.021876 0.017187
0 0.840626 0.190625 0.021876 0.021874
0 0.976564 0.193750 0.028126 0.015626
0 0.954688 0.714063 0.021876 0.028125
0 0.753907 0.703906 0.023439 0.026562
0 0.666407 0.711718 0.026562 0.020313
0 0.613282 0.675781 0.020313 0.014062
0 0.576564 0.774219 0.024999 0.023437
0 0.431250 0.848437 0.028126 0.018750
0 0.310938 0.762501 0.015626 0.015626
0 0.378125 0.839062 0.024999 0.021874
0 0.301562 0.957812 0.028126 0.031249
0 0.025781 0.923437 0.051562 0.028125
0 0.011718 0.833593 0.023436 0.026562
0 0.015625 0.756250 0.031249 0.021874
0 0.884374 0.164064 0.018749 0.021874
0 0.690626 0.014843 0.012500 0.014062
0 0.935939 0.787500 0.018749 0.015626
0 0.917187 0.657813 0.018749 0.018750
0 0.977344 0.700782 0.020313 0.020313
0 0.008594 0.746875 0.017188 0.021874
0 0.382812 0.817188 0.018749 0.018750
0 0.292969 0.754687 0.023439 0.021874
0 0.006250 0.940626 0.012500 0.015626