0 0.465625 0.150780 0.018749 0.026562
0 0.342970 0.182814 0.014063 0.018750
0 0.404688 0.210157 0.021876 0.017187
0 0.440626 0.190625 0.021876 0.021874
0 0.626562 0.129688 0.018749 0.018750
0 0.809374 0.087501 0.021876 0.025001
0 0.576564 0.193750 0.028126 0.015626
0 0.752344 0.216405 0.026562 0.017187
0 0.846876 0.141405 0.018749 0.026562
0 0.835937 0.080468 0.018749 0.029688
0 0.944532 0.716406 0.035938 0.017187
0 0.889061 0.867187 0.028126 0.034376
0 0.893751 0.927345 0.021876 0.026562
0 0.619532 0.760156 0.029689 0.029688
0 0.766406 0.704688 0.026562 0.021874
0 0.554688 0.714063 0.021876 0.028125
0 0.353907 0.703906 0.023439 0.026562
0 0.266407 0.711718 0.026562 0.020313
0 0.213282 0.675781 0.020313 0.014062
0 0.176564 0.774219 0.024999 0.023437
0 0.031250 0.848437 0.028126 0.018750
0 0.849219 0.941407 0.023439 0.020313
0 0.484374 0.164064 0.018749 0.021874
0 0.290626 0.014843 0.012500 0.014062
0 0.857812 0.084374 0.012500 0.018750
0 0.535939 0.787500 0.018749 0.015626
0 0.517186 0.657813 0.018749 0.018750
0 0.577344 0.700782 0.020313 0.020313
0 0.901564 0.836719 0.021876 0.023437
0 0.911720 0.764062 0.014063 0.015626