0 0.373436 0.342188 0.040625 0.034376
0 0.142189 0.257813 0.040625 0.028125
0 0.193750 0.203124 0.028126 0.021874
0 0.243751 0.196094 0.040625 0.023437
0 0.500001 0.337501 0.021876 0.028125
0 0.464062 0.366407 0.021876 0.026562
0 0.367969 0.470314 0.020313 0.015626
0 0.542969 0.838280 0.020313 0.023437
0 0.450000 0.792969 0.028126 0.023437
0 0.382812 0.814064 0.031249 0.034376
0 0.384376 0.890624 0.031249 0.028125
0 0.426564 0.956249 0.024999 0.034376
0 0.313282 0.952343 0.029689 0.020313
0 0.010939 0.804689 0.021877 0.031249
0 0.060939 0.786718 0.024999 0.023437
0 0.152345 0.582032 0.023439 0.020313
0 0.104687 0.488282 0.028126 0.023437
0 0.009376 0.536718 0.018752 0.029688
0 0.101564 0.528906 0.024999 0.026562
0 0.154688 0.510938 0.018749 0.021874
0 0.133592 0.490625 0.014063 0.018750
0 0.035157 0.739061 0.026562 0.028125
0 0.771093 0.250781 0.029689 0.032812
0 0.814061 0.196094 0.028126 0.029688
0 0.785156 0.953125 0.029689 0.031249
0 0.962498 0.726562 0.021876 0.034376
0 0.989062 0.664062 0.021875 0.021874