0 0.189063 0.048438 0.021876 0.025001
0 0.293749 0.014062 0.028126 0.028125
0 0.404688 0.092186 0.024999 0.018750
0 0.450783 0.010938 0.026562 0.021877
0 0.670314 0.071876 0.024999 0.021874
0 0.823438 0.089062 0.028126 0.015626
0 0.828907 0.400000 0.017186 0.021874
0 0.326561 0.449220 0.018749 0.026562
0 0.132033 0.421095 0.026562 0.023437
0 0.028907 0.758594 0.026562 0.026562
0 0.183594 0.728906 0.014063 0.017187
0 0.172658 0.819531 0.014063 0.029688
0 0.353123 0.810938 0.031249 0.025001
0 0.357813 0.866406 0.018749 0.020313
0 0.331251 0.891407 0.028126 0.017187
0 0.824217 0.793751 0.023439 0.025001