0 0.808593 0.094531 0.023439 0.035937
0 0.333593 0.022656 0.017186 0.014062
0 0.207031 0.453125 0.039062 0.028125
0 0.300001 0.452343 0.034375 0.032812
0 0.351562 0.479687 0.015626 0.018750
0 0.349219 0.510157 0.017186 0.017187
0 0.975000 0.369532 0.028126 0.032812
0 0.870311 0.433594 0.021876 0.039063
0 0.856251 0.496094 0.018749 0.017187
0 0.984374 0.496094 0.031251 0.029688
0 0.958594 0.816407 0.032812 0.039063
0 0.729687 0.726563 0.034375 0.025001
0 0.678906 0.739062 0.039062 0.037500
0 0.349999 0.714843 0.040625 0.032812
0 0.516406 0.828906 0.035938 0.029688
0 0.250000 0.784376 0.034375 0.028125
0 0.036719 0.880468 0.032812 0.039063