0 0.671876 0.013282 0.028126 0.026564
0 0.010156 0.094531 0.020313 0.035937
0 0.175000 0.369532 0.028126 0.032812
0 0.070311 0.433594 0.021876 0.039063
0 0.056251 0.496094 0.018749 0.017187
0 0.217968 0.478905 0.023439 0.023437
0 0.185936 0.496094 0.034375 0.029688
0 0.589063 0.457031 0.021876 0.026562
0 0.642967 0.381250 0.026562 0.034376
0 0.702345 0.376562 0.017186 0.025001
0 0.628125 0.513281 0.018749 0.020313
0 0.854689 0.366405 0.015626 0.029688
0 0.879688 0.398439 0.018749 0.021874
0 0.803907 0.457031 0.020313 0.017187
0 0.800001 0.487501 0.018749 0.018750
0 0.980470 0.803126 0.029689 0.043751
0 0.917970 0.835157 0.032812 0.020313
0 0.869532 0.720312 0.039062 0.034376
0 0.878124 0.683594 0.024999 0.020313
0 0.940625 0.684375 0.028126 0.028125
0 0.594533 0.768750 0.045311 0.040624
0 0.639061 0.825782 0.028126 0.042187
0 0.221095 0.710937 0.029689 0.031249
0 0.158594 0.816407 0.032812 0.039063
0 0.828127 0.867969 0.031249 0.026562