0 0.932033 0.016407 0.026562 0.032813
0 0.271876 0.013282 0.028126 0.026564
0 0.189063 0.457031 0.021876 0.026562
0 0.242967 0.381250 0.026562 0.034376
0 0.302345 0.376562 0.017186 0.025001
0 0.228125 0.513281 0.018749 0.020313
0 0.454689 0.366405 0.015626 0.029688
0 0.479688 0.398439 0.018749 0.021874
0 0.403908 0.457031 0.020313 0.017187
0 0.400001 0.487501 0.018749 0.018750
0 0.828907 0.358594 0.026562 0.026562
0 0.983594 0.328906 0.014063 0.017187
0 0.972658 0.419531 0.014063 0.029688
0 0.959375 0.822657 0.018749 0.026562
0 0.893751 0.730469 0.021876 0.026562
0 0.885158 0.693750 0.023439 0.018750
0 0.946875 0.677343 0.031249 0.023437
0 0.841406 0.678125 0.026562 0.018750
0 0.580470 0.803126 0.029689 0.043751
0 0.517970 0.835157 0.032812 0.020313
0 0.469532 0.720312 0.039062 0.034376
0 0.478124 0.683594 0.024999 0.020313
0 0.540625 0.684375 0.028126 0.028125
0 0.194533 0.768750 0.045311 0.040624
0 0.239061 0.825782 0.028126 0.042187
0 0.428127 0.867969 0.031249 0.026562