0 0.189063 0.057031 0.021876 0.026562
0 0.228125 0.113281 0.018749 0.020313
0 0.403908 0.057031 0.020313 0.017187
0 0.400001 0.087501 0.018749 0.018750
0 0.972658 0.017188 0.014063 0.034375
0 0.959375 0.422657 0.018749 0.026562
0 0.893751 0.330469 0.021876 0.026562
0 0.885158 0.293750 0.023439 0.018750
0 0.946875 0.277343 0.031249 0.023437
0 0.841406 0.278125 0.026562 0.018750
0 0.580470 0.403126 0.029689 0.043751
0 0.517970 0.435157 0.032812 0.020313
0 0.469532 0.320312 0.039062 0.034376
0 0.478124 0.283594 0.024999 0.020313
0 0.540625 0.284375 0.028126 0.028125
0 0.194533 0.368750 0.045311 0.040624
0 0.239061 0.425782 0.028126 0.042187
0 0.474218 0.747657 0.026562 0.026562
0 0.428127 0.467969 0.031249 0.026562