0 0.007032 0.057031 0.014064 0.017187
0 0.004688 0.087501 0.009376 0.018750
0 0.572658 0.017188 0.014063 0.034375
0 0.753123 0.011719 0.031249 0.023438
0 0.757813 0.066406 0.018749 0.020313
0 0.731251 0.091407 0.028126 0.017187
0 0.896874 0.313282 0.043751 0.035937
0 0.735158 0.311719 0.026562 0.026562
0 0.688283 0.380468 0.020313 0.026562
0 0.559375 0.422657 0.018749 0.026562
0 0.493751 0.330469 0.021876 0.026562
0 0.485158 0.293750 0.023439 0.018750
0 0.546875 0.277343 0.031249 0.023437
0 0.441406 0.278125 0.026562 0.018750
0 0.180470 0.403126 0.029689 0.043751
0 0.117970 0.435157 0.032812 0.020313
0 0.069532 0.320312 0.039062 0.034376
0 0.078124 0.283594 0.024999 0.020313
0 0.140625 0.284375 0.028126 0.028125
0 0.074218 0.747657 0.026562 0.026562
0 0.739844 0.798438 0.023439 0.021874
0 0.021875 0.467969 0.043751 0.026562