0 0.172658 0.017188 0.014063 0.034375
0 0.353123 0.011719 0.031249 0.023438
0 0.357813 0.066406 0.018749 0.020313
0 0.331251 0.091407 0.028126 0.017187
0 0.795312 0.314064 0.031249 0.028125
0 0.871092 0.393751 0.026562 0.021874
0 0.763280 0.440626 0.023439 0.021874
0 0.694533 0.426563 0.039062 0.028125
0 0.496874 0.313282 0.043751 0.035937
0 0.335158 0.311719 0.026562 0.026562
0 0.288283 0.380468 0.020313 0.026562
0 0.159375 0.422657 0.018749 0.026562
0 0.093751 0.330469 0.021876 0.026562
0 0.085158 0.293750 0.023439 0.018750
0 0.146875 0.277343 0.031249 0.023437
0 0.041406 0.278125 0.026562 0.018750
0 0.339844 0.798438 0.023439 0.021874
0 0.870312 0.696874 0.031249 0.025001