0 0.234374 0.385936 0.084376 0.096874
0 0.500780 0.310157 0.076563 0.082811
0 0.271876 0.135936 0.053124 0.059374
0 0.179687 0.055470 0.046875 0.051562
0 0.598436 0.236719 0.056251 0.060937
0 0.728124 0.305468 0.046875 0.048438
0 0.646874 0.275000 0.028126 0.031249
0 0.942188 0.175781 0.043751 0.045312
0 0.742187 0.496875 0.075000 0.084375
0 0.083594 0.943750 0.064064 0.056250
0 0.180470 0.877343 0.057811 0.060937
0 0.847656 0.677345 0.067187 0.073436
0 0.960156 0.700001 0.079689 0.065625
0 0.221875 0.509374 0.050001 0.040624
0 0.680469 0.985156 0.029689 0.026562
0 0.821093 0.860157 0.020313 0.020313
0 0.578124 0.846094 0.015626 0.017187
0 0.442189 0.053125 0.024999 0.028125
0 0.393751 0.108593 0.012500 0.014062
0 0.303125 0.317187 0.012500 0.012499