0 0.915626 0.861718 0.028126 0.026562
0 0.851562 0.832812 0.031249 0.015626
0 0.645314 0.850001 0.034375 0.028125
0 0.725780 0.824219 0.017186 0.017187
0 0.755469 0.832030 0.020313 0.020313
0 0.726564 0.854688 0.015626 0.018750
0 0.753906 0.957032 0.029689 0.029688
0 0.755469 0.984375 0.026562 0.031249
0 0.789844 0.981251 0.017186 0.018750
0 0.810937 0.978124 0.018749 0.021874
0 0.589843 0.991406 0.020313 0.017189
0 0.613282 0.972657 0.017186 0.017187
0 0.596876 0.946875 0.018749 0.012499
0 0.282812 0.855468 0.037499 0.029688
0 0.332813 0.989844 0.024999 0.020313
0 0.372655 0.835938 0.017186 0.021874
0 0.253126 0.832812 0.015626 0.015626
0 0.439845 0.840626 0.023439 0.025001
0 0.467187 0.846093 0.018749 0.017187
0 0.496876 0.853125 0.018749 0.018750
0 0.992970 0.975781 0.014061 0.032812
0 0.875781 0.253906 0.032812 0.039063
0 0.958594 0.149218 0.032812 0.023437
0 0.992970 0.133595 0.014061 0.017187
0 0.501563 0.208594 0.046875 0.042187
0 0.615625 0.229687 0.024999 0.028125
0 0.789844 0.310937 0.032812 0.031249
0 0.314844 0.289063 0.032812 0.028125
0 0.328126 0.202344 0.028126 0.029688
0 0.383594 0.185157 0.026562 0.026562
0 0.416406 0.252343 0.026562 0.026562
0 0.310937 0.153905 0.034375 0.039063
0 0.967187 0.878126 0.012500 0.015626
0 0.938282 0.925782 0.014063 0.014062
0 0.789844 0.853125 0.014063 0.012499
0 0.822656 0.269532 0.017186 0.017187
0 0.732030 0.237501 0.010936 0.012499
0 0.734376 0.217969 0.012500 0.014062
0 0.797657 0.241407 0.014063 0.014062
0 0.263282 0.084375 0.026562 0.028125
0 0.810157 0.010938 0.020313 0.021877
0 0.460938 0.042187 0.015626 0.015626
0 0.644530 0.148436 0.017186 0.015626
0 0.791408 0.093750 0.014063 0.012499
0 0.963280 0.091407 0.010936 0.014062
0 0.993749 0.062501 0.009376 0.012499
0 0.853125 0.004687 0.018749 0.009375