0 0.857812 0.933594 0.043751 0.039063
0 0.932032 0.837499 0.035938 0.037500
0 0.801561 0.953907 0.031249 0.026562
0 0.500780 0.903906 0.023439 0.032812
0 0.226561 0.944532 0.031249 0.032812
0 0.276562 0.903906 0.018749 0.020313
0 0.282812 0.926562 0.021876 0.018750
0 0.115626 0.861718 0.028126 0.026562
0 0.051562 0.832812 0.031249 0.015626
0 0.010156 0.978124 0.020311 0.021874
0 0.198439 0.975781 0.024999 0.032812
0 0.871875 0.216406 0.040625 0.045312
0 0.935155 0.088281 0.039062 0.039063
0 0.897657 0.025782 0.020313 0.023437
0 0.967187 0.055468 0.021876 0.023437
0 0.989063 0.175000 0.021875 0.034376
0 0.974217 0.231250 0.026562 0.031249
0 0.476561 0.029688 0.050001 0.059375
0 0.480467 0.101561 0.039062 0.037500
0 0.662500 0.016406 0.021876 0.032811
0 0.588280 0.176564 0.010936 0.015626
0 0.561717 0.254688 0.039062 0.040624
0 0.453125 0.276562 0.031249 0.028125
0 0.442969 0.239844 0.032812 0.035937
0 0.318751 0.228905 0.040625 0.039063
0 0.211719 0.288282 0.032812 0.029688
0 0.075781 0.253906 0.032812 0.039063
0 0.158594 0.149218 0.032812 0.023437
0 0.194533 0.133595 0.017186 0.017187
0 0.238281 0.133595 0.023439 0.020313
0 0.250000 0.184375 0.024999 0.028125
0 0.397658 0.085938 0.026562 0.028125
0 0.382032 0.060937 0.017186 0.018750
0 0.303905 0.008594 0.017186 0.017188
0 0.167187 0.878126 0.012500 0.015626
0 0.138282 0.925782 0.014063 0.014062
0 0.411720 0.860937 0.017186 0.018750
0 0.385155 0.838281 0.014063 0.014062
0 0.022656 0.269532 0.017186 0.017187
0 0.010156 0.010938 0.020313 0.021877
0 0.702345 0.953126 0.014063 0.015626
0 0.686719 0.838281 0.010936 0.010938
0 0.733594 0.824219 0.010936 0.014062
0 0.757033 0.972657 0.010936 0.014062
0 0.873438 0.985938 0.015626 0.018750
0 0.491407 0.254688 0.020313 0.021874
0 0.418750 0.190626 0.018749 0.018750
0 0.564844 0.079687 0.014063 0.018750
0 0.163280 0.091407 0.010936 0.014062
0 0.193749 0.062501 0.009376 0.012499
0 0.221875 0.008594 0.015626 0.017188
0 0.053125 0.004687 0.018749 0.009375