0 0.828123 0.975000 0.028126 0.040624
0 0.755470 0.945312 0.029689 0.028125
0 0.683593 0.939845 0.026562 0.023437
0 0.457812 0.933594 0.043751 0.039063
0 0.532032 0.837499 0.035938 0.037500
0 0.401561 0.953907 0.031249 0.026562
0 0.884374 0.844532 0.034375 0.039063
0 0.825780 0.857031 0.035938 0.026562
0 0.975781 0.896876 0.023439 0.025001
0 0.954688 0.855468 0.018749 0.023437
0 0.917187 0.896094 0.021876 0.020313
0 0.100780 0.903906 0.023439 0.032812
0 0.880468 0.262499 0.029689 0.028125
0 0.793751 0.252343 0.034375 0.035937
0 0.769533 0.226563 0.029689 0.031249
0 0.875001 0.223439 0.028126 0.028125
0 0.885158 0.200001 0.026562 0.021874
0 0.937499 0.208594 0.018749 0.017187
0 0.471875 0.216406 0.040625 0.045312
0 0.535155 0.088281 0.039062 0.039063
0 0.497657 0.025782 0.020313 0.023437
0 0.567187 0.055468 0.021876 0.023437
0 0.597656 0.175000 0.039062 0.034376
0 0.574217 0.231250 0.026562 0.031249
0 0.638281 0.248437 0.032812 0.034376
0 0.695312 0.300781 0.024999 0.026562
0 0.076561 0.029688 0.050001 0.059375
0 0.080467 0.101561 0.039062 0.037500
0 0.262500 0.016406 0.021876 0.032811
0 0.188280 0.176564 0.010936 0.015626
0 0.161717 0.254688 0.039062 0.040624
0 0.053125 0.276562 0.031249 0.028125
0 0.042969 0.239844 0.032812 0.035937
0 0.010157 0.860937 0.020313 0.018750
0 0.971094 0.325782 0.017186 0.017187
0 0.302345 0.953126 0.014063 0.015626
0 0.286719 0.838281 0.010936 0.010938
0 0.333594 0.824219 0.010936 0.014062
0 0.357033 0.972657 0.010936 0.014062
0 0.473438 0.985938 0.015626 0.018750
0 0.868749 0.014062 0.015626 0.028125
0 0.721095 0.201562 0.017186 0.018750
0 0.729688 0.268750 0.012500 0.012499
0 0.917970 0.097656 0.010936 0.010938
0 0.917970 0.139843 0.014063 0.010938
0 0.091407 0.254688 0.020313 0.021874
0 0.018750 0.190626 0.018749 0.018750
0 0.164844 0.079687 0.014063 0.018750
0 0.959375 0.157814 0.018749 0.015626
0 0.744530 0.133595 0.014063 0.017187
0 0.866405 0.135155 0.014063 0.014062
0 0.660157 0.063282 0.014063 0.014062