0 0.209375 0.039844 0.046875 0.079688
0 0.260156 0.142188 0.029689 0.031249
0 0.363282 0.223438 0.048438 0.049999
0 0.518749 0.149999 0.065624 0.062501
0 0.622655 0.157813 0.064064 0.068749
0 0.642967 0.071875 0.051561 0.053126
0 0.671876 0.935936 0.053124 0.059374
0 0.579686 0.855470 0.046875 0.051562
0 0.766405 0.496876 0.073437 0.078124
0 0.729687 0.460937 0.056251 0.059374
0 0.867968 0.373438 0.054688 0.049999
0 0.296095 0.639061 0.054688 0.049999
0 0.274219 0.744531 0.054688 0.070312
0 0.332030 0.528125 0.023439 0.021874
0 0.606249 0.648436 0.034375 0.034376
0 0.707811 0.552344 0.018749 0.020313
0 0.913283 0.696093 0.020313 0.020313
0 0.842189 0.853125 0.024999 0.028125
0 0.793751 0.908593 0.012500 0.014062
0 0.306251 0.953907 0.012500 0.010938
0 0.217188 0.580469 0.018749 0.014062
0 0.405470 0.575781 0.014063 0.014062
0 0.367188 0.692969 0.018749 0.014062
0 0.348436 0.094531 0.018749 0.020313
0 0.709375 0.135937 0.018749 0.015626
0 0.709375 0.055468 0.018749 0.020313
0 0.752343 0.235937 0.010936 0.009375
0 0.671093 0.357030 0.014063 0.014062