0 0.534375 0.895312 0.040625 0.034376
0 0.585936 0.909375 0.037499 0.040624
0 0.620312 0.841407 0.024999 0.032812
0 0.007031 0.928906 0.014063 0.026562
0 0.748436 0.691405 0.037499 0.039063
0 0.894530 0.657032 0.035938 0.035937
0 0.911720 0.601561 0.026562 0.071876
0 0.900780 0.503906 0.023439 0.032812
0 0.685939 0.657032 0.024999 0.026562
0 0.626561 0.544532 0.031249 0.032812
0 0.676562 0.503906 0.018749 0.020313
0 0.682812 0.526562 0.021876 0.018750
0 0.515626 0.461718 0.028126 0.026562
0 0.451562 0.432812 0.031249 0.015626
0 0.245314 0.450001 0.034375 0.028125
0 0.325780 0.424219 0.017186 0.017187
0 0.355469 0.432030 0.020313 0.020313
0 0.326564 0.454688 0.015626 0.018750
0 0.353906 0.557032 0.029689 0.029688
0 0.355469 0.584375 0.026562 0.031249
0 0.389844 0.581251 0.017186 0.018750
0 0.410937 0.578124 0.018749 0.021874
0 0.427343 0.706249 0.042188 0.043751
0 0.533595 0.713282 0.039062 0.039063
0 0.323437 0.640625 0.031249 0.034376
0 0.370312 0.657032 0.024999 0.023437
0 0.370312 0.711719 0.024999 0.029688
0 0.255470 0.721094 0.029689 0.026562
0 0.202345 0.743749 0.026562 0.025001
0 0.178126 0.845313 0.031249 0.031249
0 0.207032 0.955468 0.039062 0.039063
0 0.322657 0.983593 0.026562 0.023437
0 0.362499 0.874220 0.024999 0.032812
0 0.348436 0.851562 0.031249 0.031249
0 0.307811 0.812501 0.028126 0.018750
0 0.016406 0.812501 0.032812 0.028125
0 0.092186 0.700780 0.024999 0.032812
0 0.032812 0.705468 0.028126 0.029688
0 0.038282 0.675782 0.020313 0.023437
0 0.120312 0.616406 0.021876 0.020313
0 0.189843 0.592968 0.020313 0.020313
0 0.226561 0.624999 0.021876 0.028125
0 0.213281 0.572657 0.017186 0.017187
0 0.196876 0.546875 0.018749 0.012499
0 0.039845 0.440626 0.023439 0.025001
0 0.067187 0.446093 0.018749 0.017187
0 0.096876 0.453125 0.018749 0.018750
0 0.853125 0.710937 0.018749 0.018750
0 0.623438 0.622656 0.012500 0.020313
0 0.598439 0.575781 0.024999 0.032812
0 0.567187 0.478126 0.012500 0.015626
0 0.538282 0.525782 0.014063 0.014062
0 0.811720 0.460937 0.017186 0.018750
0 0.785155 0.438281 0.014063 0.014062
0 0.389844 0.453125 0.014063 0.012499
0 0.310158 0.704689 0.023439 0.018750
0 0.455468 0.913281 0.017186 0.017187
0 0.109376 0.785155 0.012500 0.010938
0 0.138281 0.750000 0.010936 0.009375
0 0.291405 0.992969 0.014063 0.014062