0 0.884374 0.946093 0.046875 0.048438
0 0.985938 0.985938 0.028124 0.028125
0 0.920313 0.760157 0.040625 0.039063
0 0.912500 0.787500 0.031249 0.021874
0 0.871095 0.753124 0.023439 0.031249
0 0.843749 0.742968 0.024999 0.035937
0 0.803124 0.818749 0.031249 0.028125
0 0.674220 0.928125 0.026562 0.037500
0 0.857812 0.533594 0.043751 0.039063
0 0.932032 0.437499 0.035938 0.037500
0 0.688282 0.738280 0.020313 0.023437
0 0.717188 0.756251 0.028126 0.037500
0 0.718751 0.689844 0.018749 0.023437
0 0.755469 0.634374 0.023439 0.021874
0 0.687499 0.639843 0.018749 0.023437
0 0.801561 0.553907 0.031249 0.026562
0 0.134375 0.895312 0.040625 0.034376
0 0.185936 0.909375 0.037499 0.040624
0 0.220312 0.841407 0.024999 0.032812
0 0.348436 0.691405 0.037499 0.039063
0 0.494530 0.657032 0.035938 0.035937
0 0.511720 0.601561 0.026562 0.071876
0 0.500780 0.503906 0.023439 0.032812
0 0.285939 0.657032 0.024999 0.026562
0 0.226561 0.544532 0.031249 0.032812
0 0.276562 0.503906 0.018749 0.020313
0 0.282812 0.526562 0.021876 0.018750
0 0.115626 0.461718 0.028126 0.026562
0 0.051562 0.432812 0.031249 0.015626
0 0.010156 0.578124 0.020311 0.021874
0 0.024218 0.706249 0.048437 0.043751
0 0.133595 0.713282 0.039062 0.039063
0 0.453125 0.710937 0.018749 0.018750
0 0.223438 0.622656 0.012500 0.020313
0 0.198439 0.575781 0.024999 0.032812
0 0.167187 0.478126 0.012500 0.015626
0 0.138282 0.525782 0.014063 0.014062
0 0.411720 0.460937 0.017186 0.018750
0 0.385155 0.438281 0.014063 0.014062
0 0.913280 0.860157 0.014063 0.014062
0 0.699218 0.867969 0.014063 0.017187
0 0.913280 0.728905 0.017186 0.017187
0 0.905470 0.698438 0.010936 0.012499
0 0.702345 0.553126 0.014063 0.015626
0 0.686719 0.438281 0.010936 0.010938
0 0.733594 0.424219 0.010936 0.014062
0 0.757033 0.572657 0.010936 0.014062
0 0.928126 0.658593 0.015626 0.014062
0 0.873438 0.585938 0.015626 0.018750
0 0.055468 0.913281 0.017186 0.017187