0 0.683593 0.673437 0.048438 0.046875
0 0.754687 0.688281 0.034375 0.039063
0 0.793751 0.660156 0.024999 0.029688
0 0.876561 0.607812 0.043751 0.059374
0 0.828123 0.575000 0.028126 0.040624
0 0.755470 0.545312 0.029689 0.028125
0 0.683593 0.539845 0.026562 0.023437
0 0.484374 0.946093 0.046875 0.048438
0 0.595313 0.985938 0.046875 0.028125
0 0.520313 0.760157 0.040625 0.039063
0 0.512500 0.787500 0.031249 0.021874
0 0.471095 0.753124 0.023439 0.031249
0 0.443749 0.742968 0.024999 0.035937
0 0.403124 0.818749 0.031249 0.028125
0 0.274220 0.928125 0.026562 0.037500
0 0.919530 0.971094 0.026562 0.029688
0 0.889061 0.896094 0.024999 0.026562
0 0.888281 0.846874 0.032812 0.037500
0 0.931249 0.855470 0.024999 0.029688
0 0.820314 0.768750 0.037499 0.031249
0 0.949219 0.703125 0.029689 0.031249
0 0.457812 0.533594 0.043751 0.039063
0 0.532032 0.437499 0.035938 0.037500
0 0.288282 0.738280 0.020313 0.023437
0 0.317188 0.756251 0.028126 0.037500
0 0.318751 0.689844 0.018749 0.023437
0 0.355469 0.634374 0.023439 0.021874
0 0.287499 0.639843 0.018749 0.023437
0 0.401561 0.553907 0.031249 0.026562
0 0.884374 0.444532 0.034375 0.039063
0 0.825780 0.457031 0.035938 0.026562
0 0.975781 0.496876 0.023439 0.025001
0 0.954688 0.455468 0.018749 0.023437
0 0.917187 0.496094 0.021876 0.020313
0 0.792188 0.958595 0.034375 0.035937
0 0.615625 0.877344 0.028126 0.032812
0 0.094530 0.657032 0.035938 0.035937
0 0.111720 0.601561 0.026562 0.071876
0 0.100780 0.503906 0.023439 0.032812
0 0.053125 0.710937 0.018749 0.018750
0 0.010157 0.460937 0.020313 0.018750
0 0.754687 0.995312 0.012500 0.009376
0 0.763283 0.974218 0.014063 0.017187
0 0.762499 0.869532 0.009376 0.014062
0 0.860155 0.897657 0.014063 0.017187
0 0.513280 0.860157 0.014063 0.014062
0 0.299218 0.867969 0.014063 0.017187
0 0.513280 0.728905 0.017186 0.017187
0 0.505470 0.698438 0.010936 0.012499
0 0.302345 0.553126 0.014063 0.015626
0 0.286719 0.438281 0.010936 0.010938
0 0.333594 0.424219 0.010936 0.014062
0 0.357033 0.572657 0.010936 0.014062
0 0.528126 0.658593 0.015626 0.014062
0 0.473438 0.585938 0.015626 0.018750
0 0.848436 0.785937 0.018749 0.021874
0 0.929686 0.953125 0.028126 0.028125