0 0.265624 0.021875 0.031249 0.043749
0 0.207813 0.152344 0.031249 0.035937
0 0.158594 0.164062 0.023439 0.021874
0 0.194530 0.189063 0.029689 0.021874
0 0.040626 0.382813 0.028126 0.028125
0 0.340624 0.096094 0.031249 0.032812
0 0.354687 0.142969 0.031249 0.029688
0 0.385155 0.217187 0.026562 0.040624
0 0.467968 0.258593 0.039062 0.035937
0 0.596093 0.402344 0.026562 0.029688
0 0.751563 0.350000 0.037499 0.043751
0 0.812501 0.332811 0.034375 0.031249
0 0.906251 0.085938 0.028126 0.034376
0 0.921093 0.035936 0.032812 0.034376
0 0.596876 0.135937 0.034375 0.037500
0 0.903124 0.871093 0.028126 0.029688
0 0.787499 0.670313 0.034375 0.031249
0 0.471875 0.702344 0.037499 0.042187
0 0.403908 0.884374 0.029689 0.034376
0 0.650781 0.853125 0.020313 0.025001
0 0.709375 0.880468 0.040625 0.029688
0 0.638282 0.962500 0.020313 0.021874
0 0.686719 0.673437 0.029689 0.028125
0 0.172657 0.714064 0.048438 0.040624
0 0.206249 0.918750 0.034375 0.034376
0 0.184374 0.980469 0.031249 0.039062