0 0.283593 0.273437 0.048438 0.046875
0 0.354687 0.288281 0.034375 0.039063
0 0.393751 0.260156 0.024999 0.029688
0 0.476562 0.207812 0.043751 0.059374
0 0.428123 0.175000 0.028126 0.040624
0 0.355470 0.145312 0.029689 0.028125
0 0.283593 0.139845 0.026562 0.023437
0 0.784376 0.828124 0.043751 0.046875
0 0.893751 0.729687 0.034375 0.037500
0 0.784376 0.732813 0.031249 0.037500
0 0.832813 0.625780 0.031249 0.039063
0 0.714845 0.672655 0.035938 0.032812
0 0.681250 0.726562 0.031249 0.037500
0 0.084374 0.546093 0.046875 0.048438
0 0.195313 0.596094 0.046875 0.048438
0 0.018751 0.778125 0.037501 0.031249
0 0.120313 0.360157 0.040625 0.039063
0 0.112500 0.387500 0.031249 0.021874
0 0.071095 0.353124 0.023439 0.031249
0 0.043749 0.342968 0.024999 0.035937
0 0.009374 0.418749 0.018749 0.028125
0 0.164061 0.858594 0.028126 0.026562
0 0.268750 0.796093 0.031249 0.026562
0 0.259374 0.745312 0.024999 0.025001
0 0.262500 0.678906 0.024999 0.026562
0 0.231252 0.714063 0.015626 0.018750
0 0.328908 0.722657 0.020313 0.020313
0 0.363283 0.709376 0.020313 0.018750
0 0.417967 0.675782 0.029689 0.032812
0 0.435937 0.738282 0.021876 0.026562
0 0.480468 0.730468 0.023439 0.023437
0 0.528126 0.869532 0.028126 0.032812
0 0.581251 0.871875 0.031249 0.028125
0 0.538282 0.914844 0.026562 0.023437
0 0.485158 0.907814 0.020313 0.018750
0 0.467968 0.890625 0.029689 0.028125
0 0.405468 0.882813 0.029689 0.025001
0 0.684376 0.838281 0.031249 0.032812
0 0.638282 0.803907 0.017186 0.020313
0 0.519530 0.571094 0.026562 0.029688
0 0.622656 0.542187 0.032812 0.034376
0 0.624999 0.570312 0.018749 0.018750
0 0.649218 0.530470 0.023439 0.026562
0 0.489061 0.496094 0.024999 0.026562
0 0.488281 0.446874 0.032812 0.037500
0 0.531249 0.455470 0.024999 0.029688
0 0.420314 0.368750 0.037499 0.031249
0 0.549219 0.303125 0.029689 0.031249
0 0.057812 0.133594 0.043751 0.039063
0 0.132032 0.028125 0.035938 0.056249
0 0.008593 0.153907 0.017185 0.026562
0 0.484374 0.044532 0.034375 0.039063
0 0.425780 0.057031 0.035938 0.026562
0 0.646875 0.149220 0.034375 0.029688
0 0.650781 0.072657 0.029689 0.032812
0 0.575781 0.096876 0.023439 0.025001
0 0.554688 0.055468 0.018749 0.023437
0 0.517186 0.096094 0.021876 0.020313
0 0.392188 0.558595 0.034375 0.035937
0 0.215625 0.477344 0.028126 0.032812
0 0.966405 0.188281 0.029689 0.029688
0 0.889844 0.064843 0.026562 0.029688
0 0.860939 0.058594 0.018749 0.020313
0 0.754687 0.157813 0.040625 0.056250
0 0.740624 0.198437 0.028126 0.021874
0 0.707812 0.239061 0.021876 0.025001
0 0.767186 0.403126 0.028126 0.031249
0 0.923436 0.236719 0.031249 0.035937
0 0.937499 0.316406 0.024999 0.026562
0 0.732811 0.879689 0.028126 0.031249
0 0.961718 0.753124 0.023439 0.028125
0 0.576564 0.641406 0.012500 0.010938
0 0.354687 0.597655 0.012500 0.014062
0 0.363283 0.574218 0.014063 0.017187
0 0.362499 0.469532 0.009376 0.014062
0 0.460155 0.497657 0.014063 0.017187
0 0.113280 0.460157 0.014063 0.014062
0 0.189843 0.885937 0.020313 0.021874
0 0.139062 0.875001 0.015626 0.015626
0 0.135939 0.912501 0.018749 0.018750
0 0.113280 0.328905 0.017186 0.017187
0 0.105470 0.298438 0.010936 0.012499
0 0.128126 0.258593 0.015626 0.014062
0 0.073438 0.185938 0.015626 0.018750
0 0.685936 0.428906 0.015626 0.017187
0 0.448436 0.385937 0.018749 0.021874
0 0.529686 0.553125 0.028126 0.028125
0 0.563281 0.916407 0.029689 0.023437
0 0.246874 0.759375 0.028126 0.025001