0 0.196093 0.008594 0.026562 0.017189
0 0.946876 0.514062 0.024999 0.025001
0 0.936720 0.437499 0.029689 0.028125
0 0.679687 0.295314 0.040625 0.034376
0 0.760937 0.305468 0.024999 0.020313
0 0.726562 0.336719 0.021876 0.023437
0 0.703126 0.422657 0.021876 0.026562
0 0.706249 0.549220 0.031249 0.035937
0 0.683593 0.606251 0.032812 0.043751
0 0.765627 0.721093 0.024999 0.023437
0 0.800782 0.686718 0.026562 0.023437
0 0.855469 0.723438 0.032812 0.018750
0 0.919530 0.778906 0.020313 0.035937
0 0.944532 0.781249 0.020313 0.025001
0 0.495311 0.606251 0.040625 0.037500
0 0.503124 0.471093 0.028126 0.029688
0 0.387499 0.270313 0.034375 0.031249
0 0.071875 0.302344 0.037499 0.042187
0 0.009376 0.484374 0.018752 0.034376
0 0.019532 0.654687 0.039065 0.031249
0 0.250781 0.453125 0.020313 0.025001
0 0.309375 0.480468 0.040625 0.029688
0 0.238282 0.562500 0.020313 0.021874
0 0.339064 0.706249 0.031249 0.031249
0 0.260937 0.737501 0.024999 0.025001
0 0.224999 0.728126 0.021876 0.018750
0 0.178907 0.750782 0.029689 0.026562
0 0.286719 0.273437 0.029689 0.028125