0 0.896093 0.179687 0.039062 0.046875
0 0.676562 0.063281 0.043751 0.035937
0 0.681249 0.153907 0.024999 0.035937
0 0.677342 0.225780 0.029689 0.035937
0 0.190626 0.100781 0.037499 0.039063
0 0.153124 0.121095 0.040625 0.035937
0 0.293752 0.282030 0.043751 0.042187
0 0.239844 0.323438 0.023439 0.037500
0 0.346093 0.314063 0.035938 0.028125
0 0.397657 0.347657 0.039062 0.035937
0 0.504686 0.073438 0.031249 0.034376
0 0.456251 0.039844 0.031249 0.032812
0 0.512499 0.407813 0.028126 0.028125
0 0.065624 0.063281 0.024999 0.032812
0 0.008594 0.054688 0.017188 0.031249
0 0.046095 0.145311 0.032812 0.043751
0 0.052345 0.813282 0.032812 0.039063
0 0.018749 0.901563 0.037499 0.031249
0 0.310158 0.643751 0.023439 0.021874
0 0.297655 0.731250 0.023439 0.031249
0 0.264063 0.734374 0.021876 0.025001
0 0.284375 0.767189 0.031249 0.021874
0 0.223438 0.804689 0.028126 0.025001
0 0.201562 0.846094 0.034375 0.039063
0 0.589843 0.694531 0.042188 0.032812
0 0.499220 0.875780 0.035938 0.017187
0 0.445312 0.829687 0.018749 0.031249
0 0.407030 0.857030 0.020313 0.020313
0 0.407813 0.906250 0.021876 0.018750
0 0.394531 0.945313 0.020313 0.025001
0 0.516406 0.982031 0.026562 0.020313
0 0.690625 0.981251 0.050001 0.037499
0 0.970314 0.644532 0.015626 0.014062
0 0.927342 0.683593 0.026562 0.023437
0 0.987500 0.685938 0.025000 0.037500
0 0.989063 0.727344 0.021875 0.020313
0 0.843749 0.843749 0.034375 0.034376
0 0.942968 0.874219 0.035938 0.029688