0 0.803908 0.084374 0.029689 0.034376
0 0.824220 0.254687 0.029689 0.031249
0 0.978907 0.350782 0.029689 0.026562
0 0.747657 0.200000 0.032812 0.031249
0 0.606249 0.118750 0.034375 0.034376
0 0.584374 0.182032 0.031249 0.042187
0 0.492967 0.344531 0.035938 0.045312
0 0.336720 0.037499 0.032812 0.028125
0 0.096093 0.179687 0.039062 0.046875
0 0.215625 0.331250 0.043751 0.046875
0 0.337500 0.321093 0.031249 0.035937
0 0.395311 0.309376 0.031249 0.034376
0 0.340624 0.408595 0.024999 0.023437
0 0.373439 0.408595 0.028126 0.026562
0 0.572657 0.707812 0.029689 0.028125
0 0.524219 0.731250 0.035938 0.031249
0 0.477344 0.725781 0.023439 0.026562
0 0.170314 0.644532 0.015626 0.014062
0 0.127342 0.683593 0.026562 0.023437
0 0.221875 0.671876 0.021876 0.025001
0 0.191406 0.685938 0.032812 0.037500
0 0.193750 0.727344 0.031249 0.020313
0 0.043749 0.843749 0.034375 0.034376
0 0.142968 0.874219 0.035938 0.029688
0 0.289062 0.912501 0.028126 0.031249
0 0.329687 0.942187 0.018749 0.025001
0 0.386718 0.872656 0.023439 0.029688
0 0.401561 0.836719 0.031249 0.032812
0 0.664843 0.928906 0.026562 0.026562
0 0.832030 0.663282 0.029689 0.023437
0 0.950782 0.710157 0.026562 0.017187
0 0.846876 0.796093 0.028126 0.029688
0 0.817967 0.905468 0.026562 0.039063
0 0.770312 0.916407 0.028126 0.026562
0 0.761719 0.962500 0.023439 0.025001
0 0.351563 0.160155 0.037499 0.023437
0 0.395311 0.107032 0.021876 0.020313
0 0.310155 0.146093 0.023439 0.026562