0 0.065625 0.985156 0.037499 0.029687
0 0.367969 0.963282 0.039062 0.039063
0 0.869532 0.985156 0.035938 0.029687
0 0.784376 0.428124 0.043751 0.046875
0 0.893751 0.329687 0.034375 0.037500
0 0.784376 0.332813 0.031249 0.037500
0 0.832813 0.225780 0.031249 0.039063
0 0.714845 0.272655 0.035938 0.032812
0 0.681250 0.326562 0.031249 0.037500
0 0.084374 0.146093 0.046875 0.048438
0 0.195313 0.196094 0.046875 0.048438
0 0.018751 0.378125 0.037501 0.031249
0 0.009374 0.016406 0.018749 0.032812
0 0.164061 0.458594 0.028126 0.026562
0 0.268750 0.396093 0.031249 0.026562
0 0.259374 0.345312 0.024999 0.025001
0 0.262500 0.278906 0.024999 0.026562
0 0.231252 0.314063 0.015626 0.018750
0 0.328908 0.322657 0.020313 0.020313
0 0.363283 0.309376 0.020313 0.018750
0 0.417967 0.275782 0.029689 0.032812
0 0.435937 0.338282 0.021876 0.026562
0 0.480468 0.330468 0.023439 0.023437
0 0.528126 0.469532 0.028126 0.032812
0 0.581251 0.471875 0.031249 0.028125
0 0.538282 0.514844 0.026562 0.023437
0 0.485158 0.507814 0.020313 0.018750
0 0.467968 0.490625 0.029689 0.028125
0 0.405468 0.482813 0.029689 0.025001
0 0.684376 0.438281 0.031249 0.032812
0 0.638282 0.403907 0.017186 0.020313
0 0.519530 0.171094 0.026562 0.029688
0 0.622656 0.142187 0.032812 0.034376
0 0.624999 0.170312 0.018749 0.018750
0 0.649218 0.130470 0.023439 0.026562
0 0.489061 0.096094 0.024999 0.026562
0 0.488281 0.046874 0.032812 0.037500
0 0.531249 0.055470 0.024999 0.029688
0 0.392188 0.158595 0.034375 0.035937
0 0.215625 0.077344 0.028126 0.032812
0 0.767186 0.009375 0.028126 0.018750
0 0.732811 0.479689 0.028126 0.031249
0 0.961718 0.353124 0.023439 0.028125
0 0.576564 0.241406 0.012500 0.010938
0 0.354687 0.197655 0.012500 0.014062
0 0.363283 0.174218 0.014063 0.017187
0 0.362499 0.069532 0.009376 0.014062
0 0.460155 0.097657 0.014063 0.017187
0 0.113280 0.060157 0.014063 0.014062
0 0.189843 0.485937 0.020313 0.021874
0 0.139062 0.475001 0.015626 0.015626
0 0.135939 0.512501 0.018749 0.018750
0 0.460939 0.989843 0.024999 0.020313
0 0.412501 0.992188 0.018749 0.015624
0 0.235155 0.989062 0.023439 0.021876
0 0.132812 0.985937 0.021876 0.018750
0 0.098437 0.981250 0.015626 0.015626
0 0.732031 0.991406 0.020313 0.014062
0 0.542189 0.957812 0.018749 0.018750
0 0.685936 0.028906 0.015626 0.017187
0 0.529686 0.153125 0.028126 0.028125
0 0.563281 0.516407 0.029689 0.023437
0 0.246874 0.359375 0.028126 0.025001