0 0.469532 0.985156 0.035938 0.029687
0 0.886718 0.860938 0.039062 0.037500
0 0.730468 0.399999 0.045311 0.065625
0 0.782033 0.365626 0.026562 0.031249
0 0.907814 0.457812 0.040625 0.046875
0 0.987500 0.539063 0.025000 0.021874
0 0.984376 0.141405 0.031249 0.045312
0 0.991407 0.305468 0.014063 0.026562
0 0.786719 0.523437 0.029689 0.025001
0 0.807032 0.498439 0.026562 0.025001
0 0.811718 0.333595 0.020313 0.020313
0 0.796875 0.308594 0.018749 0.020313
0 0.791406 0.278906 0.017186 0.014062
0 0.753124 0.250781 0.015626 0.020313
0 0.728905 0.257032 0.014063 0.023437
0 0.746874 0.174218 0.018749 0.023437
0 0.384376 0.428124 0.043751 0.046875
0 0.493751 0.329687 0.034375 0.037500
0 0.384376 0.332813 0.031249 0.037500
0 0.432813 0.225780 0.031249 0.039063
0 0.314845 0.272655 0.035938 0.032812
0 0.281250 0.326562 0.031249 0.037500
0 0.016406 0.275782 0.032812 0.032812
0 0.035937 0.338282 0.021876 0.026562
0 0.080468 0.330468 0.023439 0.023437
0 0.128126 0.469532 0.028126 0.032812
0 0.181251 0.471875 0.031249 0.028125
0 0.138282 0.514844 0.026562 0.023437
0 0.085158 0.507814 0.020313 0.018750
0 0.067968 0.490625 0.029689 0.028125
0 0.010156 0.482813 0.020312 0.025001
0 0.284376 0.438281 0.031249 0.032812
0 0.238282 0.403907 0.017186 0.020313
0 0.119530 0.171094 0.026562 0.029688
0 0.222656 0.142187 0.032812 0.034376
0 0.224999 0.170312 0.018749 0.018750
0 0.249218 0.130470 0.023439 0.026562
0 0.089061 0.096094 0.024999 0.026562
0 0.088281 0.046874 0.032812 0.037500
0 0.131249 0.055470 0.024999 0.029688
0 0.367186 0.009375 0.028126 0.018750
0 0.332811 0.479689 0.028126 0.031249
0 0.561718 0.353124 0.023439 0.028125
0 0.747657 0.146093 0.017186 0.017187
0 0.176564 0.241406 0.012500 0.010938
0 0.060155 0.097657 0.014063 0.017187
0 0.060939 0.989843 0.024999 0.020313
0 0.010938 0.992188 0.021875 0.015624
0 0.332031 0.991406 0.020313 0.014062
0 0.142189 0.957812 0.018749 0.018750
0 0.909374 0.511719 0.018749 0.020313
0 0.903124 0.492969 0.018749 0.020313
0 0.285936 0.028906 0.015626 0.017187
0 0.774999 0.242969 0.015626 0.017187
0 0.743751 0.305468 0.015626 0.017187
0 0.696876 0.582032 0.018749 0.020313
0 0.129686 0.153125 0.028126 0.028125
0 0.163281 0.516407 0.029689 0.023437