0 0.967187 0.153905 0.028126 0.023437
0 0.913282 0.156250 0.026562 0.021874
0 0.504686 0.059374 0.031249 0.015626
0 0.414843 0.092968 0.045311 0.051562
0 0.287501 0.308595 0.031249 0.032812
0 0.135158 0.346874 0.020313 0.031249
0 0.164843 0.363281 0.023439 0.032812
0 0.225001 0.381250 0.031249 0.025001
0 0.520312 0.442969 0.024999 0.014062
0 0.307814 0.490625 0.024999 0.028125
0 0.205468 0.506251 0.020313 0.025001
0 0.226564 0.643749 0.031249 0.031249
0 0.107812 0.731250 0.018749 0.025001
0 0.219531 0.786719 0.026562 0.023437
0 0.182032 0.826564 0.020313 0.025001
0 0.294531 0.800781 0.026562 0.026562
0 0.814843 0.428125 0.029689 0.037500
0 0.986719 0.325000 0.026562 0.037500
0 0.954688 0.362500 0.021876 0.037500
0 0.852345 0.761718 0.035938 0.032812