0 0.050783 0.072657 0.010936 0.010938
0 0.130469 0.092186 0.014063 0.015626
0 0.142189 0.117969 0.015626 0.017187
0 0.122656 0.143749 0.014063 0.015626
0 0.116406 0.171876 0.017186 0.018750
0 0.071875 0.164844 0.015626 0.017187
0 0.232812 0.153905 0.015626 0.014062
0 0.306249 0.205468 0.015626 0.014062
0 0.344530 0.215624 0.017186 0.018750
0 0.420314 0.194532 0.018749 0.017187
0 0.414061 0.144530 0.012500 0.014062
0 0.448436 0.089844 0.018749 0.023437
0 0.509374 0.076563 0.021876 0.018750
0 0.511720 0.092186 0.020313 0.018750
0 0.559375 0.049220 0.018749 0.017187
0 0.610936 0.063282 0.021876 0.023437
0 0.556248 0.131250 0.012500 0.015626
0 0.470312 0.170313 0.015626 0.015626
0 0.488281 0.209376 0.017186 0.018750
0 0.615626 0.189844 0.015626 0.020313
0 0.703906 0.106249 0.026562 0.028125
0 0.727345 0.085938 0.010936 0.015626
0 0.765627 0.028907 0.018749 0.014062
0 0.750780 0.159375 0.017186 0.018750
0 0.760937 0.174219 0.018749 0.020313
0 0.099217 0.878126 0.023439 0.018750
0 0.153905 0.878905 0.023439 0.020313
0 0.154688 0.907812 0.021876 0.021874
0 0.090624 0.953907 0.015626 0.014062
0 0.221092 0.935157 0.023439 0.020313
0 0.243751 0.963282 0.024999 0.023437
0 0.118750 0.754688 0.015626 0.012499
0 0.131249 0.739844 0.018749 0.014062
0 0.139842 0.725000 0.020313 0.018750
0 0.212499 0.751561 0.024999 0.025001
0 0.281250 0.785937 0.021876 0.021874
0 0.368749 0.826564 0.024999 0.025001
0 0.454686 0.809374 0.021876 0.021874
0 0.517970 0.745313 0.023439 0.021874
0 0.703906 0.806250 0.020313 0.025001
0 0.535936 0.838281 0.021876 0.020313
0 0.559375 0.925782 0.024999 0.023437
0 0.403125 0.931249 0.024999 0.031249