0 0.169531 0.982031 0.042188 0.035939
0 0.257031 0.932031 0.048438 0.045312
0 0.099217 0.478126 0.023439 0.018750
0 0.153905 0.478905 0.023439 0.020313
0 0.154688 0.507812 0.021876 0.021874
0 0.090624 0.553907 0.015626 0.014062
0 0.057812 0.632813 0.021876 0.021874
0 0.065625 0.653124 0.012500 0.012499
0 0.221092 0.535157 0.023439 0.020313
0 0.243751 0.563282 0.024999 0.023437
0 0.118750 0.354688 0.015626 0.012499
0 0.131249 0.339844 0.018749 0.014062
0 0.139842 0.325000 0.020313 0.018750
0 0.212499 0.351561 0.024999 0.025001
0 0.281250 0.385937 0.021876 0.021874
0 0.368749 0.426564 0.024999 0.025001
0 0.454686 0.409374 0.021876 0.021874
0 0.517970 0.345313 0.023439 0.021874
0 0.703906 0.406250 0.020313 0.025001
0 0.535936 0.438281 0.021876 0.020313
0 0.559375 0.525782 0.024999 0.023437
0 0.403125 0.531249 0.024999 0.031249
0 0.660158 0.932031 0.026562 0.026562