0 0.142188 0.975781 0.043751 0.045312
0 0.198436 0.522656 0.078123 0.067188
0 0.541405 0.257032 0.060937 0.073436
0 0.352343 0.242970 0.073437 0.073436
0 0.786719 0.164062 0.067187 0.062501
0 0.559375 0.088280 0.037499 0.035937
0 0.364063 0.075000 0.040625 0.037500
0 0.833593 0.057031 0.026562 0.026562
0 0.984374 0.067970 0.031252 0.060937
0 0.785939 0.450780 0.059374 0.057813
0 0.925000 0.543751 0.062501 0.068749
0 0.414064 0.976563 0.084376 0.046875
0 0.321875 0.613281 0.040625 0.035937
0 0.274220 0.639843 0.014063 0.017187
0 0.600000 0.466406 0.021876 0.026562
0 0.713282 0.748437 0.039062 0.046875