0 0.833592 0.183593 0.023439 0.029688
0 0.948438 0.282030 0.034375 0.039063
0 0.989062 0.264062 0.021875 0.025001
0 0.507812 0.218750 0.028126 0.028125
0 0.301561 0.349218 0.028126 0.017187
0 0.145314 0.266407 0.034375 0.032812
0 0.091406 0.240624 0.029689 0.021874
0 0.079687 0.125782 0.024999 0.026562
0 0.245313 0.015625 0.034375 0.031251
0 0.209375 0.045313 0.024999 0.028125
0 0.216408 0.264843 0.020313 0.023437
0 0.194532 0.482813 0.023439 0.021874
0 0.299218 0.484376 0.023439 0.028125
0 0.143751 0.541405 0.021876 0.020313
0 0.173436 0.564843 0.021876 0.017187
0 0.383594 0.514062 0.026562 0.021874
0 0.376561 0.564063 0.021876 0.025001
0 0.525782 0.597655 0.020313 0.020313
0 0.492186 0.605469 0.018749 0.023437
0 0.185939 0.780469 0.021876 0.026562
0 0.492970 0.794532 0.026562 0.026562
0 0.485937 0.878907 0.028126 0.029688
0 0.243750 0.985937 0.021876 0.028125
0 0.014063 0.799219 0.028125 0.023437
0 0.033595 0.837501 0.026562 0.031249
0 0.023437 0.691407 0.046875 0.023437
0 0.871874 0.558594 0.037499 0.042187
0 0.832812 0.698437 0.028126 0.028125
0 0.837499 0.778906 0.024999 0.023437
0 0.808593 0.803907 0.023439 0.029688
0 0.934375 0.947656 0.034375 0.032812