0 0.121875 0.055468 0.034375 0.035937
0 0.257033 0.145312 0.035938 0.046875
0 0.439062 0.150781 0.046875 0.048438
0 0.501563 0.028907 0.037499 0.023437
0 0.953908 0.016406 0.029689 0.032812
0 0.950001 0.116406 0.024999 0.029688
0 0.985157 0.159375 0.029686 0.034376
0 0.951561 0.447656 0.028126 0.026562
0 0.895313 0.487501 0.028126 0.025001
0 0.915626 0.714061 0.031249 0.037500
0 0.403123 0.327345 0.043751 0.039063
0 0.224218 0.385937 0.039062 0.034376
0 0.124218 0.691406 0.020313 0.023437
0 0.151564 0.750782 0.028126 0.035937
0 0.417969 0.814062 0.023439 0.025001
0 0.471094 0.839063 0.020313 0.021874
0 0.476564 0.748437 0.021876 0.015626
0 0.471874 0.715625 0.021876 0.021874
0 0.578906 0.711719 0.023439 0.017187
0 0.556250 0.612500 0.024999 0.025001
0 0.552344 0.538282 0.026562 0.017187
0 0.396094 0.621093 0.020313 0.023437
0 0.356249 0.656251 0.018749 0.015626
0 0.309374 0.650000 0.024999 0.021874