0 0.083594 0.039063 0.023439 0.028125
0 0.885158 0.053907 0.029689 0.032812
0 0.988282 0.057031 0.023436 0.039063
0 0.976564 0.401563 0.037499 0.037500
0 0.801561 0.288282 0.024999 0.035937
0 0.733594 0.309374 0.029689 0.034376
0 0.497657 0.474218 0.032812 0.035937
0 0.482811 0.650782 0.040625 0.042187
0 0.652344 0.818749 0.023439 0.031249
0 0.764063 0.883593 0.028126 0.020313
0 0.701562 0.564843 0.028126 0.029688
0 0.814064 0.883593 0.018749 0.023437
0 0.162501 0.422656 0.028126 0.032812
0 0.122656 0.768750 0.023439 0.025001
0 0.743750 0.990625 0.028126 0.018749
0 0.845313 0.975781 0.031249 0.039063