0 0.953124 0.214845 0.018749 0.017187
0 0.983593 0.367969 0.026562 0.017187
0 0.676562 0.330469 0.021876 0.023437
0 0.760939 0.251563 0.028126 0.021874
0 0.021876 0.319531 0.021876 0.023437
0 0.385157 0.192187 0.014063 0.021874
0 0.210155 0.355470 0.026562 0.014062
0 0.212501 0.303126 0.012500 0.015626
0 0.106249 0.614845 0.024999 0.020313
0 0.090626 0.678906 0.018749 0.020313
0 0.236720 0.619532 0.020313 0.017187
0 0.799217 0.588281 0.032812 0.020313
0 0.787501 0.695314 0.024999 0.015626
0 0.667969 0.992968 0.020313 0.014062
0 0.448438 0.979687 0.021876 0.015626
0 0.017969 0.966406 0.035938 0.023437
0 0.396094 0.010156 0.017186 0.020313
0 0.608595 0.946875 0.017186 0.015626