0 0.163280 0.070312 0.064064 0.059374
0 0.129688 0.906250 0.065624 0.062501
0 0.627344 0.767187 0.032812 0.034376
0 0.598439 0.747657 0.024999 0.026562
0 0.642187 0.860157 0.021876 0.023437
0 0.978125 0.455470 0.043751 0.051562
0 0.696095 0.239061 0.054688 0.049999
0 0.674219 0.344531 0.054688 0.070312
0 0.732030 0.128125 0.023439 0.021874
0 0.717187 0.688281 0.018749 0.020313
0 0.706251 0.553907 0.012500 0.010938
0 0.617188 0.180469 0.018749 0.014062
0 0.805470 0.175781 0.014063 0.014062
0 0.767188 0.292969 0.018749 0.014062