0 0.399217 0.188281 0.032812 0.020313
0 0.387501 0.295314 0.024999 0.015626
0 0.992188 0.582032 0.015624 0.029688
0 0.959374 0.520313 0.015626 0.018750
0 0.945311 0.614063 0.018749 0.025001
0 0.952344 0.657813 0.017186 0.015626
0 0.708595 0.563282 0.020313 0.020313
0 0.663280 0.615626 0.017186 0.015626
0 0.566407 0.642969 0.017186 0.023437
0 0.631251 0.664843 0.015626 0.014062
0 0.267969 0.592968 0.020313 0.014062
0 0.048438 0.579687 0.021876 0.015626
0 0.363282 0.893751 0.017186 0.018750
0 0.603125 0.992969 0.018749 0.014062
0 0.208595 0.546875 0.017186 0.015626