0 0.259374 0.230468 0.028126 0.017187
0 0.229688 0.323439 0.021876 0.021874
0 0.857032 0.683593 0.023439 0.020313
0 0.890624 0.514844 0.018749 0.023437
0 0.242188 0.710937 0.018749 0.021874
0 0.196876 0.582032 0.024999 0.029688
0 0.159374 0.520313 0.015626 0.018750
0 0.145311 0.614063 0.018749 0.025001
0 0.152344 0.657813 0.017186 0.015626
0 0.285156 0.990625 0.020313 0.018750
0 0.842186 0.879689 0.015626 0.015626
0 0.939842 0.629689 0.014063 0.018750
0 0.796095 0.552344 0.014063 0.014062
0 0.848436 0.532812 0.012500 0.015626