0 0.757813 0.067969 0.031249 0.026562
0 0.011719 0.083593 0.023439 0.023437
0 0.011718 0.714845 0.023437 0.026562
0 0.045313 0.175781 0.031249 0.039063
0 0.037500 0.266407 0.028126 0.029688
0 0.171874 0.407032 0.018749 0.026562
0 0.177344 0.586719 0.026562 0.023437
0 0.623439 0.203906 0.050001 0.035937
0 0.863283 0.203906 0.039062 0.026562
0 0.949219 0.300001 0.039062 0.028125
0 0.491408 0.529688 0.026562 0.028125
0 0.450000 0.549220 0.031249 0.032812
0 0.721095 0.469532 0.026562 0.020313
0 0.523437 0.604688 0.028126 0.021874
0 0.578124 0.692968 0.034375 0.042187
0 0.729688 0.688281 0.028126 0.023437
0 0.843750 0.703125 0.034375 0.015626
0 0.854686 0.734374 0.021876 0.021874
0 0.955469 0.652344 0.020313 0.023437
0 0.661717 0.870314 0.026562 0.021874
0 0.570311 0.917968 0.034375 0.023437