0 0.642188 0.310937 0.018749 0.021874
0 0.596876 0.182032 0.024999 0.029688
0 0.559374 0.120313 0.015626 0.018750
0 0.545311 0.214063 0.018749 0.025001
0 0.552344 0.257813 0.017186 0.015626
0 0.308595 0.163282 0.020313 0.020313
0 0.263280 0.215626 0.017186 0.015626
0 0.166407 0.242969 0.017186 0.023437
0 0.231251 0.264843 0.015626 0.014062
0 0.203125 0.595313 0.018749 0.018750
0 0.685156 0.590625 0.020313 0.018750
0 0.809374 0.914062 0.021876 0.015626
0 0.678126 0.958594 0.015626 0.017187
0 0.662500 0.996093 0.018749 0.007813