0 0.857032 0.283593 0.023439 0.020313
0 0.890624 0.114844 0.018749 0.023437
0 0.242188 0.310937 0.018749 0.021874
0 0.196876 0.182032 0.024999 0.029688
0 0.159374 0.120313 0.015626 0.018750
0 0.145311 0.214063 0.018749 0.025001
0 0.152344 0.257813 0.017186 0.015626
0 0.285156 0.590625 0.020313 0.018750
0 0.409374 0.914062 0.021876 0.015626
0 0.278126 0.958594 0.015626 0.017187
0 0.262500 0.996093 0.018749 0.007813
0 0.939842 0.684375 0.014063 0.015626
0 0.950782 0.892188 0.017186 0.018750
0 0.842186 0.479689 0.015626 0.015626
0 0.939842 0.229689 0.014063 0.018750
0 0.796095 0.152344 0.014063 0.014062
0 0.848436 0.132812 0.012500 0.015626