0 0.970311 0.262501 0.012500 0.018750
0 0.650781 0.253905 0.014063 0.017187
0 0.796095 0.288281 0.017186 0.017187
0 0.614062 0.167970 0.015626 0.017187
0 0.611719 0.219532 0.014063 0.014062
0 0.457032 0.283593 0.023439 0.020313
0 0.490624 0.114844 0.018749 0.023437
0 0.010156 0.914062 0.020312 0.015626
0 0.539842 0.684375 0.014063 0.015626
0 0.550782 0.892188 0.017186 0.018750
0 0.442186 0.479689 0.015626 0.015626
0 0.539842 0.229689 0.014063 0.018750
0 0.396095 0.152344 0.014063 0.014062
0 0.448436 0.132812 0.012500 0.015626
0 0.678126 0.217187 0.012500 0.015626
0 0.721095 0.110156 0.017186 0.020313