0 0.887501 0.208594 0.018749 0.014062
0 0.970311 0.259374 0.015626 0.018750
0 0.896094 0.249218 0.017186 0.017187
0 0.777343 0.144532 0.014063 0.014062
0 0.643752 0.121095 0.015626 0.017187
0 0.570311 0.262501 0.012500 0.018750
0 0.250781 0.253905 0.014063 0.017187
0 0.396095 0.288281 0.017186 0.017187
0 0.214062 0.167970 0.015626 0.017187
0 0.211719 0.219532 0.014063 0.014062
0 0.057032 0.283593 0.023439 0.020313
0 0.090624 0.114844 0.018749 0.023437
0 0.139842 0.684375 0.014063 0.015626
0 0.150782 0.892188 0.017186 0.018750
0 0.783592 0.938281 0.010936 0.017187
0 0.852343 0.535157 0.017186 0.014062
0 0.042186 0.479689 0.015626 0.015626
0 0.139842 0.229689 0.014063 0.018750
0 0.048436 0.132812 0.012500 0.015626
0 0.278126 0.217187 0.012500 0.015626
0 0.321095 0.110156 0.017186 0.020313