0 0.234374 0.785936 0.084376 0.096874
0 0.500780 0.710157 0.076563 0.082811
0 0.271876 0.535936 0.053124 0.059374
0 0.179687 0.455470 0.046875 0.051562
0 0.598436 0.636719 0.056251 0.060937
0 0.728124 0.705468 0.046875 0.048438
0 0.646874 0.675000 0.028126 0.031249
0 0.942188 0.575781 0.043751 0.045312
0 0.714061 0.271876 0.071874 0.078124
0 0.727344 0.170312 0.064064 0.062501
0 0.979687 0.122656 0.040625 0.067188
0 0.366405 0.096876 0.073437 0.078124
0 0.329687 0.060937 0.056251 0.059374
0 0.742187 0.896875 0.075000 0.084375
0 0.221875 0.909374 0.050001 0.040624
0 0.206249 0.248436 0.034375 0.034376
0 0.307811 0.152344 0.018749 0.020313
0 0.513283 0.296093 0.020313 0.020313
0 0.442189 0.453125 0.024999 0.028125
0 0.393751 0.508593 0.012500 0.014062
0 0.303125 0.717187 0.012500 0.012499
0 0.006251 0.175781 0.012502 0.014062