0 0.357032 0.014844 0.048438 0.029688
0 0.378908 0.094531 0.042188 0.035937
0 0.600782 0.362499 0.039062 0.034376
0 0.773438 0.528906 0.031249 0.026562
0 0.946094 0.015624 0.023439 0.031249
0 0.913282 0.080468 0.020313 0.023437
0 0.885937 0.239843 0.034375 0.029688
0 0.749219 0.128125 0.023439 0.021874
0 0.703125 0.148438 0.028126 0.021874
0 0.642970 0.128125 0.048438 0.043751
0 0.592969 0.088280 0.029689 0.023437
0 0.501563 0.124219 0.037499 0.020313
0 0.382811 0.314064 0.034375 0.025001
0 0.214061 0.326563 0.031249 0.028125
0 0.844532 0.478126 0.026562 0.034376
0 0.755469 0.293750 0.032812 0.021874
0 0.739843 0.217969 0.032812 0.039063
0 0.743750 0.174218 0.024999 0.029688
0 0.989063 0.137500 0.021873 0.028125
0 0.575780 0.506251 0.042188 0.031249
0 0.958594 0.668749 0.026562 0.034376
0 0.928125 0.759375 0.024999 0.028125
0 0.783594 0.800781 0.032812 0.026562
0 0.531251 0.825781 0.031249 0.023437
0 0.277345 0.820312 0.039062 0.034376
0 0.210938 0.767187 0.024999 0.040624
0 0.639064 0.613281 0.028126 0.035937
0 0.500000 0.632031 0.050001 0.039063
0 0.390624 0.606251 0.043751 0.034376
0 0.530468 0.703907 0.029689 0.026562
0 0.765625 0.695313 0.046875 0.028125
0 0.923439 0.516407 0.021876 0.029688
0 0.914843 0.372656 0.039062 0.026562
0 0.814063 0.294532 0.040625 0.032812
0 0.721874 0.418749 0.031249 0.021874
0 0.594532 0.587501 0.029689 0.028125
0 0.665626 0.681251 0.040625 0.028125
0 0.433592 0.328905 0.026562 0.032812
0 0.896093 0.491406 0.020313 0.023437
0 0.860155 0.609375 0.017186 0.018750
0 0.542188 0.162501 0.015626 0.015626
0 0.601562 0.155468 0.021876 0.017187
0 0.457031 0.232813 0.014063 0.015626
0 0.938282 0.821094 0.023439 0.023437
0 0.946094 0.787500 0.020313 0.021874