0 0.988281 0.237500 0.023439 0.021874
0 0.246874 0.350782 0.037499 0.029688
0 0.394532 0.271876 0.017186 0.018750
0 0.630468 0.239843 0.020313 0.020313
0 0.632812 0.680469 0.037499 0.029688
0 0.916407 0.414843 0.026562 0.020313
0 0.463282 0.566406 0.029689 0.039063
0 0.444533 0.650781 0.045311 0.029688
0 0.433593 0.750782 0.029689 0.035937
0 0.500001 0.814061 0.021876 0.025001
0 0.645311 0.771095 0.021876 0.023437
0 0.719531 0.778125 0.020313 0.015626
0 0.756250 0.798438 0.018749 0.015626
0 0.596876 0.956249 0.028126 0.031249
0 0.347657 0.917968 0.029689 0.026562
0 0.761720 0.919531 0.026562 0.026562
0 0.630468 0.849219 0.014063 0.014062