0 0.070314 0.731250 0.028126 0.034376
0 0.168750 0.701562 0.031249 0.021874
0 0.017969 0.796875 0.035939 0.028125
0 0.020313 0.860155 0.040625 0.032812
0 0.157814 0.800781 0.037499 0.023437
0 0.136718 0.824219 0.023439 0.023437
0 0.345313 0.901563 0.053124 0.037500
0 0.014844 0.931249 0.029689 0.021874
0 0.155467 0.966406 0.017186 0.026562
0 0.186719 0.982812 0.023439 0.034375
0 0.711718 0.702344 0.032812 0.023437
0 0.547658 0.733593 0.035938 0.029688
0 0.700782 0.810156 0.026562 0.029688
0 0.634374 0.549999 0.034375 0.025001
0 0.791408 0.134374 0.035938 0.025001
0 0.272656 0.139061 0.023439 0.021874
0 0.975780 0.631250 0.032812 0.037500