0 0.528126 0.888280 0.059374 0.064062
0 0.956252 0.767969 0.053124 0.051562
0 0.732814 0.727345 0.031249 0.029688
0 0.725781 0.692969 0.054688 0.045312
0 0.776562 0.725781 0.043751 0.039063
0 0.776562 0.764845 0.018749 0.020313
0 0.778126 0.610937 0.015626 0.018750
0 0.756250 0.663281 0.018749 0.020313
0 0.652344 0.642970 0.017186 0.020313
0 0.817187 0.546875 0.037499 0.025001
0 0.372655 0.635156 0.064064 0.054687
0 0.610156 0.764845 0.048438 0.039063
0 0.441406 0.930470 0.023439 0.026562
0 0.547655 0.937500 0.020313 0.021874
0 0.582813 0.948438 0.018749 0.025001
0 0.258593 0.932031 0.023439 0.029688
0 0.698439 0.150781 0.028126 0.029688
0 0.382032 0.141406 0.029689 0.026562
0 0.183593 0.193750 0.042188 0.031249
0 0.078124 0.344532 0.021876 0.039063
0 0.043749 0.181251 0.024999 0.025001