0 0.096874 0.802344 0.046875 0.029688
0 0.015625 0.803126 0.031250 0.040624
0 0.534376 0.634374 0.043751 0.028125
0 0.764843 0.535937 0.035938 0.037500
0 0.007813 0.930470 0.015625 0.023437
0 0.059375 0.949220 0.028126 0.023437
0 0.117186 0.910157 0.021876 0.032812
0 0.146875 0.870312 0.024999 0.018750
0 0.210156 0.840626 0.026562 0.028125
0 0.207033 0.792188 0.026562 0.028125
0 0.243751 0.760157 0.028126 0.023437
0 0.322658 0.833594 0.035938 0.042187
0 0.329688 0.911720 0.024999 0.029688
0 0.358593 0.983593 0.020313 0.023437
0 0.521093 0.878905 0.023439 0.026562
0 0.702342 0.704686 0.029689 0.025001
0 0.792188 0.798439 0.021876 0.025001
0 0.680470 0.821094 0.042188 0.026562
0 0.760157 0.689845 0.020313 0.017187
0 0.796095 0.726563 0.020313 0.021874
0 0.847656 0.689063 0.017186 0.021874
0 0.582814 0.697656 0.037499 0.023437