0 0.134376 0.634374 0.043751 0.028125
0 0.364843 0.535937 0.035938 0.037500
0 0.121093 0.878905 0.023439 0.026562
0 0.302342 0.704686 0.029689 0.025001
0 0.392188 0.798439 0.021876 0.025001
0 0.280470 0.821094 0.042188 0.026562
0 0.360157 0.689845 0.020313 0.017187
0 0.396095 0.726563 0.020313 0.021874
0 0.447656 0.689063 0.017186 0.021874
0 0.182814 0.697656 0.037499 0.023437
0 0.639845 0.602343 0.032812 0.029688
0 0.742188 0.610157 0.028126 0.035937
0 0.858593 0.767187 0.017186 0.028125
0 0.989063 0.856249 0.021874 0.040624
0 0.920314 0.877344 0.037499 0.045312