0 0.134376 0.234374 0.043751 0.028125
0 0.364843 0.135937 0.035938 0.037500
0 0.121093 0.478905 0.023439 0.026562
0 0.025780 0.656250 0.023439 0.021874
0 0.011719 0.692187 0.023439 0.021874
0 0.061719 0.703125 0.014063 0.015626
0 0.065625 0.950780 0.018749 0.026562
0 0.302342 0.304686 0.029689 0.025001
0 0.392188 0.398439 0.021876 0.025001
0 0.040626 0.989844 0.021876 0.020312
0 0.232032 0.931249 0.029689 0.021874
0 0.377342 0.726563 0.029689 0.028125
0 0.280470 0.421094 0.042188 0.026562
0 0.360157 0.289845 0.020313 0.017187
0 0.396095 0.326563 0.020313 0.021874
0 0.447656 0.289063 0.017186 0.021874
0 0.182814 0.297656 0.037499 0.023437
0 0.407811 0.889061 0.021876 0.028125
0 0.176564 0.992968 0.028126 0.014063
0 0.446876 0.941405 0.018749 0.026562
0 0.435937 0.880468 0.018749 0.029688
0 0.684376 0.841407 0.031249 0.042187
0 0.757813 0.983594 0.043751 0.032812
0 0.639845 0.202343 0.032812 0.029688
0 0.742188 0.210157 0.028126 0.035937
0 0.858593 0.367187 0.017186 0.028125
0 0.989063 0.456249 0.021874 0.040624
0 0.920314 0.477344 0.037499 0.045312
0 0.857813 0.758593 0.031249 0.029688
0 0.954689 0.760157 0.028126 0.026562