0 0.496874 0.008594 0.046875 0.017189
0 0.418750 0.011719 0.024999 0.023438
0 0.400001 0.130470 0.031249 0.023437
0 0.285939 0.167188 0.018749 0.015626
0 0.459375 0.149220 0.028126 0.023437
0 0.517186 0.110157 0.021876 0.032812
0 0.546875 0.070312 0.024999 0.018750
0 0.610156 0.040626 0.026562 0.028125
0 0.722658 0.027344 0.035938 0.054687
0 0.549218 0.224220 0.026562 0.026562
0 0.631252 0.307031 0.034375 0.023437
0 0.607812 0.365626 0.037499 0.031249
0 0.729688 0.111720 0.024999 0.029688
0 0.758593 0.183593 0.020313 0.023437
0 0.921093 0.078905 0.023439 0.026562
0 0.825780 0.256250 0.023439 0.021874
0 0.814064 0.292187 0.018749 0.021874
0 0.861719 0.303125 0.014063 0.015626
0 0.865625 0.550780 0.018749 0.026562
0 0.179687 0.540624 0.028126 0.049999
0 0.253907 0.597655 0.048438 0.042187
0 0.507813 0.357030 0.021876 0.023437
0 0.510937 0.280469 0.024999 0.017187
0 0.324218 0.230468 0.023439 0.017187
0 0.250000 0.430469 0.021876 0.023437
0 0.258593 0.477344 0.017186 0.017187
0 0.264843 0.527343 0.029689 0.026562
0 0.330467 0.497657 0.026562 0.023437
0 0.749220 0.585156 0.026562 0.014062
0 0.804688 0.610157 0.021876 0.017187
0 0.840626 0.590625 0.021876 0.021874
0 0.976564 0.593750 0.028126 0.015626