0 0.096874 0.008594 0.046875 0.017189
0 0.015625 0.011719 0.031250 0.023438
0 0.007813 0.130470 0.015625 0.023437
0 0.059375 0.149220 0.028126 0.023437
0 0.117186 0.110157 0.021876 0.032812
0 0.146875 0.070312 0.024999 0.018750
0 0.210156 0.040626 0.026562 0.028125
0 0.322658 0.027344 0.035938 0.054687
0 0.149218 0.224220 0.026562 0.026562
0 0.231252 0.307031 0.034375 0.023437
0 0.207813 0.365626 0.037499 0.031249
0 0.329688 0.111720 0.024999 0.029688
0 0.358593 0.183593 0.020313 0.023437
0 0.521093 0.078905 0.023439 0.026562
0 0.425780 0.256250 0.023439 0.021874
0 0.414064 0.292187 0.018749 0.021874
0 0.461719 0.303125 0.014063 0.015626
0 0.465625 0.550780 0.018749 0.026562
0 0.107813 0.357030 0.021876 0.023437
0 0.110937 0.280469 0.024999 0.017187
0 0.349220 0.585156 0.026562 0.014062
0 0.404688 0.610157 0.021876 0.017187
0 0.440626 0.590625 0.021876 0.021874
0 0.632032 0.531249 0.029689 0.021874
0 0.777342 0.326563 0.029689 0.028125
0 0.680470 0.017188 0.042188 0.034375
0 0.807811 0.489061 0.021876 0.028125
0 0.576564 0.593750 0.028126 0.015626
0 0.752344 0.616405 0.026562 0.017187
0 0.846876 0.541405 0.018749 0.026562
0 0.835937 0.480468 0.018749 0.029688