0 0.121093 0.078905 0.023439 0.026562
0 0.025780 0.256250 0.023439 0.021874
0 0.011719 0.292187 0.023439 0.021874
0 0.061719 0.303125 0.014063 0.015626
0 0.065625 0.550780 0.018749 0.026562
0 0.007813 0.610157 0.015626 0.017187
0 0.040626 0.590625 0.021876 0.021874
0 0.232032 0.531249 0.029689 0.021874
0 0.377342 0.326563 0.029689 0.028125
0 0.280470 0.017188 0.042188 0.034375
0 0.407811 0.489061 0.021876 0.028125
0 0.176564 0.593750 0.028126 0.015626
0 0.352344 0.616405 0.026562 0.017187
0 0.446876 0.541405 0.018749 0.026562
0 0.435937 0.480468 0.018749 0.029688
0 0.684376 0.441407 0.031249 0.042187
0 0.757813 0.589844 0.043751 0.045312
0 0.624999 0.608594 0.024999 0.026562
0 0.989063 0.056249 0.021874 0.040624
0 0.920314 0.077344 0.037499 0.045312
0 0.857813 0.358593 0.031249 0.029688
0 0.954689 0.360157 0.028126 0.026562
0 0.910937 0.623438 0.028126 0.028125