0 0.254687 0.736719 0.050001 0.051562
0 0.350782 0.634376 0.051561 0.053126
0 0.227344 0.367187 0.032812 0.034376
0 0.198439 0.347657 0.024999 0.026562
0 0.242187 0.460157 0.021876 0.023437
0 0.634374 0.385936 0.084376 0.096874
0 0.900780 0.310157 0.076563 0.082811
0 0.671876 0.135936 0.053124 0.059374
0 0.579686 0.055470 0.046875 0.051562
0 0.985155 0.236719 0.029689 0.060937
0 0.277342 0.931251 0.045311 0.046875
0 0.483594 0.943750 0.064064 0.056250
0 0.580470 0.877343 0.057811 0.060937
0 0.621875 0.509374 0.050001 0.040624
0 0.978124 0.846094 0.015626 0.017187
0 0.842189 0.053125 0.024999 0.028125
0 0.793751 0.108593 0.012500 0.014062
0 0.317187 0.288281 0.018749 0.020313
0 0.306251 0.153907 0.012500 0.010938
0 0.703125 0.317187 0.012500 0.012499