0 0.028126 0.196094 0.056252 0.085938
0 0.034375 0.358593 0.068750 0.064062
0 0.328908 0.321093 0.026562 0.026562
0 0.312498 0.278124 0.024999 0.025001
0 0.407811 0.528906 0.024999 0.026562
0 0.451563 0.590625 0.037499 0.034376
0 0.328125 0.646875 0.034375 0.037500
0 0.221092 0.600000 0.057811 0.062501
0 0.029688 0.925782 0.059376 0.060937
0 0.771876 0.556249 0.050001 0.049999
0 0.739844 0.705470 0.067187 0.067188
0 0.539062 0.881249 0.043751 0.040624
0 0.543749 0.955470 0.065624 0.048438
0 0.671094 0.942968 0.064064 0.067188
0 0.461719 0.910156 0.029689 0.026562
0 0.621092 0.844531 0.023439 0.017187
0 0.652344 0.694531 0.017186 0.017187
0 0.091408 0.638282 0.023439 0.020313
0 0.735158 0.903905 0.020313 0.020313