0 0.064844 0.011719 0.020313 0.023438
0 0.075000 0.121095 0.015626 0.017187
0 0.114062 0.144532 0.018749 0.017187
0 0.096876 0.162501 0.015626 0.018750
0 0.072657 0.170312 0.020313 0.018750
0 0.218751 0.186720 0.018749 0.014062
0 0.217968 0.217187 0.017186 0.018750
0 0.221874 0.270313 0.028126 0.025001
0 0.264063 0.232031 0.021876 0.023437
0 0.291405 0.213281 0.020313 0.020313
0 0.346876 0.208594 0.031249 0.029688
0 0.153124 0.313282 0.018749 0.014062
0 0.040625 0.387500 0.012500 0.012499
0 0.027342 0.479687 0.014063 0.015626
0 0.163280 0.417188 0.017186 0.018750
0 0.309374 0.347655 0.018749 0.020313
0 0.408593 0.313282 0.020313 0.023437
0 0.256250 0.428124 0.015626 0.012499
0 0.184376 0.479687 0.018749 0.018750
0 0.221094 0.479687 0.020313 0.025001
0 0.230467 0.537500 0.029689 0.034376
0 0.057811 0.580469 0.021876 0.017187
0 0.106249 0.571875 0.018749 0.021874
0 0.032032 0.659374 0.026562 0.031249
0 0.072657 0.658593 0.020313 0.020313
0 0.164063 0.759375 0.024999 0.021874
0 0.244530 0.744531 0.026562 0.026562
0 0.459375 0.800781 0.018749 0.029688
0 0.309374 0.597655 0.015626 0.014062
0 0.349219 0.546093 0.017186 0.017187
0 0.387501 0.537500 0.021876 0.021874
0 0.333593 0.458594 0.023439 0.023437
0 0.455468 0.413282 0.023439 0.020313
0 0.459375 0.389063 0.021876 0.021874
0 0.421093 0.343749 0.017186 0.018750
0 0.555468 0.377343 0.029689 0.032812
0 0.539845 0.355469 0.023439 0.023437
0 0.587500 0.322657 0.021876 0.020313
0 0.493750 0.451562 0.018749 0.018750
0 0.510156 0.476562 0.010936 0.012499
0 0.500000 0.498436 0.024999 0.021874
0 0.453905 0.507811 0.023439 0.021874
0 0.549218 0.489843 0.020313 0.020313
0 0.391408 0.615626 0.023439 0.021874
0 0.543751 0.588280 0.024999 0.026562
0 0.549218 0.604688 0.017186 0.015626
0 0.510156 0.696093 0.020313 0.020313
0 0.539061 0.685938 0.018749 0.018750
0 0.697655 0.522656 0.032812 0.026562
0 0.695312 0.539845 0.021876 0.020313
0 0.678906 0.639063 0.020313 0.021874
0 0.726564 0.742188 0.018749 0.018750
0 0.735937 0.665625 0.015626 0.018750
0 0.707031 0.617969 0.014063 0.014062
0 0.473438 0.171876 0.012500 0.012499
0 0.550781 0.181251 0.020313 0.018750
0 0.540625 0.049219 0.021876 0.020313
0 0.634374 0.162501 0.018749 0.018750
0 0.679689 0.172657 0.018749 0.017187
0 0.694532 0.133594 0.020313 0.020313
0 0.623438 0.259375 0.024999 0.031249
0 0.672656 0.306249 0.020313 0.018750
0 0.689062 0.296874 0.021876 0.018750
0 0.846876 0.115626 0.018749 0.021874
0 0.824220 0.189844 0.023439 0.020313
0 0.917186 0.087501 0.024999 0.025001
0 0.953908 0.005469 0.014063 0.010939
0 0.975000 0.025000 0.021876 0.021874
0 0.991406 0.015625 0.017188 0.031250
0 0.993751 0.089843 0.012499 0.020313
0 0.863281 0.235156 0.017186 0.020313
0 0.880467 0.460937 0.017186 0.015626
0 0.875781 0.506251 0.014063 0.012499
0 0.776562 0.388282 0.015626 0.017187
0 0.977344 0.565625 0.017186 0.018750
0 0.995312 0.575000 0.009375 0.018750
0 0.857812 0.664843 0.018749 0.017187
0 0.798438 0.661719 0.028126 0.020313
0 0.781251 0.691405 0.018749 0.020313
0 0.785155 0.732813 0.023439 0.018750
0 0.847656 0.759375 0.029689 0.037500
0 0.846876 0.791406 0.012500 0.010938
0 0.928125 0.803907 0.018749 0.014062
0 0.892187 0.671876 0.009376 0.009375
0 0.907813 0.776562 0.012500 0.012499