0 0.027342 0.079687 0.014063 0.015626
0 0.163280 0.013282 0.017186 0.026563
0 0.256250 0.028124 0.015626 0.012499
0 0.184376 0.079687 0.018749 0.018750
0 0.221094 0.079687 0.020313 0.025001
0 0.230467 0.137500 0.029689 0.034376
0 0.057811 0.180469 0.021876 0.017187
0 0.106249 0.171875 0.018749 0.021874
0 0.032032 0.259374 0.026562 0.031249
0 0.072657 0.258593 0.020313 0.020313
0 0.164063 0.359375 0.024999 0.021874
0 0.244530 0.344531 0.026562 0.026562
0 0.459375 0.400781 0.018749 0.029688
0 0.309374 0.197655 0.015626 0.014062
0 0.349219 0.146093 0.017186 0.017187
0 0.387501 0.137500 0.021876 0.021874
0 0.333593 0.058594 0.023439 0.023437
0 0.455468 0.011720 0.023439 0.023439
0 0.493750 0.051562 0.018749 0.018750
0 0.510156 0.076562 0.010936 0.012499
0 0.500000 0.098436 0.024999 0.021874
0 0.453905 0.107811 0.023439 0.021874
0 0.549218 0.089843 0.020313 0.020313
0 0.391408 0.215626 0.023439 0.021874
0 0.543751 0.188280 0.024999 0.026562
0 0.549218 0.204688 0.017186 0.015626
0 0.510156 0.296093 0.020313 0.020313
0 0.539061 0.285938 0.018749 0.018750
0 0.697655 0.122656 0.032812 0.026562
0 0.695312 0.139845 0.021876 0.020313
0 0.678906 0.239063 0.020313 0.021874
0 0.726564 0.342188 0.018749 0.018750
0 0.735937 0.265625 0.015626 0.018750
0 0.707031 0.217969 0.014063 0.014062
0 0.880467 0.060937 0.017186 0.015626
0 0.875781 0.106251 0.014063 0.012499
0 0.977344 0.165625 0.017186 0.018750
0 0.995312 0.175000 0.009375 0.018750
0 0.857812 0.264843 0.018749 0.017187
0 0.798438 0.261719 0.028126 0.020313
0 0.781251 0.291405 0.018749 0.020313
0 0.785155 0.332813 0.023439 0.018750
0 0.847656 0.359375 0.029689 0.037500
0 0.846876 0.391406 0.012500 0.010938
0 0.928125 0.403907 0.018749 0.014062
0 0.892187 0.271876 0.009376 0.009375
0 0.907813 0.376562 0.012500 0.012499
0 0.383594 0.983595 0.023439 0.023437
0 0.508593 0.894530 0.029689 0.029688
0 0.554688 0.846876 0.018749 0.021874
0 0.637501 0.908593 0.024999 0.032812
0 0.678126 0.928124 0.034375 0.034376
0 0.579686 0.960157 0.018749 0.020313
0 0.438282 0.948437 0.007813 0.009375
0 0.364845 0.845313 0.017186 0.012499
0 0.185936 0.882031 0.015626 0.020313
0 0.028126 0.992188 0.012500 0.012499
0 0.164063 0.632031 0.015626 0.020313
0 0.180469 0.644532 0.010936 0.014062