0 0.741407 0.192968 0.020313 0.023437
0 0.801562 0.246094 0.024999 0.032812
0 0.890625 0.610157 0.024999 0.026562
0 0.969532 0.660156 0.020313 0.023437
0 0.901561 0.653126 0.028126 0.025001
0 0.778126 0.544532 0.028126 0.020313
0 0.645312 0.525000 0.037499 0.021874
0 0.575001 0.662501 0.021876 0.018750
0 0.251561 0.658593 0.024999 0.026562
0 0.396095 0.688281 0.026562 0.032812
0 0.216406 0.572657 0.017186 0.020313
0 0.213283 0.625001 0.017186 0.028125
0 0.062499 0.685938 0.034375 0.025001
0 0.090624 0.521095 0.031249 0.023437
0 0.855469 0.935157 0.017186 0.020313
0 0.039063 0.881250 0.021876 0.012499