0 0.890625 0.210157 0.024999 0.026562
0 0.969532 0.260156 0.020313 0.023437
0 0.901561 0.253126 0.028126 0.025001
0 0.778126 0.144532 0.028126 0.020313
0 0.645312 0.125000 0.037499 0.021874
0 0.575001 0.262501 0.021876 0.018750
0 0.251561 0.258593 0.024999 0.026562
0 0.396095 0.288281 0.026562 0.032812
0 0.216406 0.172657 0.017186 0.020313
0 0.213283 0.225001 0.017186 0.028125
0 0.062499 0.285938 0.034375 0.025001
0 0.090624 0.121095 0.031249 0.023437
0 0.142189 0.681251 0.018749 0.021874
0 0.149998 0.895312 0.012500 0.034376
0 0.790626 0.939844 0.024999 0.014062
0 0.855469 0.535157 0.017186 0.020313
0 0.039063 0.481250 0.021876 0.012499