0 0.013281 0.326563 0.026562 0.028125
0 0.179687 0.078906 0.024999 0.023437
0 0.528906 0.111718 0.032812 0.014062
0 0.225782 0.135937 0.020313 0.018750
0 0.860936 0.189063 0.021876 0.021874
0 0.497658 0.021874 0.017186 0.012499
0 0.561718 0.197656 0.032812 0.029688
0 0.594530 0.154687 0.020313 0.025001
0 0.709376 0.341407 0.021876 0.020313
0 0.991406 0.238280 0.017187 0.023437
0 0.953905 0.378907 0.020313 0.023437
0 0.817968 0.426561 0.048438 0.031249
0 0.871876 0.443750 0.018749 0.028125
0 0.203126 0.404687 0.018749 0.021874
0 0.046876 0.324218 0.024999 0.023437
0 0.054689 0.422656 0.015626 0.020313
0 0.222656 0.507812 0.020313 0.021874