0 0.508593 0.073438 0.045311 0.025001
0 0.043748 0.253905 0.015626 0.035937
0 0.053125 0.431250 0.021876 0.031249
0 0.038282 0.620313 0.023439 0.040624
0 0.178126 0.622656 0.043751 0.026562
0 0.276562 0.672657 0.050001 0.020313
0 0.302344 0.564063 0.032812 0.028125
0 0.295311 0.244530 0.024999 0.026562
0 0.257813 0.075781 0.024999 0.026562
0 0.417187 0.037499 0.018749 0.018750
0 0.598439 0.062500 0.021876 0.021874
0 0.615625 0.313282 0.024999 0.026562
0 0.717187 0.326562 0.021876 0.028125
0 0.760156 0.432811 0.026562 0.025001
0 0.928125 0.091406 0.028126 0.032812
0 0.853125 0.013282 0.028126 0.026563
0 0.838283 0.705470 0.026562 0.026562
0 0.875001 0.562500 0.021876 0.018750
0 0.389844 0.017188 0.014063 0.012499
0 0.289845 0.144532 0.014063 0.014062