0 0.921093 0.550781 0.020313 0.017187
0 0.752343 0.305468 0.017186 0.014062
0 0.721095 0.614063 0.017186 0.018750
0 0.542188 0.146094 0.021876 0.020313
0 0.464062 0.036718 0.018749 0.010938
0 0.136718 0.037500 0.029689 0.018750
0 0.110936 0.060155 0.028126 0.014062
0 0.228905 0.352343 0.029689 0.020313
0 0.457032 0.672655 0.023439 0.029688
0 0.413281 0.707813 0.017186 0.015626
0 0.382812 0.745313 0.024999 0.018750
0 0.313281 0.650781 0.014063 0.014062
0 0.342970 0.498437 0.020313 0.015626
0 0.225002 0.427343 0.015626 0.020313
0 0.276563 0.865624 0.012500 0.015626
0 0.167187 0.821094 0.024999 0.023437
0 0.126562 0.550781 0.012500 0.010938
0 0.054688 0.321875 0.018749 0.018750
0 0.124999 0.430469 0.021876 0.014062
0 0.010156 0.422655 0.020312 0.020313
0 0.067188 0.669531 0.015626 0.010938
0 0.281249 0.798438 0.018749 0.015626
0 0.497657 0.207812 0.017186 0.012499
0 0.554688 0.199219 0.012500 0.014062
0 0.547655 0.164843 0.014063 0.010938
0 0.203906 0.018750 0.014063 0.012499