0 0.925780 0.519532 0.023439 0.020313
0 0.622656 0.009375 0.014063 0.018750
0 0.892188 0.458594 0.021876 0.023437
0 0.992969 0.646094 0.014063 0.017187
0 0.964845 0.205470 0.023439 0.026562
0 0.824217 0.239062 0.035938 0.031249
0 0.794532 0.369532 0.017186 0.020313
0 0.771093 0.362500 0.014063 0.018750
0 0.779689 0.590626 0.037499 0.031249
0 0.874218 0.535157 0.014063 0.014062
0 0.521093 0.550781 0.020313 0.017187
0 0.678907 0.464843 0.014063 0.014062
0 0.675780 0.400781 0.020313 0.017187
0 0.352343 0.305468 0.017186 0.014062
0 0.321095 0.614063 0.017186 0.018750
0 0.900001 0.903124 0.028126 0.015626
0 0.142188 0.146094 0.021876 0.020313
0 0.064062 0.036718 0.018749 0.010938
0 0.057032 0.672655 0.023439 0.029688
0 0.010937 0.707813 0.021874 0.015626
0 0.832813 0.392188 0.018749 0.015626
0 0.097657 0.207812 0.017186 0.012499
0 0.154688 0.199219 0.012500 0.014062
0 0.147655 0.164843 0.014063 0.010938