0 0.942186 0.214845 0.034375 0.026562
0 0.525780 0.519532 0.023439 0.020313
0 0.814845 0.010156 0.023439 0.020313
0 0.222656 0.009375 0.014063 0.018750
0 0.492188 0.458594 0.021876 0.023437
0 0.611720 0.321094 0.010936 0.017187
0 0.689063 0.382813 0.012500 0.012499
0 0.675780 0.537500 0.010936 0.018750
0 0.593750 0.646094 0.015626 0.017187
0 0.564845 0.205470 0.023439 0.026562
0 0.424217 0.239062 0.035938 0.031249
0 0.394532 0.369532 0.017186 0.020313
0 0.371093 0.362500 0.014063 0.018750
0 0.379689 0.590626 0.037499 0.031249
0 0.474218 0.535157 0.014063 0.014062
0 0.121093 0.550781 0.020313 0.017187
0 0.278907 0.464843 0.014063 0.014062
0 0.275780 0.400781 0.020313 0.017187
0 0.500001 0.903124 0.028126 0.015626
0 0.781249 0.825782 0.031249 0.026562
0 0.432813 0.392188 0.018749 0.015626
0 0.630469 0.346095 0.017186 0.017187