0 0.921093 0.150781 0.020313 0.017187
0 0.721095 0.214063 0.017186 0.018750
0 0.457032 0.272655 0.023439 0.029688
0 0.413281 0.307813 0.017186 0.015626
0 0.382812 0.345313 0.024999 0.018750
0 0.313281 0.250781 0.014063 0.014062
0 0.342970 0.098437 0.020313 0.015626
0 0.225002 0.027343 0.015626 0.020313
0 0.276563 0.465624 0.012500 0.015626
0 0.167187 0.421094 0.024999 0.023437
0 0.126562 0.150781 0.012500 0.010938
0 0.124999 0.030469 0.021876 0.014062
0 0.010156 0.022655 0.020312 0.020313
0 0.067188 0.269531 0.015626 0.010938
0 0.281249 0.398438 0.018749 0.015626