0 0.713281 0.593750 0.032812 0.034376
0 0.950781 0.586718 0.023439 0.032812
0 0.785938 0.371093 0.043751 0.023437
0 0.607812 0.277343 0.034375 0.026562
0 0.636717 0.102343 0.026562 0.020313
0 0.746093 0.037500 0.035938 0.034376
0 0.935938 0.014063 0.034375 0.028126
0 0.897657 0.169531 0.029689 0.023437
0 0.814063 0.224218 0.031249 0.023437
0 0.339843 0.332032 0.023439 0.029688
0 0.511719 0.329687 0.029689 0.034376
0 0.013281 0.907032 0.026562 0.026562
0 0.126561 0.811719 0.024999 0.029688
0 0.099999 0.334375 0.021876 0.021874
0 0.128125 0.371093 0.028126 0.029688
0 0.182812 0.347656 0.021876 0.023437
0 0.114845 0.300781 0.023439 0.020313