0 0.896874 0.103124 0.028126 0.034376
0 0.537499 0.228907 0.028126 0.029688
0 0.608593 0.292187 0.029689 0.025001
0 0.391405 0.219532 0.023439 0.023437
0 0.256251 0.382812 0.018749 0.028125
0 0.260937 0.210157 0.031249 0.045312
0 0.209376 0.478125 0.021876 0.028125
0 0.229688 0.512501 0.040625 0.015626
0 0.031251 0.752345 0.062502 0.032812
0 0.994531 0.627343 0.010938 0.029688
0 0.637502 0.634376 0.021876 0.018750
0 0.152345 0.600782 0.023439 0.026562
0 0.107030 0.771095 0.020313 0.020313
0 0.213282 0.853906 0.023439 0.017187