0 0.903126 0.010156 0.018749 0.020312
0 0.965624 0.232813 0.012500 0.012499
0 0.953125 0.282031 0.015626 0.023437
0 0.887501 0.149218 0.015626 0.023437
0 0.849999 0.097656 0.012500 0.023437
0 0.045312 0.275780 0.021876 0.023437
0 0.439842 0.255469 0.029689 0.026562
0 0.859375 0.171876 0.015626 0.012499
0 0.837499 0.266405 0.015626 0.017187
0 0.792968 0.303126 0.029689 0.021874
0 0.552344 0.203125 0.017186 0.015626
0 0.578126 0.097656 0.021876 0.017187
0 0.628908 0.174219 0.017186 0.017187
0 0.500000 0.163280 0.015626 0.017187
0 0.700001 0.114845 0.015626 0.020313
0 0.868751 0.199219 0.018749 0.017187
0 0.564064 0.282813 0.024999 0.015626
0 0.557031 0.257030 0.020313 0.017187
0 0.721874 0.175782 0.018749 0.014062
0 0.764062 0.060937 0.018749 0.021874
0 0.729687 0.012499 0.018749 0.012499
0 0.284375 0.303126 0.028126 0.015626
0 0.268749 0.348437 0.028126 0.018750
0 0.032812 0.225781 0.018749 0.023437
0 0.190626 0.337499 0.015626 0.018750
0 0.179686 0.227344 0.015626 0.010938
0 0.564844 0.156250 0.020313 0.018750
0 0.680469 0.207813 0.017186 0.012499
0 0.656250 0.236719 0.021876 0.010938
0 0.759376 0.884374 0.031249 0.018750
0 0.718751 0.957813 0.018749 0.018750
0 0.746876 0.935937 0.012500 0.018750
0 0.580470 0.961719 0.017186 0.017187
0 0.536718 0.963282 0.017186 0.014062
0 0.663280 0.958595 0.026562 0.017187
0 0.766405 0.993749 0.020313 0.012501
0 0.785938 0.939845 0.018749 0.010938
0 0.674219 0.995313 0.020313 0.009374
0 0.204688 0.867969 0.034375 0.020313
0 0.975000 0.987499 0.015626 0.025001