0 0.966405 0.107812 0.020313 0.018750
0 0.910157 0.124999 0.029689 0.021874
0 0.850000 0.042969 0.015626 0.010938
0 0.855469 0.176564 0.010936 0.015626
0 0.800782 0.085156 0.014063 0.010938
0 0.830470 0.126562 0.017186 0.015626
0 0.882812 0.309374 0.015626 0.015626
0 0.965625 0.284376 0.018749 0.025001
0 0.846093 0.200780 0.014063 0.010938
0 0.072655 0.131250 0.017186 0.012499
0 0.448436 0.023437 0.015626 0.012499
0 0.425000 0.049999 0.021876 0.018750
0 0.342187 0.014844 0.012500 0.014062
0 0.691406 0.149218 0.017186 0.017187
0 0.750000 0.217188 0.024999 0.015626
0 0.730468 0.236719 0.017186 0.023437
0 0.621092 0.189063 0.017186 0.018750
0 0.584374 0.207031 0.018749 0.017187
0 0.574217 0.255469 0.023439 0.014062
0 0.366406 0.308595 0.023439 0.023437
0 0.302345 0.250782 0.017186 0.014062
0 0.248438 0.229687 0.024999 0.025001
0 0.296876 0.308595 0.009376 0.017187
0 0.053126 0.188281 0.021876 0.020313
0 0.110937 0.284376 0.021876 0.012499
0 0.146095 0.203125 0.017186 0.018750
0 0.174217 0.180469 0.014063 0.014062
0 0.182030 0.289843 0.014063 0.020313
0 0.226562 0.260157 0.015626 0.020313
0 0.278906 0.282813 0.014063 0.012499
0 0.549219 0.893749 0.026562 0.021874
0 0.601563 0.916407 0.028126 0.017187
0 0.650001 0.896094 0.018749 0.020313
0 0.575001 0.955468 0.021876 0.014062
0 0.852343 0.934376 0.017186 0.025001
0 0.723438 0.935937 0.018749 0.018750
0 0.770313 0.965625 0.018749 0.025001
0 0.611719 0.987499 0.026562 0.015626
0 0.693749 0.989844 0.031249 0.020313