0 0.333593 0.496094 0.023439 0.017187
0 0.170313 0.637500 0.028126 0.025001
0 0.546874 0.936718 0.031249 0.020313
0 0.291405 0.928906 0.010936 0.020313
0 0.292968 0.888282 0.020313 0.020313
0 0.351562 0.876562 0.021876 0.015626
0 0.436719 0.975781 0.026562 0.017187
0 0.366405 0.936718 0.023439 0.023437
0 0.400000 0.876562 0.021876 0.018750
0 0.514842 0.862500 0.029689 0.018750
0 0.469531 0.832812 0.026562 0.018750
0 0.518749 0.821876 0.024999 0.021874
0 0.482030 0.799999 0.017186 0.015626
0 0.406250 0.771093 0.024999 0.020313
0 0.314844 0.790624 0.017186 0.031249
0 0.444532 0.700780 0.023439 0.017187
0 0.554687 0.724999 0.034375 0.021874
0 0.514062 0.735938 0.018749 0.012499
0 0.756249 0.700780 0.018749 0.014062
0 0.785938 0.657814 0.018749 0.012499
0 0.729687 0.760938 0.018749 0.025001
0 0.625781 0.717969 0.029689 0.029688
0 0.452345 0.607031 0.026562 0.017187
0 0.478907 0.656250 0.020313 0.012499
0 0.557030 0.617969 0.023439 0.017187
0 0.532811 0.630468 0.009376 0.010938
0 0.382811 0.719530 0.021876 0.014062
0 0.696875 0.685157 0.012500 0.020313
0 0.646093 0.655469 0.020313 0.010938
0 0.593749 0.693750 0.018749 0.012499
0 0.590626 0.637500 0.021876 0.018750
0 0.789844 0.744531 0.023439 0.017187
0 0.831249 0.757030 0.018749 0.014062
0 0.842969 0.782031 0.017186 0.020313
0 0.797657 0.785937 0.010936 0.012499
0 0.835156 0.814062 0.026562 0.021874
0 0.742969 0.794530 0.026562 0.014062
0 0.626561 0.817970 0.018749 0.014062
0 0.701561 0.805468 0.018749 0.014062
0 0.718750 0.831251 0.015626 0.015626
0 0.735936 0.854688 0.015626 0.009375
0 0.651563 0.883595 0.021876 0.017187
0 0.642970 0.914844 0.017186 0.014062
0 0.891407 0.871093 0.017186 0.010938
0 0.854688 0.892970 0.015626 0.017187
0 0.878907 0.907032 0.014063 0.020313
0 0.629687 0.971094 0.021876 0.020313
0 0.662500 0.975781 0.012500 0.017187
0 0.697655 0.885156 0.014063 0.010938
0 0.732030 0.892188 0.010936 0.012499
0 0.752343 0.914062 0.017186 0.015626
0 0.815627 0.873438 0.021876 0.015626
0 0.389064 0.992188 0.015626 0.015624
0 0.980470 0.561719 0.017186 0.017187
0 0.936718 0.563282 0.017186 0.014062
0 0.604688 0.467969 0.034375 0.020313
0 0.307814 0.558595 0.018749 0.017187
0 0.271876 0.575000 0.034375 0.021874
0 0.247657 0.516407 0.026562 0.017187