0 0.787501 0.501563 0.034375 0.031249
0 0.359376 0.484374 0.031249 0.018750
0 0.318751 0.557813 0.018749 0.018750
0 0.346876 0.535937 0.012500 0.018750
0 0.031249 0.757030 0.018749 0.014062
0 0.042969 0.782031 0.017186 0.020313
0 0.035156 0.814062 0.026562 0.021874
0 0.091407 0.871093 0.017186 0.010938
0 0.054688 0.892970 0.015626 0.017187
0 0.078907 0.907032 0.014063 0.020313
0 0.013282 0.873438 0.026564 0.015626
0 0.180470 0.561719 0.017186 0.017187
0 0.136718 0.563282 0.017186 0.014062
0 0.263280 0.558595 0.026562 0.017187
0 0.213282 0.656250 0.014063 0.015626
0 0.366405 0.596874 0.020313 0.018750
0 0.385938 0.539845 0.018749 0.010938
0 0.318751 0.663280 0.018749 0.020313
0 0.289845 0.687500 0.020313 0.021874
0 0.222655 0.693750 0.032812 0.025001
0 0.353126 0.730469 0.021876 0.023437
0 0.401564 0.696874 0.015626 0.012499
0 0.274219 0.599219 0.020313 0.017187
0 0.664063 0.539845 0.024999 0.020313
0 0.623438 0.569531 0.018749 0.023437
0 0.575000 0.587499 0.015626 0.025001
0 0.619532 0.647657 0.023439 0.023437
0 0.581250 0.704689 0.024999 0.021874
0 0.967187 0.753906 0.028126 0.029688
0 0.936719 0.779688 0.029689 0.028125
0 0.830470 0.825000 0.035938 0.031249
0 0.898437 0.641406 0.040625 0.026562
0 0.750000 0.741407 0.028126 0.023437
0 0.767969 0.965625 0.029689 0.025001
0 0.751563 0.891406 0.028126 0.017187
0 0.842186 0.904687 0.031249 0.028125
0 0.868751 0.860157 0.021876 0.017187
0 0.964061 0.942969 0.015626 0.023437