0 0.759376 0.084374 0.031249 0.018750
0 0.718751 0.157813 0.018749 0.018750
0 0.746876 0.135937 0.012500 0.018750
0 0.146874 0.536718 0.031249 0.020313
0 0.036719 0.575781 0.026562 0.017187
0 0.005469 0.476562 0.010938 0.018750
0 0.114842 0.462500 0.029689 0.018750
0 0.069531 0.432812 0.026562 0.018750
0 0.118749 0.421876 0.024999 0.021874
0 0.082030 0.399999 0.017186 0.015626
0 0.009375 0.371093 0.018750 0.020313
0 0.044532 0.300780 0.023439 0.017187
0 0.154687 0.324999 0.034375 0.021874
0 0.114062 0.335938 0.018749 0.012499
0 0.356249 0.300780 0.018749 0.014062
0 0.385938 0.257814 0.018749 0.012499
0 0.329687 0.360938 0.018749 0.025001
0 0.225781 0.317969 0.029689 0.029688
0 0.052345 0.207031 0.026562 0.017187
0 0.078907 0.256250 0.020313 0.012499
0 0.157030 0.217969 0.023439 0.017187
0 0.132812 0.230468 0.009376 0.010938
0 0.296875 0.285157 0.012500 0.020313
0 0.246094 0.255469 0.020313 0.010938
0 0.193749 0.293750 0.018749 0.012499
0 0.190626 0.237500 0.021876 0.018750
0 0.389844 0.344531 0.023439 0.017187
0 0.431249 0.357030 0.018749 0.014062
0 0.442969 0.382031 0.017186 0.020313
0 0.397657 0.385937 0.010936 0.012499
0 0.435156 0.414062 0.026562 0.021874
0 0.342969 0.394530 0.026562 0.014062
0 0.226561 0.417970 0.018749 0.014062
0 0.301561 0.405468 0.018749 0.014062
0 0.318750 0.431251 0.015626 0.015626
0 0.335937 0.454688 0.015626 0.009375
0 0.251563 0.483595 0.021876 0.017187
0 0.242970 0.514844 0.017186 0.014062
0 0.491407 0.471093 0.017186 0.010938
0 0.454688 0.492970 0.015626 0.017187
0 0.478907 0.507032 0.014063 0.020313
0 0.229687 0.571094 0.021876 0.020313
0 0.262499 0.575781 0.012500 0.017187
0 0.297655 0.485156 0.014063 0.010938
0 0.332030 0.492188 0.010936 0.012499
0 0.352343 0.514062 0.017186 0.015626
0 0.415627 0.473438 0.021876 0.015626
0 0.191406 0.638282 0.017186 0.014062
0 0.006250 0.729687 0.012500 0.012499
0 0.023436 0.611718 0.018749 0.017187
0 0.163280 0.664843 0.023439 0.014062
0 0.078907 0.733595 0.017186 0.020313
0 0.232031 0.696874 0.014063 0.018750
0 0.208595 0.717187 0.017186 0.018750
0 0.226561 0.797656 0.021876 0.017187
0 0.392188 0.718751 0.024999 0.015626
0 0.580470 0.161719 0.017186 0.017187
0 0.536718 0.163282 0.017186 0.014062
0 0.663280 0.158595 0.026562 0.017187
0 0.613282 0.256250 0.014063 0.015626
0 0.766405 0.196874 0.020313 0.018750
0 0.785938 0.139845 0.018749 0.010938
0 0.718751 0.263280 0.018749 0.020313
0 0.689845 0.287500 0.020313 0.021874
0 0.622655 0.293750 0.032812 0.025001
0 0.753126 0.330469 0.021876 0.023437
0 0.801564 0.296874 0.015626 0.012499
0 0.674219 0.199219 0.020313 0.017187
0 0.204688 0.067969 0.034375 0.020313
0 0.975000 0.187499 0.015626 0.025001
0 0.981250 0.304689 0.024999 0.021874
0 0.744530 0.808595 0.020313 0.026562
0 0.651563 0.735937 0.024999 0.012499
0 0.510156 0.796875 0.020313 0.021874
0 0.497657 0.847655 0.029689 0.032812
0 0.590626 0.857030 0.040625 0.026562
0 0.628908 0.806250 0.023439 0.028125
0 0.689062 0.787500 0.021876 0.015626
0 0.660937 0.759375 0.018749 0.015626
0 0.710938 0.700001 0.018749 0.018750
0 0.671093 0.689063 0.020313 0.018750
0 0.728124 0.817188 0.021876 0.021874
0 0.681249 0.668749 0.021876 0.018750
0 0.713281 0.646094 0.020313 0.014062
0 0.753126 0.668749 0.015626 0.018750
0 0.792968 0.767968 0.014063 0.014062
0 0.578907 0.633594 0.020313 0.017187
0 0.569530 0.743749 0.017186 0.018750