0 0.787501 0.101563 0.034375 0.031249
0 0.359376 0.084374 0.031249 0.018750
0 0.318751 0.157813 0.018749 0.018750
0 0.346876 0.135937 0.012500 0.018750
0 0.031249 0.357030 0.018749 0.014062
0 0.042969 0.382031 0.017186 0.020313
0 0.035156 0.414062 0.026562 0.021874
0 0.091407 0.471093 0.017186 0.010938
0 0.054688 0.492970 0.015626 0.017187
0 0.078907 0.507032 0.014063 0.020313
0 0.013282 0.473438 0.026564 0.015626
0 0.180470 0.161719 0.017186 0.017187
0 0.136718 0.163282 0.017186 0.014062
0 0.263280 0.158595 0.026562 0.017187
0 0.213282 0.256250 0.014063 0.015626
0 0.366405 0.196874 0.020313 0.018750
0 0.385938 0.139845 0.018749 0.010938
0 0.318751 0.263280 0.018749 0.020313
0 0.289845 0.287500 0.020313 0.021874
0 0.222655 0.293750 0.032812 0.025001
0 0.353126 0.330469 0.021876 0.023437
0 0.401564 0.296874 0.015626 0.012499
0 0.274219 0.199219 0.020313 0.017187
0 0.664063 0.139845 0.024999 0.020313
0 0.623438 0.169531 0.018749 0.023437
0 0.575000 0.187499 0.015626 0.025001
0 0.619532 0.247657 0.023439 0.023437
0 0.581250 0.304689 0.024999 0.021874
0 0.967187 0.353906 0.028126 0.029688
0 0.936719 0.379688 0.029689 0.028125
0 0.830470 0.425000 0.035938 0.031249
0 0.898437 0.241406 0.040625 0.026562
0 0.750000 0.341407 0.028126 0.023437
0 0.814064 0.640624 0.021876 0.021874
0 0.767969 0.565625 0.029689 0.025001
0 0.751563 0.491406 0.028126 0.017187
0 0.842186 0.504687 0.031249 0.028125
0 0.868751 0.460157 0.021876 0.017187
0 0.964061 0.542969 0.015626 0.023437
0 0.636718 0.795311 0.029689 0.034376
0 0.960938 0.738282 0.015626 0.020313
0 0.990625 0.771874 0.018750 0.021874
0 0.607032 0.839062 0.017186 0.018750
0 0.804688 0.742970 0.028126 0.023437
0 0.344530 0.808595 0.020313 0.026562
0 0.251563 0.735937 0.024999 0.012499
0 0.110156 0.796875 0.020313 0.021874
0 0.097657 0.847655 0.029689 0.032812
0 0.190626 0.857030 0.040625 0.026562
0 0.228908 0.806250 0.023439 0.028125
0 0.289062 0.787500 0.021876 0.015626
0 0.260937 0.759375 0.018749 0.015626
0 0.310938 0.700001 0.018749 0.018750
0 0.271093 0.689063 0.020313 0.018750
0 0.636718 0.865626 0.020313 0.021874
0 0.328124 0.817188 0.021876 0.021874
0 0.281249 0.668749 0.021876 0.018750
0 0.313281 0.646094 0.020313 0.014062
0 0.353126 0.668749 0.015626 0.018750
0 0.392968 0.767968 0.014063 0.014062
0 0.178907 0.633594 0.020313 0.017187
0 0.169530 0.743749 0.017186 0.018750