0 0.196875 0.300001 0.024999 0.025001
0 0.239064 0.393751 0.028126 0.040624
0 0.273439 0.401562 0.015626 0.015626
0 0.342186 0.450000 0.021876 0.012499
0 0.299218 0.507032 0.029689 0.029688
0 0.546874 0.136718 0.031249 0.020313
0 0.291405 0.128906 0.010936 0.020313
0 0.292968 0.088282 0.020313 0.020313
0 0.351562 0.076562 0.021876 0.015626
0 0.436719 0.175781 0.026562 0.017187
0 0.366405 0.136718 0.023439 0.023437
0 0.400000 0.076562 0.021876 0.018750
0 0.514842 0.062500 0.029689 0.018750
0 0.469531 0.032812 0.026562 0.018750
0 0.518749 0.021876 0.024999 0.021874
0 0.835156 0.012499 0.026562 0.024999
0 0.626561 0.017970 0.018749 0.014062
0 0.701561 0.006250 0.018749 0.012500
0 0.718750 0.031251 0.015626 0.015626
0 0.735936 0.054688 0.015626 0.009375
0 0.651563 0.083595 0.021876 0.017187
0 0.642970 0.114844 0.017186 0.014062
0 0.891407 0.071093 0.017186 0.010938
0 0.854688 0.092970 0.015626 0.017187
0 0.878907 0.107032 0.014063 0.020313
0 0.629687 0.171094 0.021876 0.020313
0 0.662500 0.175781 0.012500 0.017187
0 0.697655 0.085156 0.014063 0.010938
0 0.732030 0.092188 0.010936 0.012499
0 0.752343 0.114062 0.017186 0.015626
0 0.815627 0.073438 0.021876 0.015626
0 0.591406 0.238282 0.017186 0.014062
0 0.402344 0.329687 0.020313 0.012499
0 0.376561 0.225001 0.018749 0.015626
0 0.389064 0.192189 0.015626 0.015626
0 0.423436 0.211718 0.018749 0.017187
0 0.563280 0.264843 0.023439 0.014062
0 0.478907 0.333595 0.017186 0.020313
0 0.632031 0.296874 0.014063 0.018750
0 0.608595 0.317187 0.017186 0.018750
0 0.626561 0.397656 0.021876 0.017187
0 0.792188 0.318751 0.024999 0.015626
0 0.417969 0.994531 0.020313 0.010937
0 0.600782 0.989843 0.014063 0.010938
0 0.910156 0.396875 0.020313 0.021874
0 0.897657 0.447655 0.029689 0.032812
0 0.985157 0.457030 0.029686 0.026562
0 0.562500 0.995312 0.018749 0.009375
0 0.978907 0.233594 0.020313 0.017187
0 0.969530 0.343749 0.017186 0.018750