0 0.035156 0.012499 0.026562 0.024999
0 0.091407 0.071093 0.017186 0.010938
0 0.054688 0.092970 0.015626 0.017187
0 0.078907 0.107032 0.014063 0.020313
0 0.013282 0.073438 0.026564 0.015626
0 0.830470 0.020312 0.035938 0.040625
0 0.814064 0.240624 0.021876 0.021874
0 0.767969 0.165625 0.029689 0.025001
0 0.751563 0.091406 0.028126 0.017187
0 0.842186 0.104687 0.031249 0.028125
0 0.868751 0.060157 0.021876 0.017187
0 0.964061 0.142969 0.015626 0.023437
0 0.636718 0.395311 0.029689 0.034376
0 0.960938 0.338282 0.015626 0.020313
0 0.990625 0.371874 0.018750 0.021874
0 0.607032 0.439062 0.017186 0.018750
0 0.804688 0.342970 0.028126 0.023437
0 0.344530 0.408595 0.020313 0.026562
0 0.251563 0.335937 0.024999 0.012499
0 0.110156 0.396875 0.020313 0.021874
0 0.097657 0.447655 0.029689 0.032812
0 0.190626 0.457030 0.040625 0.026562
0 0.228908 0.406250 0.023439 0.028125
0 0.289062 0.387500 0.021876 0.015626
0 0.260937 0.359375 0.018749 0.015626
0 0.310938 0.300001 0.018749 0.018750
0 0.271093 0.289063 0.020313 0.018750
0 0.636718 0.465626 0.020313 0.021874
0 0.328124 0.417188 0.021876 0.021874
0 0.281249 0.268749 0.021876 0.018750
0 0.313281 0.246094 0.020313 0.014062
0 0.353126 0.268749 0.015626 0.018750
0 0.392968 0.367968 0.014063 0.014062
0 0.178907 0.233594 0.020313 0.017187
0 0.169530 0.343749 0.017186 0.018750