0 0.339064 0.019531 0.015626 0.014062
0 0.318751 0.019531 0.009376 0.014062
0 0.287499 0.026563 0.018749 0.015626
0 0.731251 0.298438 0.040625 0.037500
0 0.024219 0.020312 0.048439 0.040625
0 0.398438 0.127343 0.024999 0.029688
0 0.379689 0.070312 0.031249 0.021874
0 0.465625 0.175000 0.021876 0.025001
0 0.504687 0.178905 0.024999 0.032812
0 0.453126 0.221093 0.028126 0.014062
0 0.458592 0.251563 0.023439 0.015626
0 0.417187 0.288281 0.021876 0.017187
0 0.432030 0.322657 0.017186 0.014062
0 0.334374 0.312500 0.021876 0.018750
0 0.346873 0.350782 0.021876 0.020313
0 0.320311 0.249218 0.018749 0.020313
0 0.332814 0.132812 0.024999 0.015626
0 0.295312 0.232813 0.015626 0.018750
0 0.245311 0.096094 0.037499 0.023437
0 0.228125 0.137500 0.028126 0.028125
0 0.207813 0.200000 0.018749 0.018750
0 0.239061 0.229689 0.018749 0.018750
0 0.224218 0.251563 0.017186 0.018750
0 0.265624 0.255468 0.018749 0.023437
0 0.226562 0.324999 0.018749 0.018750
0 0.217969 0.299219 0.017186 0.017187
0 0.256251 0.288281 0.015626 0.020313
0 0.012501 0.240624 0.025002 0.021874
0 0.042186 0.104687 0.031249 0.028125
0 0.068751 0.060157 0.021876 0.017187
0 0.221095 0.065624 0.023439 0.021874
0 0.164061 0.142969 0.015626 0.023437
0 0.584374 0.334374 0.024999 0.021874
0 0.160938 0.338282 0.015626 0.020313
0 0.193750 0.371874 0.024999 0.021874
0 0.009375 0.342970 0.018750 0.023437
0 0.337500 0.992188 0.024999 0.015625
0 0.461719 0.992969 0.020313 0.014063
0 0.857812 0.333595 0.015626 0.014062
0 0.842970 0.362499 0.017186 0.015626
0 0.812501 0.368750 0.018749 0.018750
0 0.823437 0.421875 0.015626 0.018750
0 0.780469 0.422657 0.014063 0.014062
0 0.779689 0.517189 0.012500 0.015626
0 0.805468 0.505469 0.017186 0.017187