0 0.986719 0.017188 0.026563 0.034376
0 0.063282 0.132812 0.126563 0.043751
0 0.010156 0.067187 0.020313 0.025001
0 0.193749 0.055470 0.021876 0.017187
0 0.102343 0.230468 0.026562 0.023437
0 0.412500 0.162500 0.024999 0.025001
0 0.639064 0.119531 0.021876 0.026562
0 0.719531 0.201564 0.017186 0.021874
0 0.360939 0.410937 0.037499 0.028125
0 0.337500 0.375001 0.021876 0.025001
0 0.307811 0.403907 0.021876 0.020313
0 0.096876 0.407031 0.056251 0.023437
0 0.873438 0.774219 0.024999 0.035937
0 0.400780 0.725781 0.020313 0.020313