0 0.530468 0.570312 0.026562 0.018750
0 0.344533 0.632031 0.020313 0.017187
0 0.314844 0.879687 0.017186 0.018750
0 0.587499 0.775001 0.031249 0.025001
0 0.507032 0.775001 0.020313 0.021874
0 0.473437 0.861718 0.018749 0.017187
0 0.788281 0.977344 0.029689 0.026562
0 0.793751 0.857031 0.021876 0.023437
0 0.708594 0.903906 0.035938 0.032812
0 0.875781 0.759375 0.026562 0.025001
0 0.946094 0.825782 0.023439 0.023437
0 0.750782 0.718751 0.023439 0.025001
0 0.737500 0.907811 0.028126 0.025001
0 0.782031 0.867187 0.023439 0.021874
0 0.589843 0.799999 0.023439 0.021874
0 0.616405 0.810937 0.020313 0.021874
0 0.531251 0.822657 0.015626 0.017187
0 0.889843 0.717188 0.017186 0.018750
0 0.860155 0.689063 0.017186 0.018750
0 0.753126 0.695314 0.015626 0.012499
0 0.366405 0.655469 0.020313 0.017187
0 0.958594 0.799999 0.017186 0.015626
0 0.856251 0.830469 0.021876 0.020313
0 0.554687 0.990625 0.015626 0.012499
0 0.603905 0.974218 0.020313 0.017187
0 0.305468 0.891406 0.014063 0.017187
0 0.311717 0.928125 0.014063 0.018750
0 0.964064 0.551562 0.015626 0.015626