0 0.069530 0.100782 0.035938 0.032812
0 0.099219 0.029688 0.017186 0.018750
0 0.464844 0.011719 0.020313 0.023438
0 0.475000 0.121095 0.015626 0.017187
0 0.514062 0.144532 0.018749 0.017187
0 0.496876 0.162501 0.015626 0.018750
0 0.472657 0.170312 0.020313 0.018750
0 0.618751 0.186720 0.018749 0.014062
0 0.617968 0.217187 0.017186 0.018750
0 0.621874 0.270313 0.028126 0.025001
0 0.664063 0.232031 0.021876 0.023437
0 0.691405 0.213281 0.020313 0.020313
0 0.746876 0.208594 0.031249 0.029688
0 0.553124 0.313282 0.018749 0.014062
0 0.440625 0.387500 0.012500 0.012499
0 0.427342 0.479687 0.014063 0.015626
0 0.563280 0.417188 0.017186 0.018750
0 0.709374 0.347655 0.018749 0.020313
0 0.808593 0.313282 0.020313 0.023437
0 0.656250 0.428124 0.015626 0.012499
0 0.584376 0.479687 0.018749 0.018750
0 0.621094 0.479687 0.020313 0.025001
0 0.630467 0.537500 0.029689 0.034376
0 0.457811 0.580469 0.021876 0.017187
0 0.506249 0.571875 0.018749 0.021874
0 0.432032 0.659374 0.026562 0.031249
0 0.472657 0.658593 0.020313 0.020313
0 0.564063 0.759375 0.024999 0.021874
0 0.644530 0.744531 0.026562 0.026562
0 0.859375 0.800781 0.018749 0.029688
0 0.709374 0.597655 0.015626 0.014062
0 0.749219 0.546093 0.017186 0.017187
0 0.787501 0.537500 0.021876 0.021874
0 0.733593 0.458594 0.023439 0.023437
0 0.855468 0.413282 0.023439 0.020313
0 0.859375 0.389063 0.021876 0.021874
0 0.821093 0.343749 0.017186 0.018750
0 0.955467 0.377343 0.029689 0.032812
0 0.939845 0.355469 0.023439 0.023437
0 0.987499 0.322657 0.021876 0.020313
0 0.893750 0.451562 0.018749 0.018750
0 0.910156 0.476562 0.010936 0.012499
0 0.900000 0.498436 0.024999 0.021874
0 0.853905 0.507811 0.023439 0.021874
0 0.949218 0.489843 0.020313 0.020313
0 0.791408 0.615626 0.023439 0.021874
0 0.943751 0.588280 0.024999 0.026562
0 0.949218 0.604688 0.017186 0.015626
0 0.910156 0.696093 0.020313 0.020313
0 0.939061 0.685938 0.018749 0.018750
0 0.059374 0.408595 0.024999 0.020313
0 0.128905 0.413282 0.023439 0.029688
0 0.122655 0.507811 0.017186 0.018750
0 0.054688 0.664062 0.012500 0.018750
0 0.120312 0.804686 0.018749 0.018750
0 0.068750 0.830469 0.015626 0.010938
0 0.117968 0.919531 0.014063 0.014062
0 0.122655 0.909374 0.010936 0.012499
0 0.124218 0.971875 0.017186 0.021874
0 0.873437 0.171876 0.012500 0.012499
0 0.950781 0.181251 0.020313 0.018750
0 0.940625 0.049219 0.021876 0.020313