0 0.646874 0.139063 0.040625 0.037500
0 0.635938 0.214063 0.040625 0.043751
0 0.428906 0.085156 0.048438 0.045312
0 0.310937 0.625001 0.031249 0.021874
0 0.303125 0.457812 0.028126 0.037500
0 0.216405 0.433593 0.035938 0.045312
0 0.142968 0.362499 0.026562 0.018750
0 0.145311 0.404687 0.015626 0.025001
0 0.306251 0.243749 0.037499 0.025001
0 0.349999 0.259375 0.028126 0.037500
0 0.403907 0.266407 0.035938 0.042187
0 0.012500 0.641406 0.025001 0.032812
0 0.242187 0.521095 0.024999 0.029688
0 0.021094 0.428124 0.042188 0.021874
0 0.224218 0.167188 0.029689 0.025001
0 0.128905 0.156250 0.029689 0.031249
0 0.627345 0.684375 0.023439 0.025001
0 0.631251 0.621874 0.021876 0.021874
0 0.519532 0.661719 0.026562 0.029688
0 0.518749 0.724999 0.037499 0.025001
0 0.060938 0.689844 0.031249 0.026562
0 0.164063 0.583593 0.031249 0.029688
0 0.228124 0.605469 0.024999 0.026562
0 0.417970 0.754687 0.020313 0.018750
0 0.616405 0.772656 0.023439 0.017187
0 0.046875 0.232031 0.018749 0.020313
0 0.100783 0.291405 0.014063 0.020313
0 0.056251 0.310937 0.015626 0.018750
0 0.139844 0.491406 0.017186 0.017187