0 0.069532 0.099218 0.014063 0.014062
0 0.095314 0.100000 0.021876 0.018750
0 0.187500 0.032812 0.012500 0.015626
0 0.190626 0.105469 0.015626 0.014062
0 0.262500 0.213281 0.018749 0.023437
0 0.279686 0.206249 0.015626 0.018750
0 0.292969 0.196095 0.020313 0.020313
0 0.337500 0.100782 0.018749 0.020313
0 0.371876 0.169531 0.021876 0.023437
0 0.185937 0.253905 0.015626 0.020313
0 0.057032 0.411719 0.020313 0.020313
0 0.074218 0.566406 0.017186 0.017187
0 0.091407 0.571094 0.020313 0.023437
0 0.115626 0.528125 0.012500 0.015626
0 0.185937 0.440626 0.028126 0.025001
0 0.194530 0.384376 0.023439 0.021874
0 0.188280 0.335938 0.020313 0.018750
0 0.328124 0.322657 0.018749 0.020313
0 0.194530 0.514844 0.017186 0.020313
0 0.109377 0.682812 0.015626 0.015626
0 0.101563 0.785936 0.012500 0.015626
0 0.187500 0.797656 0.021876 0.020313
0 0.569531 0.588280 0.042188 0.048438
0 0.657031 0.532031 0.048438 0.045312
0 0.687499 0.783594 0.024999 0.023437
0 0.732811 0.803907 0.024999 0.026562
0 0.745314 0.791406 0.012500 0.014062
0 0.380469 0.785936 0.023439 0.015626
0 0.499217 0.078126 0.023439 0.018750
0 0.553905 0.078905 0.023439 0.020313
0 0.554688 0.107812 0.021876 0.021874
0 0.490624 0.153907 0.015626 0.014062
0 0.457812 0.232813 0.021876 0.021874
0 0.465625 0.253124 0.012500 0.012499
0 0.621092 0.135157 0.023439 0.020313
0 0.643751 0.163282 0.024999 0.023437
0 0.768749 0.026564 0.024999 0.025001
0 0.854686 0.010156 0.021876 0.020312
0 0.935936 0.038281 0.021876 0.020313
0 0.959375 0.125782 0.024999 0.023437
0 0.803125 0.131249 0.024999 0.031249
0 0.974218 0.650781 0.029689 0.032812
0 0.195313 0.572657 0.009376 0.010938
0 0.231252 0.631249 0.009376 0.009375
0 0.209376 0.628125 0.009376 0.012499
0 0.221875 0.656250 0.012500 0.012499
0 0.227345 0.697656 0.014063 0.010938
0 0.405468 0.668749 0.017186 0.018750
0 0.239061 0.473438 0.012500 0.012499