0 0.310937 0.225001 0.031249 0.021874
0 0.303125 0.057812 0.028126 0.037500
0 0.216405 0.028125 0.035938 0.056249
0 0.145311 0.008594 0.015626 0.017187
0 0.012500 0.241406 0.025001 0.032812
0 0.242187 0.121095 0.024999 0.029688
0 0.021094 0.028124 0.042188 0.021874
0 0.627345 0.284375 0.023439 0.025001
0 0.631251 0.221874 0.021876 0.021874
0 0.519532 0.261719 0.026562 0.029688
0 0.518749 0.324999 0.037499 0.025001
0 0.060938 0.289844 0.031249 0.026562
0 0.164063 0.183593 0.031249 0.029688
0 0.228124 0.205469 0.024999 0.026562
0 0.552344 0.988282 0.051561 0.023436
0 0.440626 0.960157 0.040625 0.039063
0 0.329687 0.986719 0.037499 0.026562
0 0.042969 0.952343 0.017186 0.023437
0 0.082813 0.887500 0.018749 0.015626
0 0.417970 0.354687 0.020313 0.018750
0 0.616405 0.372656 0.023439 0.017187
0 0.139844 0.091406 0.017186 0.017187