0 0.293749 0.029688 0.031249 0.028125
0 0.285156 0.078906 0.032812 0.029688
0 0.512499 0.015625 0.037499 0.031250
0 0.976564 0.239844 0.028126 0.023437
0 0.903123 0.420313 0.021876 0.025001
0 0.880468 0.491407 0.045311 0.029688
0 0.447656 0.262499 0.029689 0.034376
0 0.282032 0.214843 0.026562 0.026562
0 0.232031 0.246094 0.023439 0.026562
0 0.102343 0.351562 0.023439 0.034376
0 0.338280 0.433594 0.029689 0.026562
0 0.304688 0.552344 0.024999 0.023437
0 0.449999 0.753125 0.028126 0.025001
0 0.219531 0.909375 0.023439 0.015626
0 0.203905 0.942187 0.032812 0.018750