0 0.019471 0.122733 0.008173 0.009715
0 0.028846 0.165479 0.007692 0.009715
0 0.032452 0.172604 0.008173 0.011010
0 0.027163 0.281736 0.006250 0.007772
0 0.029567 0.327720 0.006250 0.007772
0 0.016106 0.302137 0.005288 0.008420
0 0.021394 0.373381 0.011058 0.013601
0 0.030529 0.343912 0.005288 0.007772
0 0.143029 0.336788 0.006250 0.009067
0 0.169952 0.324158 0.008173 0.011010
0 0.146154 0.381801 0.004808 0.007124
0 0.158173 0.391516 0.005769 0.007124
0 0.152885 0.398964 0.004808 0.007772
0 0.145433 0.402202 0.006250 0.007772
0 0.232452 0.304728 0.005288 0.005829
0 0.276683 0.302137 0.004327 0.005829
0 0.291587 0.309909 0.002404 0.004534
0 0.225240 0.327396 0.006250 0.005829
0 0.190385 0.409003 0.005769 0.005829
0 0.190144 0.421632 0.005288 0.007772
0 0.191346 0.443653 0.008654 0.010363
0 0.204327 0.427785 0.006731 0.009715
0 0.212740 0.420013 0.006250 0.008420
0 0.229808 0.418070 0.009615 0.012306
0 0.170192 0.461464 0.005769 0.005829
0 0.135577 0.492228 0.003846 0.005181
0 0.131490 0.530440 0.004327 0.006477
0 0.173317 0.504534 0.005288 0.007772
0 0.218269 0.475712 0.005769 0.008420
0 0.248798 0.461464 0.006250 0.009715
0 0.201923 0.509067 0.004808 0.005181
0 0.179808 0.530440 0.005769 0.007772
0 0.191106 0.530440 0.006250 0.010363
0 0.193990 0.554404 0.009135 0.014249
0 0.140865 0.572215 0.006731 0.007124
0 0.155769 0.568653 0.005769 0.009067
0 0.132933 0.604922 0.008173 0.012953
0 0.145433 0.604598 0.006250 0.008420
0 0.173558 0.646373 0.007692 0.009067
0 0.198317 0.640220 0.008173 0.011010
0 0.264423 0.663536 0.005769 0.012306
0 0.218269 0.579339 0.004808 0.005829
0 0.230529 0.557966 0.005288 0.007124
0 0.242308 0.554404 0.006731 0.009067
0 0.225721 0.521697 0.007212 0.009715
0 0.263221 0.502915 0.007212 0.008420
0 0.264423 0.492876 0.006731 0.009067
0 0.252644 0.474093 0.005288 0.007772
0 0.293990 0.488018 0.009135 0.013601
0 0.289183 0.478951 0.007212 0.009715
0 0.303846 0.465350 0.006731 0.008420
0 0.275000 0.518782 0.005769 0.007772
0 0.280048 0.529145 0.003365 0.005181
0 0.276923 0.538212 0.007692 0.009067
0 0.262740 0.542098 0.007212 0.009067
0 0.292067 0.534650 0.006250 0.008420
0 0.243510 0.586788 0.007212 0.009067
0 0.290385 0.575453 0.007692 0.011010
0 0.292067 0.582254 0.005288 0.006477
0 0.280048 0.620142 0.006250 0.008420
0 0.288942 0.615933 0.005769 0.007772
0 0.337740 0.548251 0.010096 0.011010
0 0.337019 0.555376 0.006731 0.008420
0 0.331971 0.596503 0.006250 0.009067
0 0.346635 0.639249 0.005769 0.007772
0 0.349519 0.607513 0.004808 0.007772
0 0.340625 0.587759 0.004327 0.005829
0 0.018269 0.500972 0.007692 0.008420
0 0.039663 0.502915 0.007212 0.012306
0 0.037740 0.542098 0.005288 0.007772
0 0.016827 0.606865 0.003846 0.007772
0 0.037019 0.665155 0.005769 0.007772
0 0.021154 0.675842 0.004808 0.004534
0 0.036298 0.712759 0.004327 0.005829
0 0.037740 0.708549 0.003365 0.005181
0 0.038221 0.734456 0.005288 0.009067
0 0.031250 0.772021 0.005769 0.006477
0 0.023798 0.805699 0.007212 0.009067
0 0.037500 0.829016 0.005769 0.006477
0 0.022596 0.839702 0.006731 0.008420
0 0.025481 0.875972 0.004808 0.007124
0 0.024038 0.884715 0.006731 0.006477
0 0.021635 0.964378 0.007692 0.009067
0 0.268750 0.402850 0.003846 0.005181
0 0.292548 0.406736 0.006250 0.007772
0 0.289423 0.352008 0.006731 0.008420
0 0.318269 0.398964 0.005769 0.007772
0 0.332212 0.403174 0.005769 0.007124
0 0.336779 0.386982 0.006250 0.008420
0 0.314904 0.439119 0.007692 0.012953
0 0.330048 0.458549 0.006250 0.007772
0 0.335096 0.454663 0.006731 0.007772
0 0.383654 0.379534 0.005769 0.009067
0 0.376683 0.410298 0.007212 0.008420
0 0.336538 0.328044 0.007692 0.009715
0 0.357212 0.314767 0.007692 0.009067
0 0.392308 0.318005 0.003846 0.005181
0 0.405288 0.367876 0.007692 0.010363
0 0.416587 0.332902 0.004327 0.006477
0 0.423077 0.341969 0.006731 0.009067
0 0.428846 0.340026 0.006731 0.009067
0 0.455288 0.349093 0.004808 0.009067
0 0.460817 0.382448 0.007212 0.013601
0 0.429808 0.368847 0.005769 0.008420
0 0.433173 0.386334 0.006731 0.009715
0 0.434856 0.397992 0.003365 0.004534
0 0.432212 0.416451 0.006731 0.009067
0 0.388702 0.429080 0.005288 0.008420
0 0.393990 0.522668 0.005288 0.006477
0 0.392548 0.541451 0.004327 0.005181
0 0.362019 0.492552 0.004808 0.007124
0 0.423798 0.566062 0.005288 0.007772
0 0.433894 0.562824 0.009135 0.011658
0 0.435817 0.571567 0.006250 0.008420
0 0.430769 0.569948 0.005769 0.007772
0 0.437260 0.608484 0.005288 0.007124
0 0.450721 0.602008 0.006250 0.008420
0 0.387019 0.607189 0.005769 0.007124
0 0.368750 0.605894 0.008654 0.008420
0 0.363462 0.618199 0.005769 0.008420
0 0.364663 0.635363 0.007212 0.007772
0 0.383894 0.646373 0.009135 0.015544
0 0.383654 0.659650 0.003846 0.004534
0 0.408654 0.664832 0.005769 0.005829
0 0.435096 0.653497 0.005769 0.009067
0 0.397596 0.610104 0.002885 0.003886
0 0.402404 0.653497 0.003846 0.005181
0 0.149760 0.026878 0.012019 0.016192
0 0.137740 0.059262 0.008173 0.012306
0 0.157933 0.006153 0.009135 0.011010
0 0.168750 0.009391 0.007692 0.012306
0 0.198798 0.033679 0.014904 0.012953
0 0.158654 0.053433 0.003846 0.005829
0 0.186298 0.057966 0.004327 0.007124
0 0.192308 0.068653 0.007692 0.010363
0 0.281971 0.087111 0.007212 0.011010
0 0.305529 0.067681 0.004327 0.004534
0 0.307212 0.051490 0.002885 0.004534
0 0.283173 0.053109 0.003846 0.003886
0 0.328125 0.036917 0.005288 0.007772
0 0.334615 0.039508 0.003846 0.006477
0 0.342548 0.039832 0.005288 0.007124
0 0.323317 0.064767 0.007212 0.009067
0 0.351442 0.051490 0.004808 0.008420
0 0.360817 0.058290 0.004327 0.007772
0 0.376442 0.075777 0.006731 0.009067
0 0.387981 0.012306 0.009615 0.012953
0 0.392548 0.035622 0.005288 0.007772
0 0.436779 0.002591 0.004327 0.003886
0 0.402885 0.001619 0.005769 0.001943
0 0.433413 0.072215 0.010096 0.013601
0 0.439904 0.066386 0.004808 0.007124
0 0.444231 0.072539 0.004808 0.006477
0 0.444712 0.079663 0.004808 0.006477
0 0.453606 0.056995 0.006250 0.007772
0 0.459375 0.043718 0.005288 0.005829
0 0.471635 0.066710 0.006731 0.010363
0 0.481731 0.044689 0.004808 0.006477
0 0.480288 0.080959 0.004808 0.006477
0 0.563942 0.022021 0.005769 0.007772
0 0.553606 0.061852 0.004327 0.007124
0 0.606010 0.023316 0.003365 0.003886
0 0.609615 0.045661 0.005769 0.007124
0 0.631010 0.030117 0.003365 0.004534
0 0.655529 0.038212 0.004327 0.006477
0 0.659135 0.048899 0.004808 0.007124
0 0.653125 0.059585 0.004327 0.006477
0 0.651202 0.071244 0.005288 0.007772
0 0.637500 0.068329 0.004808 0.007124
0 0.687019 0.063795 0.004808 0.005829
0 0.709615 0.085168 0.004808 0.005829
0 0.721394 0.089378 0.005288 0.007772
0 0.744712 0.080635 0.005769 0.007124
0 0.742788 0.059909 0.003846 0.005829
0 0.753365 0.037241 0.005769 0.009715
0 0.772115 0.031736 0.006731 0.007772
0 0.772837 0.038212 0.006250 0.007772
0 0.787500 0.020402 0.005769 0.007124
0 0.803365 0.026231 0.006731 0.009715
0 0.786538 0.054404 0.003846 0.006477
0 0.760096 0.070596 0.004808 0.006477
0 0.765625 0.086788 0.005288 0.007772
0 0.804808 0.078692 0.004808 0.008420
0 0.831971 0.044041 0.008173 0.011658
0 0.839183 0.035622 0.003365 0.006477
0 0.850962 0.011982 0.005769 0.005829
0 0.846394 0.066062 0.005288 0.007772
0 0.849519 0.072215 0.005769 0.008420
0 0.513702 0.372733 0.004327 0.005829
0 0.521635 0.373057 0.006731 0.007772
0 0.532692 0.312176 0.008654 0.010363
0 0.546875 0.328368 0.006250 0.006477
0 0.550000 0.345207 0.003846 0.006477
0 0.550962 0.375324 0.004808 0.005829
0 0.567548 0.326101 0.003365 0.005829
0 0.578365 0.314767 0.004808 0.006477
0 0.594712 0.301166 0.004808 0.005181
0 0.604567 0.308290 0.005288 0.006477
0 0.573077 0.420013 0.005769 0.009715
0 0.578365 0.417098 0.004808 0.007772
0 0.582452 0.412889 0.006250 0.008420
0 0.596154 0.373381 0.005769 0.008420
0 0.606731 0.401878 0.006731 0.009715
0 0.549519 0.436852 0.004808 0.008420
0 0.509856 0.502267 0.006250 0.008420
0 0.515144 0.566386 0.005288 0.007124
0 0.520433 0.568329 0.006250 0.009715
0 0.527885 0.550518 0.003846 0.006477
0 0.549519 0.514249 0.008654 0.010363
0 0.552163 0.490933 0.007212 0.009067
0 0.550240 0.470855 0.006250 0.007772
0 0.593269 0.465350 0.005769 0.008420
0 0.552163 0.545013 0.005288 0.008420
0 0.525962 0.614637 0.004808 0.006477
0 0.523558 0.657383 0.003846 0.006477
0 0.550000 0.662241 0.006731 0.008420
0 0.667548 0.575453 0.012981 0.020078
0 0.694471 0.552137 0.014904 0.018782
0 0.703846 0.656412 0.007692 0.009715
0 0.717788 0.664832 0.007692 0.011010
0 0.721635 0.659650 0.003846 0.005829
0 0.609375 0.657383 0.007212 0.006477
0 0.645913 0.363990 0.007212 0.007772
0 0.662740 0.364313 0.007212 0.008420
0 0.662981 0.376295 0.006731 0.009067
0 0.643269 0.395402 0.004808 0.005829
0 0.633173 0.428109 0.006731 0.009067
0 0.635577 0.436528 0.003846 0.005181
0 0.683413 0.387630 0.007212 0.008420
0 0.690385 0.399288 0.007692 0.009715
0 0.651923 0.312824 0.004808 0.005181
0 0.655769 0.306671 0.005769 0.005829
0 0.658413 0.300518 0.006250 0.007772
0 0.680769 0.311528 0.007692 0.010363
0 0.701923 0.325777 0.006731 0.009067
0 0.728846 0.342617 0.007692 0.010363
0 0.755288 0.335492 0.006731 0.009067
0 0.774760 0.308938 0.007212 0.009067
0 0.831971 0.334197 0.006250 0.010363
0 0.780288 0.347474 0.006731 0.008420
0 0.787500 0.383744 0.007692 0.009715
0 0.739423 0.386010 0.007692 0.012953
0 0.818510 0.552137 0.008173 0.011010
0 0.792067 0.601360 0.009135 0.013601
0 0.838221 0.658031 0.008173 0.011658
0 0.821635 0.631477 0.004808 0.007772
0 0.823798 0.672927 0.006250 0.009067
0 0.981010 0.029793 0.009135 0.012953
0 0.969231 0.869171 0.006731 0.011658
0 0.552404 0.568977 0.002885 0.004534
0 0.563462 0.593264 0.002885 0.003886
0 0.556731 0.591969 0.002885 0.005181
0 0.560577 0.603627 0.003846 0.005181
0 0.562260 0.620790 0.004327 0.004534
0 0.617067 0.608808 0.005288 0.007772
0 0.565865 0.527850 0.003846 0.005181
0 0.160577 0.931023 0.006731 0.008420
0 0.156971 0.943005 0.008173 0.009067
0 0.144952 0.954339 0.009135 0.011010
0 0.207692 0.924223 0.006731 0.009067
0 0.214663 0.920337 0.012019 0.012953
0 0.241106 0.905117 0.007212 0.009715
0 0.279567 0.868199 0.009135 0.012306
0 0.293750 0.848446 0.005769 0.009067
0 0.319231 0.874028 0.007692 0.013601
0 0.331731 0.882124 0.010577 0.014249
0 0.301442 0.895402 0.005769 0.008420
0 0.257933 0.890544 0.002404 0.003886
0 0.235337 0.847798 0.005288 0.005181
0 0.180288 0.863018 0.004808 0.008420
0 0.238462 0.958549 0.004808 0.005181
0 0.241827 0.961464 0.004808 0.007124
0 0.241587 0.969560 0.005288 0.007772
0 0.202163 0.985427 0.005288 0.008420
0 0.262500 0.990609 0.008654 0.011010
0 0.373317 0.974417 0.007212 0.009715
0 0.425000 0.957578 0.010577 0.014896
0 0.436538 0.977979 0.012500 0.016839
0 0.455288 0.889573 0.011538 0.018782
0 0.449519 0.902526 0.007692 0.013601
0 0.131731 0.908679 0.003846 0.005181
0 0.192548 0.935881 0.003365 0.005181
0 0.173558 0.759391 0.004808 0.008420
0 0.178606 0.764573 0.003365 0.005829
0 0.551683 0.880829 0.005288 0.006477
0 0.562260 0.863666 0.006250 0.005829
0 0.584375 0.872409 0.006250 0.009067
0 0.588942 0.880505 0.004808 0.008420
0 0.612260 0.864313 0.005288 0.007124
0 0.644712 0.881153 0.006731 0.008420
0 0.648077 0.855570 0.006731 0.007772
0 0.648317 0.894430 0.008173 0.009067
0 0.629087 0.913860 0.007212 0.009067
0 0.604087 0.938472 0.006250 0.010363
0 0.593269 0.960168 0.005769 0.008420
0 0.660817 0.985427 0.004327 0.007124
0 0.655288 0.993847 0.003846 0.004534
0 0.645192 0.978303 0.007692 0.012306
0 0.645913 0.946891 0.005288 0.007772
0 0.606971 0.969883 0.004327 0.008420
0 0.599038 0.989313 0.005769 0.007124
0 0.703606 0.969236 0.007212 0.008420
0 0.712981 0.958225 0.005769 0.008420
0 0.712981 0.860427 0.005769 0.008420
0 0.710337 0.868847 0.007212 0.009715
0 0.711298 0.880181 0.006250 0.009067
0 0.714904 0.899288 0.005769 0.007124
0 0.733173 0.879534 0.006731 0.010363
0 0.747837 0.918394 0.006250 0.009067
0 0.764423 0.899935 0.007692 0.011010
0 0.793269 0.948187 0.007692 0.010363
0 0.797115 0.941062 0.008654 0.010363
0 0.774279 0.917746 0.004327 0.005181
0 0.815625 0.921308 0.007212 0.009715
0 0.827885 0.895078 0.007692 0.009067
0 0.807692 0.872085 0.007692 0.008420
0 0.880769 0.888277 0.006731 0.009715
0 0.903846 0.925842 0.006731 0.011010
