0 0.953606 0.160622 0.006250 0.007772
0 0.941827 0.250648 0.005769 0.010363
0 0.783413 0.244495 0.011058 0.011010
0 0.859856 0.173899 0.006250 0.014896
0 0.776202 0.215026 0.004327 0.005181
0 0.777163 0.226360 0.011058 0.009715
0 0.747596 0.061528 0.009615 0.010363
0 0.690144 0.064119 0.014904 0.015544
0 0.646875 0.022992 0.009135 0.007124
0 0.630769 0.051166 0.009615 0.012953
0 0.664663 0.056347 0.006250 0.009067
0 0.670673 0.072863 0.006731 0.008420
0 0.694471 0.105894 0.009135 0.008420
0 0.660817 0.107837 0.013942 0.016192
0 0.527644 0.045984 0.007212 0.010363
0 0.585577 0.085816 0.005769 0.008420
0 0.533894 0.130829 0.006250 0.010363
0 0.568750 0.207902 0.005769 0.010363
0 0.540625 0.232837 0.008173 0.012306
0 0.570192 0.251619 0.008654 0.014896
0 0.471875 0.137953 0.008173 0.007772
0 0.465144 0.167098 0.007212 0.009067
0 0.415625 0.185233 0.007212 0.009067
0 0.452163 0.213083 0.005288 0.006477
0 0.336058 0.237047 0.008654 0.018135
0 0.418750 0.206930 0.006731 0.012306
0 0.403125 0.267811 0.009135 0.011010
0 0.400240 0.194624 0.009135 0.014896
0 0.219471 0.246114 0.010096 0.014249
0 0.292548 0.243199 0.007212 0.013601
0 0.315625 0.132772 0.008173 0.007772
0 0.393750 0.085816 0.007692 0.012306
0 0.241827 0.153821 0.013462 0.009715
0 0.187019 0.114961 0.010577 0.011010
0 0.195913 0.042422 0.008173 0.008420
0 0.229567 0.015544 0.011058 0.014249
0 0.287981 0.006801 0.010577 0.009715
0 0.276202 0.070272 0.009135 0.009715
0 0.250481 0.092940 0.009615 0.009715
0 0.104567 0.137630 0.007212 0.012306
0 0.157452 0.136658 0.009135 0.014249
0 0.333413 0.507772 0.010096 0.010363
0 0.279808 0.587435 0.009615 0.011658
0 0.428365 0.559909 0.007692 0.008420
0 0.414183 0.586788 0.009135 0.015544
0 0.345673 0.526878 0.007692 0.012306
0 0.258173 0.643459 0.013462 0.016192
0 0.244471 0.575453 0.008173 0.012306
0 0.301202 0.587759 0.010096 0.011010
0 0.310577 0.709521 0.006731 0.009715
0 0.285577 0.766516 0.011538 0.011010
0 0.290865 0.781412 0.010577 0.012306
0 0.244231 0.685881 0.007692 0.007772
0 0.221154 0.603303 0.008654 0.009715
0 0.223558 0.631477 0.006731 0.007772
0 0.330769 0.832254 0.006731 0.011658
0 0.203606 0.727979 0.007212 0.010363
0 0.224519 0.716969 0.009615 0.011658
0 0.208173 0.753562 0.007692 0.013601
0 0.222596 0.739961 0.007692 0.013601
0 0.141346 0.845855 0.009615 0.011658
0 0.221635 0.647021 0.009615 0.010363
0 0.199038 0.659326 0.008654 0.010363
0 0.768269 0.540155 0.008654 0.014249
0 0.657692 0.592293 0.008654 0.012306
0 0.679567 0.618523 0.009135 0.010363
0 0.612740 0.588407 0.007212 0.009715
0 0.571154 0.656088 0.005769 0.011658
0 0.572596 0.584521 0.009615 0.018782
0 0.556731 0.695596 0.006731 0.011658
0 0.562981 0.709845 0.012500 0.006477
0 0.504808 0.809262 0.013462 0.013601
0 0.800000 0.757448 0.006731 0.012306
0 0.920673 0.693005 0.007692 0.014249
0 0.952885 0.733484 0.006731 0.012306
0 0.905769 0.829987 0.011538 0.007124
0 0.992788 0.635363 0.007692 0.014249
0 0.993510 0.494171 0.006250 0.007772
0 0.891106 0.512630 0.011058 0.008420
0 0.884615 0.588731 0.010577 0.012953
0 0.966587 0.593588 0.012019 0.012306
0 0.945913 0.506477 0.007212 0.009067
0 0.344231 0.836788 0.007692 0.007772
0 0.100240 0.824482 0.009135 0.011658
0 0.688462 0.760363 0.006731 0.007772
0 0.539183 0.746438 0.007212 0.011010
0 0.525240 0.817034 0.006250 0.008420
0 0.557933 0.851360 0.007212 0.007124
0 0.037500 0.533355 0.006731 0.009715
0 0.118029 0.504858 0.007212 0.008420
0 0.200240 0.503562 0.007212 0.008420
0 0.052885 0.492876 0.007692 0.009067
0 0.026923 0.543394 0.006731 0.009067
0 0.025721 0.556671 0.006250 0.009715
0 0.028606 0.574806 0.009135 0.014896
0 0.014183 0.618847 0.006250 0.009715
0 0.032933 0.678433 0.008173 0.008420
0 0.054087 0.761982 0.006250 0.011010
0 0.043029 0.780764 0.005288 0.008420
0 0.041827 0.797927 0.006731 0.009067
0 0.038221 0.721179 0.000481 0.001943
0 0.004327 0.375972 0.007692 0.011010
0 0.023077 0.416775 0.007692 0.009715
0 0.038942 0.336464 0.007692 0.012306
0 0.030769 0.138601 0.006731 0.009067
0 0.039423 0.153821 0.008654 0.012306
0 0.056250 0.144106 0.006731 0.009715
0 0.035337 0.124676 0.007212 0.008420
0 0.607212 0.003238 0.008654 0.005181
0 0.996635 0.714702 0.006731 0.014896
