1 0.344952 0.534974 0.011058 0.014249
1 0.307212 0.633096 0.010577 0.012306
1 0.485096 0.602979 0.011538 0.015544
1 0.407212 0.367876 0.007692 0.010363
1 0.322596 0.362694 0.005769 0.007772
1 0.071875 0.407060 0.007212 0.007124
1 0.194712 0.131153 0.005769 0.007124
1 0.157452 0.087759 0.010096 0.012306
1 0.762740 0.699806 0.006250 0.009715
0 0.891106 0.279469 0.055288 0.070596
0 0.540865 0.806347 0.054808 0.079016
0 0.653846 0.605894 0.048077 0.071891
0 0.208413 0.586140 0.055288 0.062176
0 0.639183 0.980246 0.049519 0.039508
2 0.224760 0.041451 0.019712 0.032383
2 0.173317 0.021373 0.022596 0.040155
2 0.275721 0.050194 0.027404 0.051166
2 0.031490 0.116904 0.031250 0.047280
2 0.067308 0.055376 0.032692 0.048575
2 0.013702 0.044365 0.026442 0.056347
