0 0.982212 0.018135 0.004808 0.011658
0 0.990144 0.023964 0.004327 0.012953
0 0.950000 0.054728 0.007692 0.013601
0 0.917548 0.047927 0.011058 0.010363
0 0.913221 0.014573 0.013942 0.014896
0 0.864423 0.023316 0.002885 0.010363
0 0.840625 0.056995 0.008173 0.007772
0 0.849038 0.058614 0.007692 0.009715
0 0.827404 0.018135 0.012500 0.011658
0 0.795913 0.037241 0.010096 0.020078
0 0.777644 0.026231 0.008173 0.012306
0 0.780048 0.044365 0.005288 0.005829
0 0.751923 0.034650 0.008654 0.013601
0 0.756490 0.014573 0.004327 0.008420
0 0.705529 0.024611 0.006250 0.007772
0 0.710577 0.034003 0.008654 0.007124
0 0.723798 0.050518 0.006250 0.007772
0 0.716587 0.055376 0.005288 0.009715
0 0.696635 0.066386 0.009615 0.007124
0 0.640144 0.063795 0.013942 0.009715
0 0.639663 0.081282 0.006250 0.009715
0 0.604808 0.074482 0.008654 0.009067
0 0.596875 0.082578 0.007212 0.009715
0 0.594231 0.046308 0.011538 0.009715
0 0.611779 0.043394 0.007212 0.011658
0 0.659615 0.008420 0.009615 0.009067
0 0.506010 0.031736 0.008173 0.011658
0 0.520913 0.043070 0.007212 0.009715
0 0.496635 0.056023 0.005769 0.008420
0 0.539183 0.066062 0.009135 0.011658
0 0.555288 0.064767 0.007692 0.006477
0 0.563942 0.032383 0.008654 0.010363
0 0.533413 0.012953 0.007212 0.009067
0 0.528606 0.127591 0.009135 0.012953
0 0.451683 0.129858 0.008173 0.007124
0 0.555288 0.125324 0.007692 0.009715
0 0.642548 0.131801 0.008173 0.008420
0 0.682933 0.132772 0.010096 0.010363
0 0.728606 0.125324 0.005288 0.009715
0 0.818029 0.124352 0.012019 0.010363
0 0.917308 0.121762 0.012500 0.015544
0 0.431490 0.067681 0.009135 0.009715
0 0.422596 0.034003 0.007692 0.011010
0 0.371875 0.063795 0.008173 0.011010
0 0.342308 0.044365 0.008654 0.011010
0 0.343750 0.031736 0.007692 0.009067
0 0.355769 0.029793 0.007692 0.006477
0 0.364183 0.039184 0.004327 0.007124
0 0.295913 0.056995 0.007212 0.010363
0 0.313462 0.009715 0.006731 0.007772
0 0.303365 0.130181 0.006731 0.011658
0 0.232692 0.064443 0.011538 0.009715
0 0.175240 0.082578 0.011058 0.014896
0 0.145433 0.044689 0.010096 0.009067
0 0.147837 0.067358 0.008173 0.010363
0 0.102885 0.073834 0.011538 0.012953
0 0.136538 0.068977 0.005769 0.009715
0 0.090385 0.139249 0.010577 0.014249
0 0.241827 0.128562 0.008654 0.011010
0 0.964423 0.124676 0.007692 0.012306
0 0.995433 0.118847 0.005288 0.008420
0 0.982452 0.117552 0.006250 0.007124
0 0.881250 0.284650 0.009615 0.009715
0 0.877404 0.333225 0.010577 0.016192
0 0.863221 0.349417 0.012019 0.014896
0 0.983654 0.387306 0.010577 0.014249
0 0.989183 0.412241 0.007212 0.009715
0 0.977163 0.435557 0.007212 0.013601
0 0.920192 0.464054 0.010577 0.013601
0 0.924279 0.492228 0.010096 0.015544
0 0.987740 0.516192 0.008173 0.012953
0 0.924519 0.534974 0.006731 0.010363
0 0.940625 0.510039 0.008173 0.011010
0 0.953606 0.556347 0.007212 0.015544
0 0.970433 0.559585 0.008173 0.011658
0 0.971154 0.526878 0.007692 0.011010
0 0.992308 0.485427 0.004808 0.012306
0 0.987260 0.502591 0.005288 0.009067
0 0.859135 0.570272 0.006731 0.011010
0 0.882692 0.605246 0.009615 0.011010
0 0.885577 0.663536 0.009615 0.009715
0 0.786779 0.341969 0.006250 0.011658
0 0.774760 0.310233 0.006250 0.009067
0 0.736538 0.305699 0.006731 0.009067
0 0.733173 0.316386 0.010577 0.011010
0 0.712500 0.319301 0.011538 0.012953
0 0.694952 0.303756 0.009135 0.009067
0 0.696875 0.335168 0.005288 0.009715
0 0.748317 0.362694 0.008173 0.010363
0 0.724519 0.361399 0.010577 0.012953
0 0.764904 0.386658 0.006731 0.009067
0 0.781731 0.376295 0.005769 0.006477
0 0.788462 0.573510 0.006731 0.008420
0 0.736538 0.589054 0.004808 0.007124
0 0.724279 0.585816 0.005288 0.012306
0 0.716587 0.544689 0.007212 0.011658
0 0.730529 0.555052 0.005288 0.006477
0 0.778606 0.620466 0.006250 0.014249
0 0.708413 0.633744 0.009135 0.009715
0 0.702644 0.642811 0.009135 0.011010
0 0.769231 0.602979 0.005769 0.007772
0 0.774519 0.610104 0.006731 0.005181
0 0.641587 0.296956 0.007212 0.011010
0 0.722596 0.341321 0.006731 0.009067
0 0.478606 0.309262 0.005288 0.011010
0 0.463702 0.313148 0.006250 0.008420
0 0.484615 0.339054 0.005769 0.009715
0 0.472356 0.366256 0.008173 0.008420
0 0.466587 0.385363 0.006250 0.012953
0 0.473558 0.568977 0.008654 0.013601
0 0.457692 0.577720 0.007692 0.015544
0 0.472837 0.635687 0.010096 0.011010
0 0.480288 0.621438 0.007692 0.011010
0 0.497596 0.617552 0.007692 0.009715
0 0.501683 0.631801 0.007212 0.011010
0 0.467548 0.658355 0.004327 0.005829
0 0.531010 0.651554 0.011058 0.016839
0 0.594952 0.659003 0.009135 0.007124
0 0.538221 0.544689 0.006250 0.012953
0 0.552885 0.541127 0.008654 0.013601
0 0.566827 0.570272 0.005769 0.011010
0 0.590144 0.570920 0.007212 0.009715
0 0.618750 0.568005 0.009615 0.014249
0 0.612981 0.588731 0.007692 0.009067
0 0.662500 0.539832 0.008654 0.009715
0 0.636779 0.537241 0.008173 0.012306
0 0.679087 0.511010 0.008173 0.011658
0 0.655288 0.496762 0.012500 0.019430
0 0.664183 0.467293 0.009135 0.016192
0 0.500962 0.462111 0.008654 0.011010
0 0.524279 0.397668 0.010096 0.012953
0 0.532452 0.461788 0.007212 0.015544
0 0.540865 0.464054 0.004808 0.009715
0 0.591106 0.414184 0.007212 0.008420
0 0.573317 0.423899 0.006250 0.009715
0 0.578125 0.436852 0.008173 0.008420
0 0.592788 0.439767 0.005769 0.007772
0 0.584615 0.447539 0.004808 0.006477
0 0.591106 0.450130 0.004327 0.006477
0 0.581490 0.483484 0.007212 0.012306
0 0.590144 0.498381 0.008173 0.007124
0 0.619231 0.497085 0.007692 0.012306
0 0.601442 0.469560 0.006731 0.007772
0 0.599038 0.480894 0.012500 0.009715
0 0.632452 0.474417 0.007212 0.009715
0 0.626683 0.522668 0.006250 0.009067
0 0.627644 0.544365 0.008173 0.008420
0 0.659856 0.437176 0.007212 0.009067
0 0.644952 0.446567 0.008173 0.009715
0 0.627163 0.451425 0.007212 0.009067
0 0.634615 0.428109 0.012500 0.012953
0 0.647356 0.428433 0.006250 0.008420
0 0.666346 0.421632 0.004808 0.006477
0 0.659856 0.387630 0.007212 0.009715
0 0.619471 0.382772 0.012981 0.012953
0 0.601202 0.370466 0.009135 0.010363
0 0.586779 0.352332 0.006250 0.009067
0 0.576923 0.362694 0.010577 0.014249
0 0.555288 0.477008 0.008654 0.014896
0 0.402885 0.395402 0.005769 0.011010
0 0.394231 0.384391 0.004808 0.009715
0 0.376442 0.396697 0.006731 0.009715
0 0.365865 0.369171 0.010577 0.009067
0 0.377404 0.351360 0.006731 0.008420
0 0.393029 0.352979 0.008173 0.010363
0 0.322596 0.355246 0.007692 0.011010
0 0.304087 0.361075 0.008173 0.011010
0 0.356250 0.341645 0.008654 0.011010
0 0.334615 0.328044 0.008654 0.018782
0 0.352885 0.313148 0.008654 0.012306
0 0.325000 0.306995 0.006731 0.010363
0 0.298077 0.311528 0.012500 0.010363
0 0.254567 0.311205 0.011058 0.012306
0 0.109856 0.321567 0.008173 0.009715
0 0.112260 0.340350 0.007212 0.009715
0 0.099519 0.367876 0.011538 0.011658
0 0.082212 0.373057 0.005769 0.009067
0 0.085577 0.404145 0.007692 0.011658
0 0.022356 0.420337 0.007212 0.014249
0 0.018029 0.500000 0.005288 0.009067
0 0.023798 0.509067 0.009135 0.009067
0 0.014663 0.545984 0.008173 0.014249
0 0.018990 0.616256 0.007212 0.016192
0 0.089183 0.534326 0.005288 0.007772
0 0.095192 0.569624 0.009615 0.017487
0 0.094471 0.588731 0.009135 0.009067
0 0.106490 0.606865 0.011058 0.014249
0 0.133413 0.641516 0.006250 0.009715
0 0.179327 0.652526 0.006731 0.008420
0 0.260337 0.645725 0.008173 0.010363
0 0.294231 0.641192 0.008654 0.012953
0 0.326683 0.596179 0.013942 0.012306
0 0.350240 0.581606 0.007212 0.010363
0 0.358894 0.576425 0.007212 0.010363
0 0.369231 0.581606 0.007692 0.009067
0 0.364904 0.600712 0.006731 0.008420
0 0.367067 0.612370 0.008173 0.007124
0 0.324519 0.618523 0.005769 0.007772
0 0.332212 0.611075 0.006731 0.005829
0 0.403365 0.652202 0.005769 0.007772
0 0.023077 0.045984 0.006731 0.014249
0 0.007452 0.041775 0.011058 0.012306
0 0.019952 0.013925 0.009135 0.013601
0 0.025962 0.096826 0.010577 0.012306
0 0.004567 0.102008 0.008173 0.013601
0 0.003606 0.184585 0.006250 0.015544
0 0.187019 0.353303 0.005769 0.009715
0 0.158654 0.374028 0.007692 0.009715
0 0.151442 0.382124 0.005769 0.010363
0 0.170673 0.383744 0.005769 0.009715
0 0.215625 0.385687 0.007212 0.012306
0 0.241346 0.384715 0.006731 0.009067
0 0.251442 0.397668 0.006731 0.009067
0 0.265385 0.380505 0.007692 0.011010
0 0.192308 0.394754 0.007692 0.009715
0 0.123077 0.433938 0.007692 0.010363
0 0.165385 0.420013 0.008654 0.011010
0 0.182933 0.421308 0.008173 0.014896
0 0.191346 0.408355 0.010577 0.012306
0 0.204808 0.414832 0.008654 0.009715
0 0.231731 0.422280 0.007692 0.010363
0 0.275721 0.428109 0.011058 0.016839
0 0.246875 0.438795 0.007212 0.009715
0 0.242067 0.452720 0.009135 0.011658
0 0.271394 0.463731 0.009135 0.011658
0 0.300962 0.483161 0.006731 0.010363
0 0.310577 0.503238 0.007692 0.010363
0 0.185337 0.456930 0.010096 0.012306
0 0.175240 0.458225 0.006250 0.009715
0 0.126923 0.476036 0.008654 0.010363
0 0.124038 0.540155 0.006731 0.009067
0 0.110096 0.511334 0.005769 0.008420
0 0.153846 0.490609 0.009615 0.012306
0 0.156490 0.503562 0.006250 0.007124
0 0.176683 0.488666 0.007212 0.013601
0 0.197837 0.501943 0.009135 0.010363
0 0.186298 0.500648 0.006250 0.010363
0 0.175000 0.521049 0.005769 0.008420
0 0.254808 0.476684 0.007692 0.009067
0 0.268990 0.489637 0.007212 0.010363
0 0.279087 0.490285 0.009135 0.010363
0 0.211779 0.549547 0.007212 0.012306
0 0.218269 0.457578 0.010577 0.011010
0 0.241587 0.505829 0.009135 0.010363
0 0.246154 0.494819 0.005769 0.010363
0 0.266827 0.514573 0.006731 0.007124
0 0.278846 0.535946 0.006731 0.012306
0 0.294471 0.553756 0.008173 0.010363
0 0.258413 0.561528 0.010096 0.007772
0 0.186298 0.567681 0.008173 0.008420
0 0.155288 0.561205 0.011538 0.011010
0 0.188702 0.555052 0.007212 0.007772
0 0.205048 0.585168 0.009135 0.012306
0 0.181010 0.584845 0.008173 0.011658
0 0.030769 0.697539 0.006731 0.010363
0 0.013702 0.729275 0.008173 0.011658
0 0.946154 0.863342 0.010577 0.018135
0 0.930048 0.890220 0.009135 0.013601
0 0.939183 0.966321 0.009135 0.016839
0 0.923798 0.936852 0.008173 0.017487
0 0.932933 0.923251 0.009135 0.012306
0 0.945433 0.896697 0.009135 0.017487
0 0.860817 0.889573 0.011058 0.018782
0 0.845192 0.893135 0.010577 0.015544
0 0.839663 0.872409 0.012019 0.012953
0 0.818029 0.870142 0.009135 0.012306
0 0.816106 0.933614 0.010096 0.012306
0 0.855288 0.963407 0.010577 0.016192
0 0.843990 0.948834 0.008173 0.015544
0 0.854567 0.943329 0.007212 0.013601
0 0.790865 0.964378 0.006731 0.007772
0 0.794712 0.975712 0.005769 0.009715
0 0.781971 0.990285 0.008173 0.009067
0 0.803846 0.896049 0.006731 0.013601
0 0.783173 0.901554 0.008654 0.010363
0 0.782692 0.887953 0.007692 0.010363
0 0.800481 0.918070 0.007692 0.012306
0 0.768510 0.909003 0.006250 0.011010
0 0.754327 0.872733 0.006731 0.011010
0 0.728846 0.869171 0.010577 0.010363
0 0.714904 0.882772 0.008654 0.012953
0 0.724279 0.916451 0.007212 0.009067
0 0.739423 0.912889 0.004808 0.011010
0 0.746635 0.914184 0.003846 0.008420
0 0.838702 0.859456 0.006250 0.009067
0 0.686298 0.874028 0.009135 0.014896
0 0.679087 0.858484 0.005288 0.007124
0 0.660817 0.840997 0.011058 0.008420
0 0.623317 0.893459 0.010096 0.008420
0 0.616346 0.875000 0.006731 0.009067
0 0.608654 0.868847 0.006731 0.011010
0 0.606731 0.851036 0.006731 0.007772
0 0.541346 0.898316 0.006731 0.010363
0 0.535577 0.908355 0.004808 0.007124
0 0.509375 0.868199 0.006250 0.008420
0 0.512019 0.946567 0.010577 0.009715
0 0.499519 0.961464 0.004808 0.008420
0 0.501202 0.988990 0.006250 0.009067
0 0.548798 0.930052 0.006250 0.009067
0 0.682452 0.978627 0.007212 0.010363
0 0.692308 0.972798 0.006731 0.007772
0 0.693750 0.982189 0.005769 0.007124
0 0.437981 0.861723 0.008654 0.008420
0 0.374760 0.887306 0.009135 0.009067
0 0.352404 0.892163 0.011538 0.011010
0 0.431250 0.915155 0.008654 0.011658
0 0.412740 0.911917 0.009135 0.007772
0 0.337981 0.919041 0.008654 0.011658
0 0.376923 0.935881 0.008654 0.011658
0 0.407692 0.942034 0.004808 0.009715
0 0.420673 0.925518 0.010577 0.012953
0 0.394231 0.950777 0.007692 0.011658
0 0.383173 0.951749 0.008654 0.013601
0 0.366587 0.968264 0.011058 0.010363
0 0.361538 0.985751 0.009615 0.010363
0 0.342788 0.982189 0.007692 0.009715
0 0.332452 0.965997 0.009135 0.012306
0 0.262740 0.865609 0.010096 0.011010
0 0.245673 0.865285 0.009615 0.012953
0 0.183173 0.886334 0.008654 0.011010
0 0.182933 0.864961 0.010096 0.014896
0 0.149760 0.874028 0.007212 0.008420
0 0.148317 0.899611 0.009135 0.011658
0 0.087981 0.899611 0.013462 0.011658
0 0.130288 0.901878 0.005769 0.007124
0 0.125481 0.931671 0.007692 0.013601
0 0.084615 0.946244 0.008654 0.010363
0 0.197596 0.970207 0.006731 0.009067
0 0.204567 0.992228 0.007212 0.009067
