0 0.118510 0.144106 0.010096 0.013601
0 0.211058 0.154793 0.009615 0.010363
0 0.196394 0.130829 0.007212 0.011658
0 0.312019 0.146373 0.004808 0.007772
0 0.518510 0.100712 0.006250 0.007124
0 0.548798 0.090997 0.004327 0.005829
0 0.646635 0.122409 0.004808 0.006477
0 0.727885 0.126943 0.009615 0.010363
0 0.663942 0.166451 0.004808 0.007772
0 0.847596 0.161269 0.007692 0.007772
0 0.860577 0.115285 0.006731 0.011658
0 0.893029 0.175194 0.012981 0.008420
0 0.912981 0.098446 0.007692 0.011658
0 0.936538 0.120466 0.011538 0.011658
0 0.938942 0.104922 0.009615 0.007772
0 0.918029 0.251943 0.009135 0.007772
0 0.897596 0.259067 0.005769 0.010363
0 0.911779 0.319948 0.007212 0.009067
0 0.928606 0.269430 0.004327 0.005181
0 0.919471 0.268459 0.005288 0.008420
0 0.875721 0.293070 0.004327 0.007124
0 0.875962 0.271373 0.004808 0.011658
0 0.821875 0.247409 0.007212 0.007772
0 0.714423 0.258744 0.006731 0.007124
0 0.721394 0.282383 0.006250 0.011658
0 0.700000 0.248381 0.006731 0.008420
0 0.684615 0.251943 0.003846 0.007772
0 0.619231 0.300518 0.008654 0.007772
0 0.410817 0.129534 0.005288 0.007772
0 0.495192 0.255505 0.008654 0.008420
0 0.491587 0.296632 0.009135 0.006477
0 0.293269 0.254858 0.005769 0.007124
0 0.302644 0.318329 0.008173 0.007124
0 0.208173 0.302785 0.006731 0.009715
0 0.234135 0.270078 0.008654 0.009067
0 0.006731 0.298251 0.006731 0.009715
0 0.118510 0.245466 0.004327 0.009067
0 0.064663 0.313148 0.008173 0.005829
0 0.065385 0.291451 0.003846 0.006477
0 0.032692 0.420661 0.007692 0.008420
0 0.027885 0.447215 0.005769 0.008420
0 0.072837 0.422604 0.006250 0.007124
0 0.245913 0.409650 0.010096 0.008420
0 0.242308 0.454016 0.007692 0.006477
0 0.449038 0.427137 0.008654 0.007124
0 0.439904 0.465674 0.006731 0.009067
0 0.627163 0.136010 0.006250 0.007772
0 0.843510 0.411593 0.006250 0.009715
0 0.862019 0.433614 0.007692 0.013601
0 0.944231 0.574806 0.005769 0.007124
0 0.888462 0.583873 0.005769 0.005829
0 0.913942 0.604922 0.004808 0.007772
0 0.891106 0.600712 0.005288 0.007124
0 0.854567 0.557319 0.004327 0.005829
0 0.813462 0.547604 0.004808 0.007124
0 0.790865 0.606218 0.003846 0.007772
0 0.692548 0.602655 0.004327 0.007124
0 0.737260 0.616904 0.005288 0.007124
0 0.681250 0.567034 0.004808 0.007124
0 0.680529 0.588407 0.004327 0.005829
0 0.632933 0.614961 0.007212 0.008420
0 0.643269 0.545013 0.005769 0.009715
0 0.317788 0.272668 0.002885 0.005181
0 0.443750 0.626295 0.005769 0.009067
0 0.429808 0.572863 0.007692 0.012306
0 0.418269 0.547280 0.004808 0.007772
0 0.413942 0.586140 0.005769 0.010363
0 0.416106 0.604275 0.005288 0.006477
0 0.341106 0.565091 0.006250 0.008420
0 0.327163 0.586788 0.005288 0.006477
0 0.297356 0.598122 0.005288 0.009715
0 0.317308 0.607189 0.004808 0.005829
0 0.205529 0.577396 0.006250 0.005829
0 0.137981 0.571891 0.006731 0.006477
0 0.121875 0.610751 0.011058 0.009067
0 0.234856 0.702073 0.005288 0.007772
0 0.308654 0.744171 0.005769 0.007772
0 0.456971 0.742228 0.006250 0.007772
0 0.023558 0.746762 0.006731 0.007772
0 0.006731 0.566386 0.008654 0.009715
0 0.495192 0.876295 0.006731 0.006477
0 0.454808 0.894754 0.004808 0.007124
0 0.450000 0.911917 0.005769 0.006477
0 0.658413 0.781088 0.004327 0.006477
0 0.661779 0.867228 0.005288 0.007772
0 0.856490 0.886334 0.003365 0.007124
0 0.877644 0.719236 0.005288 0.005829
0 0.628365 0.696244 0.004808 0.006477
0 0.121875 0.170661 0.005288 0.007124
0 0.113702 0.101684 0.004327 0.007772
0 0.094471 0.083549 0.004327 0.005181
0 0.658413 0.592617 0.004327 0.007772
0 0.614183 0.560557 0.004327 0.005829
0 0.630288 0.552461 0.003846 0.006477
0 0.700962 0.587435 0.003846 0.006477
0 0.714183 0.543070 0.005288 0.008420
0 0.187260 0.558290 0.005288 0.006477
