0 0.967788 0.384391 0.009615 0.017487
0 0.931250 0.476360 0.005769 0.020078
0 0.883654 0.461464 0.007692 0.013601
0 0.894471 0.513601 0.008173 0.010363
0 0.904087 0.356541 0.011058 0.014896
0 0.742067 0.085168 0.009135 0.016192
0 0.708173 0.086788 0.009615 0.006477
0 0.644712 0.089054 0.013462 0.016192
0 0.529087 0.083225 0.008173 0.014896
0 0.354327 0.022345 0.011538 0.012306
0 0.358173 0.006477 0.008654 0.010363
0 0.145433 0.047604 0.014904 0.014896
0 0.107933 0.011334 0.014904 0.009715
0 0.061779 0.014249 0.009135 0.010363
0 0.091106 0.032383 0.011058 0.009067
0 0.210096 0.090674 0.014423 0.012953
0 0.189663 0.089378 0.009135 0.009067
0 0.288221 0.336464 0.011058 0.017487
0 0.287260 0.297927 0.012019 0.014249
0 0.299279 0.287565 0.008173 0.011658
0 0.173798 0.328368 0.016827 0.018135
0 0.150481 0.333873 0.009615 0.014896
0 0.097837 0.364313 0.015865 0.016192
0 0.198077 0.367228 0.009615 0.011658
0 0.189904 0.411593 0.008654 0.012306
0 0.202885 0.438148 0.008654 0.012306
0 0.238942 0.440738 0.017308 0.025259
0 0.048558 0.590350 0.015385 0.022668
0 0.280288 0.590350 0.012500 0.012306
0 0.303846 0.592617 0.012500 0.011658
0 0.307452 0.607513 0.009135 0.009067
0 0.112019 0.467293 0.010577 0.012306
0 0.092067 0.490285 0.012019 0.010363
0 0.458413 0.503562 0.008173 0.016192
0 0.450962 0.382124 0.006731 0.011658
0 0.582452 0.526231 0.008173 0.011010
0 0.596394 0.486075 0.011058 0.017487
0 0.629327 0.604922 0.007692 0.012953
0 0.651202 0.554404 0.009135 0.012953
0 0.671394 0.292422 0.007212 0.009715
0 0.697596 0.333549 0.008654 0.010363
0 0.715385 0.534974 0.011538 0.018135
0 0.713462 0.508744 0.009615 0.011010
0 0.679327 0.501295 0.009615 0.014249
0 0.696875 0.602332 0.010096 0.014249
0 0.671875 0.600065 0.012981 0.013601
0 0.870673 0.943977 0.008654 0.012306
0 0.663702 0.870466 0.011058 0.011658
0 0.779808 0.829663 0.008654 0.016839
0 0.498317 0.866256 0.012019 0.013601
0 0.470433 0.862694 0.011058 0.010363
0 0.632692 0.977979 0.007692 0.012953
0 0.588221 0.934585 0.010096 0.011658
0 0.270673 0.838083 0.011538 0.012953
0 0.106010 0.822863 0.009135 0.013601
0 0.219471 0.827396 0.007212 0.009715
0 0.159135 0.957578 0.013462 0.017487
0 0.209375 0.973769 0.012981 0.012306
0 0.355288 0.946244 0.008654 0.015544
0 0.346875 0.894430 0.015865 0.015544
0 0.323798 0.940738 0.011058 0.016192
0 0.322596 0.908355 0.009615 0.014896
0 0.351202 0.910622 0.008173 0.010363
0 0.405048 0.552785 0.010096 0.011010
0 0.450481 0.607189 0.008654 0.009715
0 0.512981 0.510039 0.012500 0.017487
0 0.559375 0.342293 0.011058 0.016192
0 0.540385 0.306995 0.005769 0.010363
0 0.544231 0.421308 0.013462 0.017487
0 0.530769 0.398964 0.010577 0.011658
0 0.547356 0.395725 0.010096 0.007772
