1 0.644471 0.201101 0.021635 0.030440
1 0.746875 0.154145 0.026442 0.033679
1 0.649279 0.120790 0.026442 0.034326
1 0.551683 0.123057 0.010096 0.010363
1 0.467548 0.113666 0.019712 0.027850
1 0.465865 0.177785 0.040385 0.040803
1 0.570192 0.283031 0.025000 0.036269
1 0.415385 0.443005 0.048077 0.067358
1 0.462500 0.324158 0.025962 0.038212
1 0.544231 0.398316 0.044231 0.059585
1 0.670433 0.397992 0.025481 0.043394
1 0.689663 0.277526 0.042788 0.031736
1 0.399760 0.518135 0.009135 0.011658
1 0.513221 0.497409 0.029327 0.038860
1 0.602404 0.502267 0.023077 0.038212
1 0.698558 0.471503 0.019231 0.036269
1 0.699279 0.576101 0.015865 0.022668
1 0.660337 0.528821 0.022596 0.023964
1 0.613702 0.599741 0.006250 0.009067
1 0.577885 0.583225 0.021154 0.018782
1 0.532933 0.595855 0.024519 0.029793
1 0.460096 0.552137 0.048077 0.027850
1 0.419952 0.624028 0.014904 0.021373
1 0.500240 0.825777 0.018750 0.032383
1 0.468029 0.643135 0.009135 0.012953
1 0.747596 0.038212 0.021154 0.025907
1 0.819712 0.081282 0.015385 0.021373
1 0.970192 0.424223 0.022115 0.033679
1 0.882692 0.356865 0.040385 0.031088
1 0.817067 0.422604 0.025481 0.036917
1 0.744712 0.386010 0.021154 0.038860
1 0.754327 0.430376 0.007692 0.017487
1 0.735817 0.528174 0.016827 0.021373
1 0.820433 0.511334 0.009135 0.017487
1 0.907452 0.513277 0.022596 0.044689
1 0.974279 0.558614 0.028365 0.033031
1 0.924279 0.583549 0.012019 0.014249
1 0.778125 0.595855 0.019712 0.042746
1 0.827404 0.553433 0.017308 0.026554
1 0.863702 0.654793 0.022596 0.049223
1 0.943510 0.729275 0.040865 0.038860
1 0.862019 0.748705 0.013462 0.016839
1 0.809135 0.686528 0.023077 0.033679
1 0.788221 0.760687 0.023558 0.034326
1 0.715625 0.770078 0.033173 0.029793
1 0.686058 0.656412 0.059615 0.053756
1 0.549519 0.778821 0.038462 0.030440
1 0.572356 0.716969 0.021635 0.029793
1 0.631250 0.697215 0.014423 0.018782
1 0.587019 0.653821 0.027885 0.029145
1 0.627885 0.780117 0.025962 0.036917
1 0.642067 0.842940 0.019712 0.030440
1 0.576683 0.866904 0.036058 0.029145
1 0.513221 0.880505 0.016827 0.021373
1 0.449760 0.856865 0.034135 0.049223
1 0.467067 0.788212 0.012019 0.012953
1 0.426923 0.745790 0.011538 0.013601
1 0.380529 0.807966 0.012981 0.021373
1 0.392548 0.942358 0.017788 0.020725
1 0.431490 0.934262 0.013942 0.022668
1 0.515144 0.710168 0.028365 0.029145
1 0.365385 0.719560 0.022115 0.053109
1 0.056010 0.527202 0.026442 0.040155
1 0.124519 0.450777 0.025000 0.024611
1 0.165385 0.375648 0.029808 0.041451
1 0.255529 0.317034 0.027404 0.031736
1 0.298798 0.445272 0.037981 0.040803
1 0.227404 0.461788 0.043269 0.031088
1 0.164183 0.562500 0.039904 0.126295
1 0.216106 0.579663 0.011058 0.012953
1 0.278365 0.582902 0.056731 0.058290
1 0.358654 0.598446 0.034615 0.106218
1 0.254327 0.673251 0.040385 0.045984
1 0.193510 0.735104 0.028365 0.076425
1 0.113462 0.657707 0.018269 0.027850
1 0.072596 0.611723 0.035577 0.035622
1 0.039423 0.719560 0.067308 0.059585
1 0.061538 0.884715 0.044231 0.056995
1 0.013462 0.809909 0.025962 0.035622
1 0.156490 0.872733 0.024519 0.027850
1 0.097115 0.953692 0.035577 0.060233
1 0.214183 0.905440 0.016827 0.024611
1 0.244471 0.940738 0.016827 0.026554
1 0.178125 0.971826 0.052404 0.056347
1 0.229087 0.832254 0.061058 0.040155
1 0.335817 0.847474 0.032212 0.093912
1 0.389183 0.893782 0.007212 0.014249
1 0.397596 0.851684 0.005769 0.007772
1 0.061779 0.400583 0.019712 0.022668
1 0.011298 0.366256 0.021635 0.042098
1 0.090865 0.251943 0.063462 0.050518
1 0.324760 0.276878 0.027404 0.039508
1 0.367788 0.214378 0.027885 0.036269
1 0.151683 0.058938 0.011058 0.016839
1 0.342067 0.125324 0.021635 0.026554
1 0.363942 0.033355 0.020192 0.031736
1 0.458654 0.717940 0.021154 0.030440
1 0.515625 0.648640 0.010096 0.009715
2 0.427404 0.676490 0.003846 0.004534
1 0.668510 0.713407 0.006250 0.007124
1 0.739423 0.640868 0.007692 0.011010
3 0.870913 0.860751 0.051442 0.072539
3 0.221635 0.129534 0.050962 0.066062
3 0.239183 0.030764 0.055288 0.038212
3 0.673317 0.148964 0.053365 0.067358
3 0.802163 0.148316 0.053365 0.071244
1 0.871154 0.126619 0.020192 0.026554
1 0.949760 0.147992 0.018750 0.027850
1 0.891106 0.223446 0.020673 0.028497
1 0.800962 0.262953 0.030769 0.042746
2 0.098077 0.292098 0.003846 0.005181
2 0.697115 0.899611 0.003846 0.006477
2 0.340385 0.500648 0.004808 0.005181
1 0.410096 0.264249 0.010577 0.014249
0 0.107452 0.716969 0.007212 0.007772
0 0.895192 0.307966 0.004808 0.005829
