0 0.080288 0.059262 0.014423 0.014896
0 0.051442 0.120790 0.009615 0.020078
0 0.185337 0.124676 0.012981 0.018782
0 0.162740 0.113342 0.007212 0.015544
0 0.185577 0.062176 0.007692 0.009067
0 0.284375 0.100712 0.010096 0.016192
0 0.414183 0.128562 0.012019 0.020078
0 0.451202 0.091645 0.010096 0.023964
0 0.481250 0.113342 0.016346 0.014249
0 0.498317 0.106218 0.006250 0.014249
0 0.579567 0.088083 0.013942 0.014249
0 0.655529 0.070920 0.008173 0.014896
0 0.765865 0.082902 0.010577 0.018135
0 0.801923 0.115609 0.012500 0.011010
0 0.816346 0.094236 0.007692 0.013601
0 0.892788 0.075777 0.010577 0.016839
0 0.860817 0.080959 0.008173 0.016839
0 0.957692 0.390868 0.013462 0.014896
0 0.857933 0.424547 0.008173 0.009715
0 0.868990 0.440738 0.006250 0.007124
0 0.863462 0.641516 0.009615 0.018782
0 0.942548 0.745142 0.011058 0.016192
0 0.973558 0.636982 0.017308 0.014896
0 0.957212 0.608161 0.012500 0.016839
0 0.923077 0.506153 0.007692 0.013601
0 0.938462 0.522668 0.012500 0.015544
0 0.950240 0.497733 0.010096 0.014896
0 0.971154 0.495790 0.013462 0.017487
0 0.993990 0.506477 0.012019 0.014249
0 0.710337 0.431023 0.006250 0.009715
0 0.691827 0.432966 0.009615 0.012306
0 0.801683 0.439119 0.010096 0.014249
0 0.789904 0.461464 0.006731 0.008420
0 0.800000 0.461464 0.006731 0.012306
0 0.510096 0.391516 0.004808 0.007124
0 0.473317 0.486399 0.009135 0.011658
0 0.472837 0.697863 0.010096 0.018782
0 0.492548 0.709197 0.011058 0.018135
0 0.801442 0.718912 0.007692 0.011658
0 0.758654 0.736399 0.006731 0.012953
0 0.715865 0.668718 0.007692 0.008420
0 0.721154 0.744171 0.006731 0.010363
0 0.736538 0.743199 0.008654 0.012306
0 0.631250 0.483161 0.010577 0.011658
0 0.654808 0.548575 0.006731 0.010363
0 0.563221 0.498057 0.006250 0.011658
0 0.525240 0.555052 0.010096 0.011658
0 0.517067 0.577073 0.012981 0.018135
0 0.561538 0.590026 0.010577 0.014249
0 0.536298 0.606218 0.018750 0.018135
0 0.618269 0.588407 0.007692 0.013601
0 0.601442 0.587111 0.006731 0.008420
0 0.621394 0.620142 0.007212 0.009715
0 0.683413 0.550518 0.006250 0.009067
0 0.406490 0.402202 0.006250 0.009067
0 0.388462 0.407707 0.006731 0.009715
0 0.314663 0.417422 0.007212 0.009715
0 0.163221 0.402202 0.008173 0.007772
0 0.106010 0.427785 0.006250 0.007124
0 0.389904 0.494819 0.007692 0.010363
0 0.379567 0.652850 0.010096 0.016839
0 0.408173 0.666451 0.010577 0.018135
0 0.341827 0.679728 0.009615 0.011010
0 0.298077 0.739313 0.008654 0.011010
0 0.117548 0.710816 0.006250 0.009715
0 0.112981 0.670661 0.009615 0.012306
0 0.096875 0.530440 0.005288 0.007772
0 0.143510 0.735427 0.005288 0.007124
0 0.238942 0.692681 0.005769 0.009715
0 0.198317 0.693653 0.011058 0.011658
0 0.180769 0.487047 0.009615 0.010363
0 0.156010 0.487047 0.006250 0.009067
0 0.145673 0.522992 0.005769 0.007124
0 0.242548 0.570920 0.009135 0.011010
0 0.229087 0.609780 0.007212 0.011010
0 0.208654 0.593588 0.007692 0.011010
0 0.206490 0.620790 0.006250 0.009715
0 0.172115 0.619495 0.007692 0.011010
0 0.172596 0.667098 0.011538 0.011658
0 0.162019 0.652526 0.013462 0.016192
0 0.287740 0.610751 0.008173 0.014249
0 0.244231 0.521049 0.006731 0.009715
0 0.218029 0.540479 0.011058 0.013601
0 0.269471 0.480570 0.008173 0.010363
0 0.291106 0.508096 0.007212 0.009715
0 0.231010 0.463731 0.007212 0.010363
0 0.134375 0.985427 0.012981 0.018782
0 0.168029 0.981865 0.013942 0.018135
0 0.333173 0.972150 0.007692 0.011658
0 0.420673 0.968588 0.007692 0.009715
0 0.305769 0.984780 0.006731 0.009715
0 0.394952 0.972474 0.007212 0.007124
0 0.426923 0.982837 0.008654 0.009715
0 0.715385 0.973122 0.017308 0.020078
0 0.692067 0.947863 0.014904 0.012306
0 0.829808 0.989313 0.013462 0.017487
0 0.956250 0.980570 0.011538 0.020725
0 0.777404 0.988990 0.021154 0.012953
0 0.923077 0.731541 0.008654 0.016192
0 0.926923 0.750972 0.009615 0.012306
0 0.561058 0.601036 0.011538 0.014249
0 0.628606 0.571244 0.007212 0.007772
0 0.644952 0.535622 0.006250 0.006477
0 0.560096 0.458873 0.009615 0.008420
0 0.504327 0.751619 0.006731 0.007124
0 0.523558 0.729598 0.006731 0.007124
0 0.745913 0.746762 0.005288 0.006477
0 0.742067 0.750972 0.006250 0.009715
0 0.762500 0.725065 0.005769 0.009715
0 0.226442 0.932642 0.007692 0.009067
0 0.311298 0.982837 0.007212 0.008420
0 0.339423 0.965997 0.005769 0.009715
0 0.344231 0.972798 0.007692 0.010363
0 0.296875 0.611723 0.008173 0.008420
0 0.302885 0.621438 0.006731 0.009715
0 0.283894 0.653174 0.007212 0.008420
0 0.413462 0.640544 0.005769 0.009067
0 0.361058 0.402850 0.006731 0.007772
0 0.330288 0.407383 0.005769 0.006477
0 0.803365 0.477655 0.005769 0.008420
0 0.769471 0.456282 0.004327 0.005829
0 0.768750 0.429080 0.004808 0.007124
0 0.779087 0.437824 0.004327 0.006477
0 0.751923 0.412241 0.005769 0.007124
0 0.732212 0.406736 0.001923 0.003886
0 0.883173 0.412241 0.004808 0.007124
0 0.898558 0.382448 0.003846 0.005829
0 0.951683 0.550842 0.005288 0.008420
0 0.919712 0.567681 0.004808 0.007124
0 0.929567 0.590350 0.005288 0.007124
0 0.709135 0.056995 0.004808 0.006477
0 0.713942 0.059585 0.004808 0.007772
0 0.653365 0.054728 0.006731 0.009715
0 0.557212 0.125648 0.005769 0.007772
0 0.234615 0.698510 0.005769 0.007124
0 0.226923 0.542098 0.008654 0.010363
0 0.240625 0.525259 0.007212 0.009067
0 0.181490 0.497409 0.007212 0.009067
0 0.189663 0.501943 0.006250 0.009067
0 0.163462 0.506801 0.004808 0.007124
0 0.273798 0.463083 0.005288 0.007772
0 0.264663 0.451425 0.005288 0.007772
0 0.231731 0.454016 0.004808 0.005181
0 0.112740 0.437500 0.006250 0.007124
0 0.294952 0.497409 0.005288 0.006477
0 0.263462 0.510039 0.006731 0.008420
0 0.170673 0.576425 0.004808 0.005181
0 0.185817 0.569624 0.006250 0.007124
0 0.186058 0.683614 0.004808 0.008420
0 0.189663 0.684262 0.005288 0.007124
0 0.140385 0.741904 0.006731 0.008420
0 0.132452 0.739637 0.004327 0.007772
0 0.120673 0.695920 0.004808 0.007124
0 0.105529 0.697539 0.004327 0.009067
0 0.113942 0.697539 0.006731 0.007772
0 0.112500 0.703692 0.006731 0.009715
0 0.093990 0.535298 0.004327 0.007124
0 0.095913 0.550518 0.004327 0.007772
0 0.590144 0.590350 0.004327 0.005829
0 0.296635 0.394430 0.004808 0.006477
0 0.393990 0.409326 0.004327 0.005181
0 0.706010 0.436205 0.005288 0.009715
0 0.703125 0.433290 0.004327 0.006477
