0 0.866346 0.060557 0.008654 0.011010
0 0.856971 0.019106 0.013942 0.016192
0 0.762260 0.048575 0.008173 0.015544
0 0.770192 0.061852 0.009615 0.008420
0 0.540865 0.059585 0.007692 0.011658
0 0.487019 0.064767 0.010577 0.015544
0 0.495673 0.040155 0.008654 0.015544
0 0.535096 0.072863 0.008654 0.012306
0 0.823317 0.142487 0.011058 0.014249
0 0.810577 0.144106 0.007692 0.011010
0 0.602404 0.148640 0.012500 0.013601
0 0.559135 0.096503 0.008654 0.010363
0 0.368510 0.015868 0.012019 0.020078
0 0.056731 0.068653 0.013462 0.024611
0 0.043269 0.035622 0.010577 0.014249
0 0.143510 0.089702 0.012981 0.009715
0 0.122115 0.100065 0.008654 0.014896
0 0.280769 0.068977 0.010577 0.011010
0 0.420192 0.159003 0.018269 0.012306
0 0.142548 0.148964 0.009135 0.012953
0 0.985337 0.497409 0.010096 0.015544
0 0.890865 0.505505 0.012500 0.016192
0 0.950240 0.529145 0.009135 0.010363
0 0.937981 0.437176 0.011538 0.012953
0 0.890865 0.432966 0.009615 0.012306
0 0.944231 0.580959 0.007692 0.007772
0 0.731490 0.627267 0.006250 0.012306
0 0.699038 0.652850 0.008654 0.009067
0 0.625721 0.348769 0.009135 0.012306
0 0.726442 0.337111 0.010577 0.012306
0 0.697837 0.328044 0.011058 0.011010
0 0.704808 0.366580 0.007692 0.007772
0 0.573317 0.451425 0.010096 0.014249
0 0.594471 0.486399 0.012981 0.015544
0 0.497115 0.386334 0.007692 0.014896
0 0.465385 0.482837 0.011538 0.014896
0 0.513942 0.456930 0.009615 0.013601
0 0.547596 0.454016 0.010577 0.015544
0 0.556971 0.491256 0.009135 0.012306
0 0.557452 0.514573 0.008173 0.014896
0 0.527885 0.497085 0.008654 0.012306
0 0.514423 0.478951 0.007692 0.013601
0 0.489423 0.491904 0.011538 0.016192
0 0.500962 0.523964 0.010577 0.016839
0 0.533173 0.573834 0.008654 0.015544
0 0.571394 0.587435 0.013942 0.019430
0 0.685577 0.586788 0.010577 0.014249
0 0.705769 0.602008 0.009615 0.016192
0 0.730769 0.579339 0.007692 0.014896
0 0.322115 0.389249 0.012500 0.015544
0 0.318750 0.420337 0.012500 0.018135
0 0.255048 0.366904 0.014904 0.018782
0 0.218750 0.590674 0.009615 0.009067
0 0.081250 0.575453 0.007692 0.014896
0 0.114663 0.471179 0.010096 0.009715
0 0.216346 0.521373 0.008654 0.015544
0 0.189663 0.511334 0.011058 0.018782
0 0.167067 0.481865 0.008173 0.007772
0 0.167788 0.499352 0.004808 0.010363
0 0.217308 0.432642 0.011538 0.010363
0 0.230769 0.439119 0.008654 0.015544
0 0.247356 0.442034 0.011058 0.017487
0 0.126683 0.597474 0.008173 0.013601
0 0.197596 0.547604 0.007692 0.012306
0 0.107692 0.556023 0.007692 0.013601
0 0.131010 0.509067 0.010096 0.009067
0 0.192067 0.400907 0.009135 0.010363
0 0.162740 0.396373 0.009135 0.012953
0 0.316106 0.615285 0.007212 0.010363
0 0.317308 0.589378 0.006731 0.009067
0 0.282933 0.605894 0.008173 0.012306
0 0.282692 0.632124 0.011538 0.010363
0 0.100000 0.656736 0.010577 0.011658
0 0.141827 0.617552 0.009615 0.011010
0 0.173558 0.573510 0.009615 0.012306
0 0.193269 0.582578 0.007692 0.011010
0 0.896394 0.966645 0.010096 0.012306
0 0.863942 0.965997 0.006731 0.012306
0 0.870913 0.928433 0.009135 0.011010
0 0.881490 0.891839 0.008173 0.011658
0 0.899760 0.876943 0.011058 0.014249
0 0.914663 0.868523 0.007212 0.010363
0 0.808413 0.942681 0.006250 0.012306
0 0.774038 0.946891 0.008654 0.015544
0 0.508894 0.924223 0.011058 0.014249
0 0.293029 0.909003 0.015865 0.013601
0 0.258654 0.895402 0.012500 0.016192
0 0.224519 0.906736 0.011538 0.011658
0 0.266346 0.944624 0.014423 0.013601
0 0.286538 0.948834 0.011538 0.019430
0 0.315144 0.954016 0.012981 0.014249
0 0.329327 0.988342 0.011538 0.015544
0 0.361298 0.935233 0.008173 0.010363
0 0.372596 0.992228 0.006731 0.009067
0 0.039904 0.945596 0.008654 0.010363
0 0.053365 0.946244 0.007692 0.011658
0 0.124038 0.963083 0.005769 0.007772
0 0.123798 0.954663 0.006250 0.006477
0 0.068750 0.877591 0.008654 0.010363
0 0.136298 0.892163 0.005288 0.009715
0 0.148558 0.865285 0.005769 0.006477
0 0.251683 0.644430 0.006250 0.007772
0 0.312740 0.651878 0.007212 0.007124
0 0.084856 0.503238 0.005288 0.007772
0 0.088702 0.508744 0.005288 0.008420
0 0.094471 0.514249 0.004327 0.007772
0 0.097356 0.530117 0.005288 0.007124
0 0.112740 0.554080 0.005288 0.008420
0 0.099519 0.440091 0.005769 0.007124
0 0.137500 0.427785 0.005769 0.008420
0 0.154087 0.452396 0.004327 0.008420
0 0.140385 0.460492 0.004808 0.007772
0 0.166106 0.535298 0.005288 0.007124
