0 0.047115 0.308938 0.013462 0.015544
0 0.133413 0.269106 0.012981 0.014896
0 0.035817 0.217293 0.011058 0.017487
0 0.121394 0.151231 0.012019 0.013601
0 0.109856 0.133096 0.012981 0.016192
0 0.096394 0.129210 0.009135 0.013601
0 0.004087 0.135039 0.007212 0.016192
0 0.020913 0.117876 0.007212 0.009067
0 0.147837 0.181347 0.008173 0.015544
0 0.175000 0.154469 0.011538 0.016192
0 0.172115 0.204663 0.011538 0.015544
0 0.191587 0.258096 0.012019 0.013601
0 0.276442 0.310881 0.015385 0.018135
0 0.244231 0.332578 0.013462 0.012306
0 0.282452 0.204663 0.009135 0.015544
0 0.262260 0.177137 0.011058 0.009715
0 0.268269 0.222798 0.010577 0.015544
0 0.318269 0.131801 0.010577 0.017487
0 0.336058 0.202396 0.007692 0.020078
0 0.360096 0.204339 0.006731 0.013601
0 0.349519 0.269430 0.011538 0.012953
0 0.394712 0.231218 0.008654 0.014249
0 0.384375 0.219236 0.008173 0.009715
0 0.415865 0.143135 0.009615 0.014249
0 0.399760 0.255829 0.011058 0.011658
0 0.437500 0.099741 0.006731 0.010363
0 0.527644 0.109456 0.009135 0.012953
0 0.450962 0.114637 0.007692 0.009067
0 0.468510 0.214054 0.009135 0.012306
0 0.486538 0.210816 0.006731 0.007124
0 0.574038 0.174870 0.009615 0.018135
0 0.556250 0.228951 0.009615 0.014896
0 0.541106 0.233808 0.007212 0.009067
0 0.552163 0.244171 0.009135 0.009067
0 0.450481 0.321891 0.013462 0.020725
0 0.468269 0.322215 0.009615 0.016192
0 0.485577 0.316062 0.005769 0.011658
0 0.504808 0.324482 0.008654 0.011658
0 0.491106 0.335168 0.008173 0.009715
0 0.597115 0.205635 0.009615 0.013601
0 0.641587 0.100712 0.009135 0.012306
0 0.627644 0.113018 0.013942 0.020078
0 0.601442 0.225065 0.009615 0.012306
0 0.610817 0.255829 0.008173 0.016839
0 0.636298 0.272992 0.012019 0.014896
0 0.675721 0.332578 0.008173 0.012306
0 0.723558 0.310881 0.011538 0.018135
0 0.742308 0.303756 0.010577 0.012953
0 0.771154 0.201425 0.008654 0.014249
0 0.775721 0.180699 0.010096 0.014249
0 0.675962 0.222150 0.010577 0.015544
0 0.744231 0.095531 0.013462 0.014896
0 0.847837 0.132448 0.009135 0.016192
0 0.806250 0.172927 0.006731 0.011658
0 0.805769 0.220531 0.013462 0.016192
0 0.849760 0.281736 0.007212 0.014249
0 0.826923 0.289832 0.005769 0.011010
0 0.909615 0.207578 0.004808 0.008420
0 0.865144 0.293070 0.006250 0.012306
0 0.923558 0.316386 0.013462 0.013601
0 0.886779 0.309262 0.007212 0.011010
0 0.877404 0.303109 0.004808 0.009067
0 0.872596 0.320272 0.007692 0.012306
0 0.987740 0.181671 0.010096 0.013601
0 0.967548 0.164508 0.008173 0.014249
0 0.986779 0.229922 0.006250 0.011658
0 0.967548 0.237370 0.009135 0.013601
0 0.945192 0.444301 0.008654 0.018135
0 0.970913 0.478951 0.012981 0.020078
0 0.978606 0.568653 0.012981 0.020725
0 0.942788 0.625000 0.006731 0.014249
0 0.906731 0.544689 0.007692 0.010363
0 0.903606 0.512953 0.009135 0.011658
0 0.824519 0.454016 0.012500 0.014249
0 0.849519 0.458225 0.007692 0.008420
0 0.838942 0.471179 0.006731 0.009715
0 0.831731 0.506801 0.006731 0.011010
0 0.832692 0.559262 0.009615 0.014896
0 0.825721 0.582902 0.010096 0.018135
0 0.850962 0.630505 0.007692 0.009715
0 0.861779 0.616256 0.008173 0.009715
0 0.878606 0.631477 0.010096 0.007772
0 0.898317 0.654469 0.006250 0.014896
0 0.906010 0.655440 0.006250 0.010363
0 0.767788 0.582902 0.012500 0.015544
0 0.770192 0.526878 0.008654 0.012306
0 0.734615 0.443653 0.010577 0.012953
0 0.637500 0.456930 0.011538 0.017487
0 0.616587 0.532383 0.009135 0.014249
0 0.622837 0.602979 0.009135 0.012953
0 0.692548 0.519430 0.006250 0.010363
0 0.710577 0.530764 0.012500 0.012306
0 0.688702 0.564767 0.006250 0.009067
0 0.719712 0.624352 0.009615 0.012953
0 0.695673 0.637306 0.007692 0.010363
0 0.684615 0.633420 0.006731 0.007772
0 0.670433 0.642811 0.009135 0.011010
0 0.599279 0.580311 0.010096 0.012953
0 0.703606 0.444948 0.009135 0.011658
0 0.545433 0.461788 0.014904 0.016839
0 0.555769 0.546632 0.010577 0.014249
0 0.549038 0.572863 0.009615 0.017487
0 0.520913 0.640220 0.011058 0.018782
0 0.472837 0.512953 0.010096 0.011658
0 0.465144 0.439119 0.007212 0.009067
0 0.398798 0.571891 0.012019 0.019430
0 0.435577 0.634715 0.013462 0.019430
0 0.473077 0.630505 0.009615 0.014896
0 0.490865 0.625648 0.009615 0.014249
0 0.474038 0.666775 0.007692 0.009715
0 0.484135 0.666775 0.008654 0.011010
0 0.331250 0.523640 0.013462 0.014896
0 0.332692 0.561205 0.007692 0.014896
0 0.331490 0.590997 0.009135 0.014896
0 0.312019 0.430699 0.009615 0.012953
0 0.293750 0.454987 0.008654 0.012306
0 0.225481 0.445596 0.009615 0.015544
0 0.226683 0.421632 0.008173 0.009067
0 0.180529 0.540479 0.009135 0.013601
0 0.171394 0.546632 0.010096 0.012953
0 0.215625 0.613666 0.009135 0.012306
0 0.197356 0.631801 0.008173 0.014896
0 0.229567 0.627591 0.011058 0.011658
0 0.245433 0.641516 0.012019 0.014896
0 0.278365 0.527850 0.009615 0.014249
0 0.261538 0.515868 0.005769 0.009715
0 0.280288 0.667746 0.007692 0.009067
0 0.143269 0.523640 0.007692 0.013601
0 0.005769 0.483484 0.010577 0.012306
0 0.108173 0.471179 0.013462 0.011010
0 0.008894 0.438472 0.008173 0.010363
0 0.123077 0.520078 0.010577 0.012953
0 0.077644 0.533031 0.014904 0.020725
0 0.020192 0.619495 0.009615 0.014896
0 0.081010 0.625972 0.012019 0.012306
0 0.054808 0.666451 0.012500 0.011658
0 0.137260 0.557642 0.010096 0.018135
0 0.097356 0.791775 0.009135 0.009715
0 0.109375 0.788860 0.008173 0.010363
0 0.122837 0.787565 0.006250 0.009067
0 0.106490 0.803109 0.007212 0.011658
0 0.139183 0.834521 0.010096 0.016192
0 0.114423 0.940415 0.013462 0.015544
0 0.128846 0.871114 0.011538 0.012953
0 0.049279 0.857189 0.011058 0.011010
0 0.069952 0.838731 0.010096 0.014249
0 0.082452 0.853627 0.007212 0.010363
0 0.081250 0.874676 0.009615 0.013601
0 0.010096 0.947863 0.011538 0.014896
0 0.028365 0.958225 0.010577 0.014896
0 0.035337 0.986723 0.013942 0.014896
0 0.062260 0.992228 0.010096 0.009067
0 0.218510 0.764249 0.007212 0.009067
0 0.214663 0.800518 0.007212 0.012953
0 0.204327 0.801813 0.006731 0.010363
0 0.210577 0.815415 0.009615 0.009067
0 0.191827 0.830959 0.008654 0.010363
0 0.186058 0.846826 0.007692 0.011010
0 0.301683 0.784326 0.007212 0.011658
0 0.276683 0.860427 0.011058 0.007124
0 0.260096 0.841321 0.005769 0.012953
0 0.248317 0.852655 0.006250 0.008420
0 0.248558 0.873057 0.006731 0.007772
0 0.244471 0.889249 0.006250 0.010363
0 0.281971 0.904469 0.008173 0.008420
0 0.333894 0.915479 0.012019 0.011010
0 0.344471 0.943977 0.011058 0.013601
0 0.293510 0.965350 0.009135 0.011010
0 0.282452 0.976360 0.007212 0.011010
0 0.235337 0.961788 0.010096 0.012953
0 0.220433 0.936205 0.008173 0.012306
0 0.194712 0.932642 0.008654 0.011658
0 0.208654 0.967293 0.010577 0.014896
0 0.250000 0.994819 0.010577 0.009067
0 0.545433 0.790803 0.009135 0.011658
0 0.530529 0.800518 0.011058 0.012953
0 0.516106 0.798251 0.007212 0.011010
0 0.421635 0.764573 0.004808 0.005829
0 0.408413 0.780764 0.008173 0.009715
0 0.437500 0.775907 0.006731 0.010363
0 0.426923 0.777526 0.007692 0.007124
0 0.428846 0.798899 0.009615 0.008420
0 0.382692 0.847150 0.010577 0.014249
0 0.413221 0.859780 0.011058 0.012306
0 0.404567 0.912889 0.010096 0.014896
0 0.458173 0.875648 0.008654 0.012953
0 0.470673 0.887953 0.005769 0.010363
0 0.488221 0.859132 0.007212 0.012306
0 0.492788 0.844236 0.009615 0.013601
0 0.430769 0.966321 0.009615 0.016839
0 0.463702 0.977655 0.008173 0.018782
0 0.455288 0.986399 0.008654 0.014249
0 0.501683 0.956606 0.009135 0.011658
0 0.520433 0.933614 0.008173 0.011010
0 0.529087 0.919689 0.012019 0.011658
0 0.573798 0.882448 0.008173 0.011010
0 0.625240 0.772345 0.009135 0.009715
0 0.661779 0.791775 0.008173 0.007124
0 0.629808 0.827396 0.008654 0.012306
0 0.620673 0.868199 0.007692 0.007124
0 0.606250 0.877267 0.008654 0.011010
0 0.603606 0.896373 0.007212 0.010363
0 0.656731 0.967617 0.015385 0.014249
0 0.659375 0.983484 0.012981 0.012306
0 0.701442 0.990933 0.010577 0.012953
0 0.729808 0.983161 0.015385 0.011658
0 0.728125 0.950453 0.010096 0.011010
0 0.745192 0.940738 0.010577 0.012306
0 0.678846 0.849093 0.006731 0.010363
0 0.686058 0.842617 0.006731 0.009067
0 0.701923 0.876619 0.007692 0.008420
0 0.700962 0.889249 0.007692 0.009067
0 0.704327 0.780440 0.008654 0.010363
0 0.730529 0.773316 0.010096 0.018135
0 0.757452 0.852332 0.011058 0.014249
0 0.760096 0.870466 0.010577 0.015544
0 0.715144 0.880829 0.006250 0.011658
0 0.940865 0.756801 0.009615 0.008420
0 0.862740 0.763277 0.008173 0.011010
0 0.810577 0.830311 0.009615 0.011658
0 0.808173 0.896049 0.007692 0.012306
0 0.845673 0.921632 0.008654 0.011658
0 0.829327 0.930052 0.008654 0.015544
0 0.876442 0.954339 0.006731 0.013601
0 0.896154 0.899288 0.009615 0.012306
0 0.908173 0.858161 0.005769 0.010363
0 0.895192 0.834521 0.009615 0.009715
0 0.911058 0.839054 0.007692 0.008420
0 0.959615 0.828044 0.006731 0.009715
0 0.979808 0.886658 0.006731 0.014249
0 0.952404 0.925194 0.009615 0.013601
0 0.930769 0.945920 0.009615 0.013601
0 0.945192 0.976036 0.011538 0.014249
0 0.889904 0.957902 0.006731 0.007772
0 0.889183 0.971179 0.008173 0.009715
0 0.870433 0.988666 0.007212 0.009715
0 0.477404 0.563795 0.011538 0.009715
0 0.490865 0.541775 0.006731 0.008420
0 0.464663 0.557966 0.007212 0.011010
0 0.190385 0.234456 0.005769 0.009067
0 0.419952 0.429404 0.008173 0.010363
0 0.874038 0.659326 0.005769 0.009067
0 0.841587 0.640868 0.006250 0.011010
0 0.118750 0.549547 0.005769 0.008420
0 0.050721 0.571567 0.006250 0.009715
0 0.068990 0.637953 0.006250 0.009067
0 0.013462 0.653174 0.006731 0.008420
0 0.079087 0.458873 0.005288 0.008420
0 0.084856 0.464702 0.006250 0.009715
0 0.403365 0.296308 0.006731 0.011010
0 0.674519 0.436205 0.005769 0.007124
0 0.890144 0.222150 0.005288 0.009067
0 0.896394 0.226360 0.006250 0.008420
0 0.879327 0.105246 0.005769 0.008420
0 0.809135 0.913860 0.003846 0.007772
0 0.841827 0.972150 0.005769 0.009067
0 0.773798 0.816710 0.005288 0.009067
0 0.619471 0.875000 0.006250 0.010363
0 0.972596 0.198834 0.004808 0.010363
0 0.287981 0.118847 0.007692 0.009715
0 0.254567 0.106865 0.006250 0.007772
0 0.883894 0.517811 0.006250 0.007124
0 0.478365 0.331930 0.006731 0.011010
0 0.431010 0.784974 0.006250 0.009067
0 0.247837 0.772021 0.007212 0.011658
0 0.306010 0.785298 0.008173 0.009715
0 0.333413 0.908355 0.008173 0.009715
0 0.337019 0.902850 0.006731 0.010363
0 0.273077 0.996762 0.009615 0.006477
0 0.265625 0.510687 0.006250 0.008420
