0 0.910577 0.038536 0.013462 0.017487
0 0.924279 0.008744 0.008173 0.012306
0 0.986298 0.196244 0.007212 0.015544
0 0.967308 0.134715 0.007692 0.015544
0 0.936058 0.261658 0.006731 0.014249
0 0.925240 0.281412 0.009135 0.016192
0 0.930288 0.298575 0.007692 0.006477
0 0.948077 0.295013 0.004808 0.012306
0 0.905769 0.319948 0.009615 0.014249
0 0.971394 0.312824 0.007212 0.011658
0 0.957933 0.326101 0.007212 0.012306
0 0.934135 0.350389 0.010577 0.009067
0 0.916587 0.347798 0.007212 0.010363
0 0.843269 0.064443 0.007692 0.012306
0 0.809615 0.029145 0.009615 0.012953
0 0.780288 0.024935 0.010577 0.014896
0 0.761538 0.055376 0.012500 0.017487
0 0.840385 0.006477 0.008654 0.009067
0 0.787260 0.105246 0.009135 0.012306
0 0.775721 0.114313 0.006250 0.009715
0 0.791827 0.170984 0.009615 0.015544
0 0.856731 0.265868 0.008654 0.016192
0 0.848317 0.295661 0.006250 0.013601
0 0.764183 0.258744 0.009135 0.014896
0 0.749038 0.248705 0.005769 0.018135
0 0.772356 0.197863 0.007212 0.007124
0 0.776202 0.208549 0.006250 0.009067
0 0.781250 0.191386 0.004808 0.008420
0 0.729327 0.284003 0.008654 0.012306
0 0.759375 0.325453 0.010096 0.017487
0 0.740144 0.349741 0.009135 0.010363
0 0.691827 0.324158 0.006731 0.005829
0 0.683173 0.359780 0.006731 0.011010
0 0.674279 0.342617 0.007212 0.010363
0 0.711298 0.297604 0.004327 0.009715
0 0.716346 0.292098 0.004808 0.009067
0 0.647115 0.363342 0.007692 0.009067
0 0.636298 0.340674 0.008173 0.012953
0 0.598798 0.347474 0.010096 0.011010
0 0.603606 0.315738 0.009135 0.011010
0 0.568269 0.321567 0.007692 0.009715
0 0.552644 0.341969 0.007212 0.007772
0 0.563702 0.347150 0.005288 0.011658
0 0.528365 0.313148 0.007692 0.009715
0 0.525240 0.297604 0.005288 0.008420
0 0.500721 0.295984 0.007212 0.007772
0 0.514663 0.341321 0.009135 0.010363
0 0.489183 0.350065 0.008173 0.008420
0 0.549760 0.150907 0.008173 0.012953
0 0.589183 0.105246 0.012981 0.016192
0 0.608173 0.083225 0.007692 0.011010
0 0.606731 0.180376 0.007692 0.009715
0 0.617308 0.175842 0.006731 0.009715
0 0.630288 0.184585 0.008654 0.010363
0 0.637740 0.240933 0.005288 0.010363
0 0.675240 0.177137 0.007212 0.013601
0 0.658654 0.179080 0.005769 0.009715
0 0.642548 0.156736 0.006250 0.009067
0 0.657452 0.137953 0.010096 0.007772
0 0.637981 0.132124 0.007692 0.011658
0 0.629567 0.108484 0.007212 0.013601
0 0.688942 0.084521 0.009615 0.012306
0 0.710577 0.121114 0.006731 0.012953
0 0.659375 0.112694 0.004327 0.006477
0 0.665865 0.129210 0.005769 0.011010
0 0.681490 0.055699 0.007212 0.012953
0 0.648558 0.022021 0.006731 0.015544
0 0.489423 0.026878 0.011538 0.009715
0 0.524760 0.014249 0.010096 0.012953
0 0.522837 0.250324 0.007212 0.008420
0 0.490865 0.207578 0.006731 0.009715
0 0.431010 0.061205 0.007212 0.011010
0 0.421394 0.042746 0.006250 0.009067
0 0.433894 0.003562 0.009135 0.005829
0 0.404808 0.005181 0.007692 0.009067
0 0.416827 0.026878 0.007692 0.008420
0 0.415144 0.037565 0.004327 0.006477
0 0.406731 0.035622 0.004808 0.009067
0 0.380769 0.065738 0.007692 0.008420
0 0.369231 0.067681 0.005769 0.007124
0 0.343750 0.056995 0.008654 0.009067
0 0.353125 0.030764 0.006250 0.008420
0 0.326442 0.013601 0.009615 0.014249
0 0.411538 0.205635 0.006731 0.009715
0 0.377644 0.224417 0.007212 0.011010
0 0.348558 0.213731 0.008654 0.014249
0 0.416587 0.254858 0.008173 0.007124
0 0.377163 0.274935 0.007212 0.009715
0 0.395673 0.311205 0.009615 0.012306
0 0.424519 0.330311 0.005769 0.011658
0 0.435577 0.320920 0.005769 0.008420
0 0.358894 0.308938 0.006250 0.007772
0 0.379808 0.319948 0.007692 0.007772
0 0.325481 0.289832 0.006731 0.012306
0 0.367067 0.285946 0.008173 0.008420
0 0.393029 0.328044 0.005288 0.007124
0 0.388702 0.338407 0.006250 0.007124
0 0.301442 0.327073 0.007692 0.007772
0 0.300240 0.304080 0.008173 0.009715
0 0.224038 0.349093 0.006731 0.010363
0 0.201923 0.344236 0.003846 0.007124
0 0.194471 0.348769 0.005288 0.007124
0 0.214183 0.364637 0.007212 0.011658
0 0.208413 0.375972 0.005288 0.008420
0 0.262019 0.368523 0.009615 0.006477
0 0.071875 0.345207 0.004327 0.009067
0 0.082692 0.336464 0.005769 0.008420
0 0.081490 0.347474 0.006250 0.007124
0 0.088221 0.264249 0.005288 0.011658
0 0.153846 0.335492 0.005769 0.007772
0 0.129087 0.339378 0.006250 0.007772
0 0.115625 0.338407 0.007212 0.007124
0 0.115385 0.351360 0.006731 0.008420
0 0.103606 0.352979 0.005288 0.007772
0 0.134135 0.302785 0.005769 0.007124
0 0.138221 0.317358 0.005288 0.007772
0 0.163462 0.361075 0.005769 0.008420
0 0.142308 0.358161 0.005769 0.007772
0 0.183413 0.369171 0.005288 0.007772
0 0.192308 0.205311 0.007692 0.014249
0 0.184615 0.187500 0.009615 0.013601
0 0.069231 0.208549 0.004808 0.009067
0 0.076683 0.197539 0.006250 0.010363
0 0.130288 0.136334 0.007692 0.013601
0 0.139663 0.138277 0.005288 0.013601
0 0.146875 0.141839 0.007212 0.010363
0 0.187740 0.104598 0.005288 0.012306
0 0.170913 0.094560 0.004327 0.009067
0 0.195913 0.071244 0.007212 0.010363
0 0.186538 0.051490 0.011538 0.012306
0 0.211058 0.059585 0.008654 0.009067
0 0.266587 0.072863 0.009135 0.009715
0 0.228846 0.083873 0.007692 0.008420
0 0.220192 0.112370 0.006731 0.011010
0 0.242067 0.120790 0.008173 0.012306
0 0.267067 0.099093 0.005288 0.006477
0 0.293269 0.147021 0.006731 0.012953
0 0.227644 0.146049 0.007212 0.012306
0 0.215865 0.133096 0.008654 0.008420
0 0.201442 0.125000 0.006731 0.009067
0 0.231971 0.181671 0.007212 0.012306
0 0.204808 0.171956 0.006731 0.007124
0 0.179327 0.213083 0.007692 0.009067
0 0.207692 0.156412 0.004808 0.007124
0 0.213942 0.146049 0.006731 0.008420
0 0.220433 0.156088 0.005288 0.011658
0 0.241106 0.167422 0.007212 0.008420
0 0.246394 0.152850 0.010096 0.012953
0 0.078365 0.063472 0.009615 0.011658
0 0.078125 0.041127 0.009135 0.009715
0 0.005288 0.127915 0.006731 0.011010
0 0.016346 0.127591 0.007692 0.009067
0 0.381731 0.416451 0.007692 0.012953
0 0.341106 0.423899 0.009135 0.009715
0 0.840385 0.419365 0.006731 0.009715
0 0.802885 0.409974 0.008654 0.010363
0 0.773798 0.412565 0.010096 0.009067
0 0.710337 0.408679 0.007212 0.009067
0 0.509375 0.416451 0.011058 0.015544
0 0.542788 0.411917 0.008654 0.011658
0 0.259856 0.415803 0.007212 0.009067
0 0.214904 0.410622 0.008654 0.007772
0 0.146394 0.414832 0.008173 0.011010
0 0.111058 0.417422 0.008654 0.011010
0 0.088702 0.416127 0.010096 0.012306
0 0.062500 0.418394 0.009615 0.010363
0 0.114904 0.634067 0.005769 0.010363
0 0.125481 0.604598 0.009615 0.011010
0 0.137740 0.612370 0.008173 0.008420
0 0.168510 0.601360 0.005288 0.007124
0 0.282692 0.598122 0.008654 0.011010
0 0.298317 0.627591 0.010096 0.010363
0 0.332933 0.629210 0.013942 0.014896
0 0.321875 0.680052 0.012019 0.014249
0 0.352644 0.690738 0.009135 0.011010
0 0.266346 0.697863 0.012500 0.012306
0 0.205529 0.654793 0.010096 0.010363
0 0.228606 0.654145 0.009135 0.009067
0 0.244231 0.641839 0.007692 0.007772
0 0.227163 0.667098 0.005288 0.006477
0 0.218750 0.681671 0.007692 0.011010
0 0.218750 0.709845 0.007692 0.010363
0 0.173077 0.689443 0.008654 0.011010
0 0.143990 0.707578 0.011058 0.011010
0 0.123798 0.732837 0.011058 0.013601
0 0.142788 0.780440 0.007692 0.011658
0 0.129567 0.750000 0.013942 0.012953
0 0.125481 0.829016 0.009615 0.014249
0 0.223317 0.727332 0.009135 0.009067
0 0.230529 0.737370 0.008173 0.009715
0 0.210817 0.803433 0.006250 0.009715
0 0.181731 0.823510 0.007692 0.009715
0 0.188942 0.812500 0.008654 0.007124
0 0.379808 0.643135 0.011538 0.011658
0 0.390625 0.627915 0.008173 0.013601
0 0.083654 0.852979 0.008654 0.010363
0 0.118029 0.908355 0.010096 0.013601
0 0.078365 0.935881 0.009615 0.019430
0 0.151923 0.929404 0.007692 0.010363
0 0.157933 0.942034 0.008173 0.005829
0 0.178125 0.875972 0.010096 0.014896
0 0.207212 0.853951 0.009615 0.016192
0 0.209615 0.877267 0.007692 0.012306
0 0.285817 0.817681 0.010096 0.012306
0 0.230288 0.839378 0.006731 0.012953
0 0.202644 0.840026 0.006250 0.006477
0 0.241346 0.820272 0.008654 0.008420
0 0.253606 0.830635 0.007212 0.009715
0 0.253846 0.795013 0.006731 0.009715
0 0.264904 0.775907 0.007692 0.010363
0 0.268269 0.792098 0.010577 0.011658
0 0.225962 0.796632 0.006731 0.010363
0 0.184135 0.783355 0.007692 0.005829
0 0.184375 0.791775 0.006250 0.008420
0 0.378125 0.894106 0.015865 0.020078
0 0.356731 0.883744 0.006731 0.008420
0 0.366346 0.862694 0.006731 0.010363
0 0.355048 0.858161 0.007212 0.009067
0 0.310817 0.882448 0.005288 0.007124
0 0.267067 0.929080 0.008173 0.011010
0 0.281010 0.928756 0.007212 0.009067
0 0.324519 0.915155 0.006731 0.009067
0 0.331010 0.936528 0.009135 0.010363
0 0.314183 0.940091 0.009135 0.008420
0 0.299279 0.940091 0.006250 0.008420
0 0.462500 0.866580 0.009615 0.011658
0 0.461538 0.671632 0.008654 0.010363
0 0.470192 0.627591 0.008654 0.012953
0 0.529087 0.662241 0.010096 0.011010
0 0.508654 0.731865 0.007692 0.010363
0 0.554087 0.709197 0.008173 0.010363
0 0.535096 0.684909 0.006731 0.011010
0 0.566587 0.659003 0.010096 0.009715
0 0.730288 0.638601 0.008654 0.012953
0 0.656971 0.602332 0.005288 0.009067
0 0.676442 0.580959 0.005769 0.007772
0 0.691106 0.578368 0.006250 0.009067
0 0.769231 0.637306 0.006731 0.011658
0 0.758173 0.649288 0.006731 0.011010
0 0.728606 0.692358 0.006250 0.006477
0 0.782452 0.844883 0.006250 0.009715
0 0.753846 0.826101 0.008654 0.009715
0 0.730529 0.833225 0.007212 0.009715
0 0.733654 0.866580 0.009615 0.011658
0 0.746635 0.893782 0.007692 0.014249
0 0.711779 0.892163 0.009135 0.008420
0 0.699519 0.913536 0.009615 0.012306
0 0.709615 0.915803 0.007692 0.012953
0 0.702404 0.928756 0.010577 0.012953
0 0.684135 0.933614 0.007692 0.009715
0 0.489423 0.915803 0.007692 0.011658
0 0.473798 0.916451 0.007212 0.009067
0 0.512981 0.824482 0.008654 0.012953
0 0.516346 0.782707 0.005769 0.008420
0 0.556250 0.802461 0.010577 0.012953
0 0.545192 0.841969 0.008654 0.012953
0 0.618510 0.830959 0.007212 0.012953
0 0.634135 0.823510 0.007692 0.009715
0 0.582692 0.824806 0.008654 0.011010
0 0.612740 0.846179 0.008173 0.011010
0 0.662260 0.738666 0.007212 0.008420
0 0.553125 0.763277 0.007212 0.009715
0 0.552404 0.777850 0.007692 0.007772
0 0.565865 0.772992 0.005769 0.011010
0 0.569471 0.738342 0.006250 0.011658
0 0.585096 0.752267 0.007692 0.011010
0 0.589183 0.771373 0.007212 0.018135
0 0.583894 0.784650 0.011058 0.012306
0 0.597596 0.776554 0.006731 0.010363
0 0.602644 0.790155 0.009135 0.009067
0 0.600962 0.710168 0.005769 0.012306
0 0.647596 0.699806 0.008654 0.009715
0 0.614423 0.721179 0.004808 0.009715
0 0.646635 0.716645 0.007692 0.011010
0 0.662981 0.709197 0.005769 0.009067
0 0.656490 0.700777 0.004327 0.007772
0 0.626202 0.803756 0.008173 0.011658
0 0.612260 0.798575 0.005288 0.009067
0 0.852644 0.601360 0.009135 0.013601
0 0.865865 0.578692 0.008654 0.012306
0 0.967308 0.566062 0.007692 0.009067
0 0.856971 0.892487 0.009135 0.012953
0 0.911538 0.798575 0.006731 0.014249
0 0.920192 0.772668 0.007692 0.009067
0 0.965865 0.781088 0.011538 0.010363
0 0.949279 0.791775 0.009135 0.011010
0 0.926683 0.804404 0.007212 0.010363
0 0.935096 0.814119 0.007692 0.010363
0 0.967067 0.703368 0.008173 0.014249
0 0.964904 0.685881 0.006731 0.010363
0 0.951923 0.647021 0.009615 0.010363
0 0.981731 0.744171 0.007692 0.012953
0 0.983894 0.793070 0.007212 0.017487
0 0.947115 0.750000 0.009615 0.011658
0 0.968990 0.759391 0.007212 0.012306
0 0.993990 0.707254 0.007212 0.007772
0 0.996154 0.681995 0.006731 0.011658
0 0.993029 0.825777 0.010096 0.016839
0 0.461298 0.589702 0.006250 0.013601
0 0.447115 0.679404 0.003846 0.006477
0 0.344712 0.591645 0.004808 0.007124
0 0.305288 0.603627 0.006731 0.009067
0 0.652404 0.251619 0.005769 0.007124
0 0.628846 0.254534 0.004808 0.006477
0 0.615625 0.241580 0.006250 0.007772
0 0.565385 0.216321 0.004808 0.007772
0 0.556250 0.196244 0.003846 0.006477
0 0.568510 0.202073 0.006250 0.006477
0 0.524038 0.284326 0.003846 0.005181
0 0.688462 0.201425 0.005769 0.011658
0 0.597356 0.159326 0.004327 0.007772
0 0.854808 0.196891 0.005769 0.007772
0 0.852644 0.352332 0.006250 0.010363
0 0.429087 0.303109 0.005288 0.006477
0 0.296394 0.193653 0.006250 0.009067
0 0.204087 0.183290 0.005288 0.006477
0 0.206490 0.260039 0.008173 0.007124
0 0.210577 0.110751 0.004808 0.006477
0 0.184615 0.134391 0.004808 0.008420
0 0.179327 0.151554 0.005769 0.007772
0 0.183894 0.034003 0.005288 0.008420
0 0.207933 0.032383 0.005288 0.007772
0 0.198558 0.752915 0.005769 0.007124
0 0.209856 0.735751 0.006250 0.006477
0 0.191346 0.695272 0.003846 0.005829
0 0.182212 0.696567 0.006731 0.007124
0 0.218269 0.699158 0.004808 0.007124
0 0.187740 0.778497 0.005288 0.006477
0 0.218029 0.795013 0.006250 0.008420
0 0.262740 0.841321 0.005288 0.007772
0 0.311058 0.860427 0.005769 0.008420
0 0.337500 0.898964 0.004808 0.007772
0 0.349760 0.874352 0.005288 0.006477
0 0.136298 0.713407 0.007212 0.011010
0 0.107692 0.782060 0.006731 0.008420
0 0.023077 0.681023 0.006731 0.009715
0 0.018750 0.733484 0.006731 0.011010
0 0.079567 0.742876 0.006250 0.009067
0 0.072115 0.738666 0.004808 0.007124
0 0.077644 0.588407 0.007212 0.007124
0 0.132933 0.831606 0.006250 0.011658
0 0.115865 0.940738 0.006731 0.009715
0 0.450000 0.413536 0.004808 0.005829
0 0.568029 0.406412 0.007212 0.008420
0 0.885817 0.945596 0.009135 0.012953
0 0.954808 0.939443 0.006731 0.013601
0 0.963462 0.939767 0.006731 0.010363
0 0.903846 0.738342 0.007692 0.011658
0 0.018269 0.404145 0.008654 0.010363
0 0.002644 0.322863 0.004327 0.011010
0 0.017308 0.518459 0.006731 0.012306
0 0.625721 0.376295 0.006250 0.009067
0 0.661298 0.604598 0.005288 0.008420
0 0.618269 0.715350 0.005769 0.007124
0 0.614423 0.706930 0.005769 0.007124
0 0.576683 0.726684 0.007212 0.007772
0 0.468269 0.930052 0.005769 0.007772
0 0.472596 0.945920 0.004808 0.007124
0 0.505048 0.943977 0.006250 0.007124
0 0.534856 0.870142 0.006250 0.007124
0 0.549038 0.742876 0.006731 0.007772
0 0.237019 0.215997 0.005769 0.008420
0 0.195673 0.128238 0.004808 0.007772
0 0.295433 0.137630 0.005288 0.008420
0 0.077404 0.035298 0.007692 0.008420
0 0.383654 0.223769 0.006731 0.009715
0 0.501683 0.004534 0.006250 0.007772
0 0.971394 0.686852 0.007212 0.009715
0 0.189183 0.791451 0.007212 0.009067
0 0.106490 0.358484 0.006250 0.007124
0 0.765144 0.574158 0.005288 0.007124
0 0.716346 0.409003 0.007692 0.008420
0 0.568269 0.344883 0.006731 0.011010
