0 0.013221 0.034974 0.009135 0.007772
0 0.117788 0.020725 0.008654 0.007772
0 0.091106 0.005181 0.008173 0.009067
0 0.143750 0.042098 0.008654 0.009067
0 0.246635 0.041451 0.006731 0.007772
0 0.270192 0.022021 0.007692 0.011658
0 0.304087 0.033679 0.008173 0.009067
0 0.428846 0.008744 0.006731 0.009715
0 0.443510 0.004210 0.007212 0.007124
0 0.435817 0.030440 0.008173 0.011658
0 0.466346 0.035298 0.005769 0.009715
0 0.522115 0.032383 0.007692 0.011658
0 0.529087 0.005505 0.012981 0.009715
0 0.673558 0.020078 0.006731 0.010363
0 0.705769 0.007448 0.008654 0.008420
0 0.739904 0.038212 0.007692 0.007772
0 0.754087 0.004858 0.008173 0.008420
0 0.821635 0.029793 0.007692 0.009067
0 0.868750 0.036917 0.008654 0.006477
0 0.961538 0.022668 0.008654 0.010363
0 0.870433 0.165803 0.005288 0.009067
0 0.938942 0.212435 0.005769 0.009067
0 0.715865 0.186205 0.005769 0.011010
0 0.656010 0.174547 0.008173 0.009715
0 0.452885 0.172604 0.008654 0.008420
0 0.303846 0.150583 0.008654 0.007124
0 0.248798 0.204987 0.007212 0.014896
0 0.061538 0.159974 0.008654 0.009067
0 0.102644 0.175194 0.005288 0.005829
0 0.063702 0.353627 0.012019 0.011658
0 0.092308 0.353303 0.010577 0.013601
0 0.108173 0.364637 0.004808 0.007772
0 0.107452 0.377267 0.005288 0.007124
0 0.300000 0.318977 0.008654 0.013601
0 0.267788 0.345531 0.006731 0.016192
0 0.263462 0.371438 0.005769 0.007124
0 0.313221 0.364313 0.007212 0.009715
0 0.303365 0.371438 0.010577 0.012306
0 0.427404 0.355246 0.006731 0.011010
0 0.443990 0.323834 0.008173 0.014249
0 0.462260 0.321891 0.005288 0.010363
0 0.439423 0.378562 0.005769 0.008420
0 0.509135 0.317681 0.004808 0.012306
0 0.516827 0.330959 0.005769 0.009067
0 0.493510 0.355246 0.006250 0.007124
0 0.492308 0.367876 0.005769 0.007772
0 0.624279 0.314443 0.008173 0.011010
0 0.671875 0.302137 0.004327 0.007124
0 0.668510 0.339702 0.004327 0.012306
0 0.724038 0.336140 0.009615 0.010363
0 0.725481 0.359132 0.005769 0.008420
0 0.717308 0.369495 0.008654 0.007124
0 0.868990 0.329016 0.007212 0.010363
0 0.951442 0.332578 0.006731 0.009715
0 0.952885 0.351360 0.008654 0.012306
0 0.943750 0.474741 0.009615 0.012953
0 0.966587 0.467293 0.009135 0.011010
0 0.984375 0.498381 0.005288 0.009715
0 0.860096 0.461788 0.009615 0.011658
0 0.883413 0.494819 0.008173 0.009067
0 0.850240 0.514249 0.007212 0.009067
0 0.829087 0.508420 0.012019 0.011658
0 0.768269 0.461464 0.013462 0.014896
0 0.718510 0.460816 0.008173 0.011010
0 0.704087 0.489313 0.006250 0.011010
0 0.664423 0.506801 0.005769 0.011010
0 0.644231 0.468588 0.006731 0.011010
0 0.641587 0.453368 0.007212 0.007772
0 0.660577 0.446567 0.009615 0.009715
0 0.628125 0.446891 0.008173 0.007772
0 0.547837 0.498705 0.009135 0.018135
0 0.528606 0.511982 0.010096 0.008420
0 0.513702 0.464378 0.012019 0.014249
0 0.516346 0.449158 0.007692 0.008420
0 0.535577 0.449482 0.008654 0.011658
0 0.429087 0.484456 0.013942 0.016839
0 0.442788 0.508096 0.008654 0.017487
0 0.314183 0.460492 0.009135 0.012953
0 0.294952 0.504210 0.010096 0.016192
0 0.224519 0.466969 0.010577 0.010363
0 0.208894 0.472150 0.012019 0.015544
0 0.107692 0.462111 0.012500 0.013601
0 0.158894 0.509391 0.011058 0.012306
0 0.076923 0.490933 0.010577 0.011658
0 0.011298 0.530764 0.010096 0.016192
0 0.070192 0.687500 0.011538 0.009715
0 0.098077 0.680052 0.008654 0.009067
0 0.276202 0.617228 0.004327 0.006477
0 0.515144 0.641516 0.008173 0.011010
0 0.719952 0.662565 0.007212 0.009067
0 0.664663 0.753562 0.006250 0.011010
0 0.729327 0.829339 0.011538 0.017487
0 0.883173 0.620466 0.009615 0.010363
0 0.942548 0.655764 0.008173 0.013601
0 0.847115 0.786917 0.010577 0.011658
0 0.946394 0.806023 0.009135 0.012306
0 0.961058 0.801813 0.010577 0.012953
0 0.881490 0.804080 0.008173 0.011010
0 0.461779 0.784003 0.011058 0.011010
0 0.432452 0.755829 0.010096 0.012953
0 0.502644 0.820596 0.006250 0.009067
0 0.525000 0.836788 0.007692 0.010363
0 0.326923 0.825130 0.007692 0.010363
0 0.322837 0.806995 0.007212 0.009067
0 0.126683 0.781736 0.009135 0.010363
0 0.125000 0.832254 0.009615 0.014249
0 0.033894 0.823187 0.006250 0.007772
0 0.020913 0.951425 0.014904 0.020725
0 0.111779 0.920661 0.006250 0.014896
0 0.111058 0.960816 0.007692 0.012306
0 0.144231 0.915479 0.010577 0.012306
0 0.130529 0.913212 0.007212 0.011658
0 0.159135 0.922604 0.005769 0.007124
0 0.161298 0.933938 0.005288 0.007772
0 0.160577 0.951749 0.003846 0.007124
0 0.240385 0.978951 0.011538 0.013601
0 0.307933 0.909003 0.008173 0.009715
0 0.243750 0.818653 0.011538 0.015544
0 0.328365 0.930699 0.009615 0.014249
0 0.355769 0.922604 0.007692 0.012306
0 0.425721 0.905117 0.012019 0.011010
0 0.450481 0.961788 0.007692 0.012953
0 0.442308 0.966321 0.005769 0.010363
0 0.542788 0.962759 0.009615 0.018782
0 0.544712 0.922280 0.010577 0.010363
0 0.607452 0.924223 0.007212 0.012953
0 0.634375 0.939119 0.007212 0.011658
0 0.672356 0.976684 0.008173 0.012953
0 0.735096 0.964054 0.009615 0.012306
0 0.729327 0.940738 0.008654 0.014896
0 0.774038 0.946244 0.007692 0.011658
0 0.887260 0.943005 0.008173 0.010363
0 0.847115 0.933938 0.009615 0.010363
0 0.863702 0.974093 0.005288 0.009067
0 0.852404 0.981865 0.006731 0.006477
0 0.940865 0.978951 0.008654 0.013601
0 0.957933 0.972474 0.008173 0.011010
0 0.963462 0.827073 0.006731 0.009067
0 0.500962 0.525583 0.009615 0.011010
