0 0.881250 0.011982 0.006731 0.011010
0 0.861058 0.050194 0.007692 0.012306
0 0.782933 0.043718 0.011058 0.014896
0 0.636298 0.037889 0.011058 0.009715
0 0.572356 0.062176 0.011058 0.011658
0 0.553365 0.072863 0.007692 0.009715
0 0.543029 0.049547 0.010096 0.014896
0 0.534615 0.030440 0.007692 0.009067
0 0.510577 0.021049 0.007692 0.009715
0 0.493990 0.025259 0.007212 0.010363
0 0.397596 0.021697 0.007692 0.009715
0 0.382933 0.018782 0.008173 0.007772
0 0.376683 0.046956 0.005288 0.011010
0 0.297596 0.063795 0.008654 0.009715
0 0.281010 0.064767 0.008173 0.009067
0 0.155288 0.024611 0.009615 0.006477
0 0.127644 0.038536 0.013942 0.021373
0 0.088462 0.127915 0.009615 0.013601
0 0.041587 0.143782 0.006250 0.012953
0 0.050721 0.150583 0.007212 0.013601
0 0.069231 0.158031 0.009615 0.010363
0 0.160096 0.183614 0.007692 0.005829
0 0.094712 0.203368 0.007692 0.011658
0 0.063221 0.209845 0.006250 0.010363
0 0.069712 0.266839 0.009615 0.012953
0 0.033173 0.303109 0.005769 0.010363
0 0.067548 0.326101 0.008173 0.009715
0 0.056010 0.342617 0.006250 0.010363
0 0.090625 0.331930 0.008173 0.011010
0 0.250721 0.177461 0.009135 0.015544
0 0.304087 0.134715 0.009135 0.015544
0 0.293750 0.150259 0.006731 0.015544
0 0.391346 0.143782 0.008654 0.011658
0 0.340865 0.217293 0.005769 0.011010
0 0.311779 0.208873 0.004327 0.008420
0 0.343269 0.327073 0.004808 0.009067
0 0.319712 0.330311 0.007692 0.012953
0 0.310337 0.354598 0.010096 0.013601
0 0.262260 0.315738 0.011058 0.013601
0 0.510817 0.289184 0.005288 0.012306
0 0.522596 0.134067 0.007692 0.012953
0 0.583173 0.126619 0.007692 0.012306
0 0.628125 0.160622 0.005288 0.011658
0 0.573558 0.338407 0.008654 0.012306
0 0.564663 0.259067 0.009135 0.011658
0 0.604567 0.340674 0.007212 0.011658
0 0.612981 0.331282 0.010577 0.012306
0 0.844952 0.071244 0.005288 0.007772
0 0.764663 0.168070 0.008173 0.013601
0 0.864663 0.123381 0.008173 0.013601
0 0.891587 0.205635 0.005288 0.008420
0 0.751923 0.291775 0.007692 0.013601
0 0.818750 0.349093 0.009615 0.009067
0 0.851923 0.333549 0.011538 0.010363
0 0.905048 0.298251 0.005288 0.011010
0 0.890385 0.431671 0.007692 0.009715
0 0.856971 0.415479 0.008173 0.009715
0 0.833654 0.420984 0.008654 0.011658
0 0.759615 0.449806 0.007692 0.011010
0 0.807212 0.516839 0.007692 0.010363
0 0.831490 0.536593 0.005288 0.008420
0 0.753846 0.559262 0.007692 0.016192
0 0.762740 0.578044 0.006250 0.011010
0 0.777885 0.596503 0.005769 0.010363
0 0.781971 0.618199 0.010096 0.011010
0 0.825962 0.617552 0.007692 0.007124
0 0.787740 0.644106 0.006250 0.008420
0 0.870192 0.602332 0.004808 0.006477
0 0.876202 0.624676 0.005288 0.011010
0 0.628846 0.464702 0.005769 0.008420
0 0.594231 0.400583 0.008654 0.011010
0 0.576442 0.428109 0.006731 0.007772
0 0.544471 0.434262 0.008173 0.009715
0 0.526683 0.428433 0.010096 0.013601
0 0.506731 0.442681 0.010577 0.012306
0 0.529567 0.449806 0.008173 0.008420
0 0.507212 0.518459 0.007692 0.012306
0 0.573077 0.502915 0.006731 0.008420
0 0.586058 0.506153 0.003846 0.008420
0 0.485577 0.544365 0.010577 0.013601
0 0.512500 0.620142 0.007692 0.013601
0 0.555048 0.640868 0.008173 0.012306
0 0.598077 0.623057 0.014423 0.014249
0 0.631250 0.610104 0.010577 0.012953
0 0.379327 0.596179 0.008654 0.013601
0 0.361779 0.423575 0.012981 0.014249
0 0.319471 0.398640 0.011058 0.011010
0 0.255288 0.442358 0.007692 0.012953
0 0.265865 0.488990 0.006731 0.010363
0 0.242067 0.480246 0.008173 0.009715
0 0.240865 0.490933 0.007692 0.007772
0 0.256490 0.573510 0.007212 0.012306
0 0.337500 0.506477 0.007692 0.012953
0 0.291827 0.614313 0.010577 0.016192
0 0.305048 0.606865 0.008173 0.010363
0 0.350000 0.626295 0.011538 0.011658
0 0.351202 0.638277 0.009135 0.008420
0 0.337740 0.652526 0.012019 0.007124
0 0.156250 0.588083 0.008654 0.011658
0 0.092788 0.642163 0.008654 0.007124
0 0.044712 0.607837 0.010577 0.013601
0 0.028125 0.597150 0.009135 0.009067
0 0.024519 0.549547 0.007692 0.011010
0 0.027163 0.472798 0.008173 0.010363
0 0.029567 0.424870 0.009135 0.010363
0 0.089423 0.440738 0.009615 0.012306
0 0.111058 0.438148 0.006731 0.007124
0 0.110337 0.425842 0.008173 0.008420
0 0.117788 0.418394 0.010577 0.011658
0 0.075481 0.504858 0.010577 0.011010
0 0.064423 0.516192 0.007692 0.011658
0 0.066587 0.607189 0.006250 0.009715
0 0.059856 0.697539 0.007212 0.009067
0 0.092067 0.698187 0.007212 0.011658
0 0.044231 0.721826 0.006731 0.008420
0 0.053365 0.731541 0.006731 0.007124
0 0.118029 0.710492 0.008173 0.009067
0 0.115865 0.731218 0.006731 0.010363
0 0.161779 0.745142 0.006250 0.008420
0 0.151442 0.748381 0.005769 0.009715
0 0.057212 0.820920 0.006731 0.011010
0 0.151683 0.826749 0.008173 0.011010
0 0.149519 0.861723 0.008654 0.012306
0 0.090865 0.912889 0.007692 0.013601
0 0.075000 0.906412 0.006731 0.012306
0 0.065865 0.922927 0.008654 0.009067
0 0.004808 0.828692 0.007692 0.009715
0 0.010337 0.844560 0.008173 0.012953
0 0.008894 0.784003 0.011058 0.009715
0 0.268269 0.728951 0.011538 0.017487
0 0.256250 0.786917 0.008654 0.011658
0 0.257692 0.820272 0.007692 0.009715
0 0.248798 0.830635 0.007212 0.012306
0 0.287500 0.890220 0.010577 0.013601
0 0.317788 0.827720 0.006731 0.009067
0 0.392308 0.741904 0.008654 0.012306
0 0.359615 0.909326 0.010577 0.015544
0 0.326202 0.907383 0.008173 0.010363
0 0.330048 0.681023 0.009135 0.009715
0 0.386538 0.709521 0.008654 0.012306
0 0.550000 0.707902 0.013462 0.014249
0 0.482452 0.835168 0.006250 0.012306
0 0.626202 0.724093 0.009135 0.015544
0 0.578846 0.824482 0.008654 0.014249
0 0.516346 0.860104 0.007692 0.014249
0 0.537260 0.897345 0.007212 0.014896
0 0.600962 0.929080 0.009615 0.012306
0 0.654087 0.753562 0.011058 0.009715
0 0.739423 0.772668 0.007692 0.011658
0 0.817788 0.682642 0.005769 0.011658
0 0.837019 0.691710 0.006731 0.010363
0 0.814183 0.803433 0.007212 0.011010
0 0.854567 0.913860 0.009135 0.010363
0 0.843990 0.923899 0.007212 0.011010
0 0.344712 0.367876 0.006731 0.007772
0 0.401442 0.326101 0.004808 0.007124
0 0.326202 0.277850 0.006250 0.007772
0 0.281490 0.293718 0.005288 0.008420
0 0.282212 0.316710 0.004808 0.009067
0 0.246154 0.457578 0.004808 0.008420
0 0.508654 0.235104 0.006731 0.009067
0 0.481010 0.190738 0.006250 0.008420
0 0.396154 0.199158 0.006731 0.008420
0 0.844231 0.037241 0.005769 0.009715
0 0.767788 0.010039 0.005769 0.008420
0 0.630529 0.568005 0.005288 0.007772
0 0.593750 0.539508 0.005769 0.009067
0 0.568029 0.900907 0.005288 0.009067
0 0.555048 0.793070 0.006250 0.008420
0 0.543990 0.897021 0.006250 0.010363
0 0.876202 0.905764 0.004327 0.005829
0 0.767308 0.743847 0.006731 0.008420
0 0.754808 0.833225 0.004808 0.009715
0 0.805288 0.713083 0.004808 0.007772
0 0.783894 0.746438 0.005288 0.007124
0 0.844952 0.714378 0.007212 0.009067
0 0.890385 0.759067 0.004808 0.006477
0 0.803365 0.654145 0.005769 0.009067
0 0.802644 0.431347 0.006250 0.009067
0 0.752163 0.442681 0.007212 0.011010
0 0.756971 0.294365 0.007212 0.009715
0 0.234856 0.284003 0.007212 0.011010
0 0.239663 0.299223 0.006250 0.011658
