0 0.905288 0.254858 0.010577 0.011010
0 0.777163 0.381153 0.007212 0.008420
0 0.866106 0.168718 0.007212 0.011010
0 0.925481 0.225065 0.003846 0.011010
0 0.683894 0.169365 0.004327 0.008420
0 0.766827 0.355894 0.006731 0.009715
0 0.803606 0.298899 0.003365 0.007124
0 0.827404 0.324482 0.003846 0.005181
0 0.823317 0.388601 0.003365 0.007772
0 0.798077 0.433614 0.004808 0.007124
0 0.789183 0.250972 0.007212 0.011010
0 0.745913 0.264896 0.011058 0.012953
0 0.736779 0.318977 0.005288 0.008420
0 0.729567 0.316062 0.004327 0.007772
0 0.732212 0.410622 0.011538 0.012953
0 0.761298 0.387630 0.004327 0.005829
0 0.652644 0.394106 0.006250 0.007124
0 0.701202 0.358484 0.004327 0.005829
0 0.700240 0.331930 0.006250 0.007124
0 0.600721 0.292422 0.005288 0.005829
0 0.591106 0.420337 0.005288 0.007772
0 0.769231 0.540155 0.008654 0.006477
0 0.855769 0.508096 0.009615 0.011010
0 0.536058 0.226360 0.006731 0.008420
0 0.512019 0.181023 0.005769 0.004534
0 0.411298 0.181347 0.009135 0.007772
0 0.471875 0.164184 0.007212 0.008420
0 0.403365 0.190738 0.008654 0.005829
0 0.243510 0.179728 0.005288 0.004534
0 0.231971 0.182966 0.005288 0.005829
0 0.230529 0.228951 0.006250 0.009715
0 0.313221 0.226036 0.005288 0.007772
0 0.439663 0.311852 0.009135 0.008420
0 0.509856 0.444624 0.007212 0.012306
0 0.496394 0.459197 0.005288 0.006477
0 0.487019 0.474741 0.007692 0.007772
0 0.465625 0.435557 0.004327 0.005829
0 0.474760 0.372409 0.006250 0.006477
0 0.438462 0.342940 0.004808 0.008420
0 0.454327 0.524611 0.003846 0.006477
0 0.420673 0.506153 0.007692 0.009715
0 0.329567 0.531412 0.004327 0.007124
0 0.337740 0.533355 0.004327 0.007124
0 0.408173 0.394106 0.003846 0.004534
0 0.350240 0.286593 0.004327 0.005829
0 0.386058 0.299223 0.005769 0.007772
0 0.407692 0.344236 0.006731 0.005829
0 0.317548 0.278821 0.005288 0.005829
0 0.322115 0.240609 0.005769 0.007124
0 0.256971 0.322863 0.007212 0.007124
0 0.209135 0.327396 0.004808 0.008420
0 0.209135 0.377915 0.006731 0.008420
0 0.372596 0.340997 0.005769 0.008420
0 0.332692 0.344883 0.004808 0.005829
0 0.321875 0.337435 0.004327 0.007772
0 0.389904 0.443329 0.004808 0.004534
0 0.303606 0.422280 0.004327 0.005181
0 0.319712 0.403821 0.004808 0.005829
0 0.316587 0.441062 0.005288 0.007772
0 0.359375 0.464702 0.004327 0.007124
0 0.343750 0.427461 0.003846 0.005181
0 0.153365 0.221179 0.005769 0.005829
0 0.018510 0.360104 0.005288 0.007772
0 0.761058 0.763925 0.015385 0.008420
0 0.714663 0.766839 0.012019 0.011658
0 0.733173 0.775259 0.009615 0.007772
0 0.715144 0.806671 0.008173 0.004534
0 0.664183 0.817034 0.010096 0.016192
0 0.662500 0.890220 0.008654 0.017487
0 0.796635 0.839054 0.007692 0.014896
0 0.811538 0.836140 0.010577 0.011658
0 0.849279 0.900907 0.019712 0.007772
0 0.811538 0.940091 0.007692 0.011010
0 0.824038 0.954339 0.009615 0.013601
0 0.787500 0.974093 0.005769 0.015544
0 0.811538 0.965674 0.010577 0.015544
0 0.875481 0.981865 0.008654 0.009067
0 0.967067 0.761334 0.011058 0.016192
0 0.557212 0.755505 0.009615 0.014896
0 0.586538 0.802137 0.011538 0.013601
0 0.526442 0.849741 0.015385 0.014249
0 0.369471 0.907707 0.013942 0.011010
0 0.345433 0.905764 0.010096 0.009715
0 0.373077 0.952396 0.012500 0.017487
0 0.397115 0.949482 0.013462 0.009067
0 0.521635 0.886982 0.015385 0.013601
0 0.590625 0.862370 0.010096 0.012306
0 0.329087 0.850065 0.012981 0.017487
0 0.179327 0.737694 0.009615 0.014249
0 0.110577 0.756801 0.019231 0.020078
0 0.156250 0.793394 0.009615 0.015544
0 0.168990 0.819301 0.008173 0.012953
0 0.181731 0.831930 0.008654 0.012306
0 0.151202 0.864313 0.009135 0.011010
0 0.124279 0.892163 0.008173 0.014896
0 0.017067 0.988990 0.010096 0.010363
0 0.121875 0.465026 0.010096 0.016839
0 0.025721 0.416451 0.008173 0.010363
0 0.047115 0.406088 0.007692 0.011658
0 0.005048 0.451101 0.006250 0.013601
0 0.026442 0.449158 0.012500 0.007124
0 0.063462 0.510363 0.010577 0.012953
0 0.089183 0.484132 0.008173 0.014896
0 0.095433 0.507124 0.011058 0.012953
0 0.002885 0.290155 0.004808 0.007772
0 0.040385 0.347150 0.005769 0.007772
0 0.044471 0.345855 0.006250 0.007772
0 0.088462 0.375972 0.005769 0.007124
0 0.129327 0.526231 0.005769 0.005829
0 0.455769 0.496762 0.005769 0.006477
0 0.748558 0.328368 0.005769 0.006477
0 0.809375 0.309262 0.005288 0.007124
0 0.522356 0.251943 0.005288 0.005181
0 0.539904 0.248381 0.003846 0.005829
0 0.537740 0.234132 0.004327 0.004534
0 0.431971 0.173575 0.004327 0.005181
