0 0.940385 0.125972 0.010577 0.020078
0 0.718029 0.082254 0.012019 0.014249
0 0.663942 0.131801 0.009615 0.016192
0 0.506010 0.061852 0.014904 0.013601
0 0.457212 0.138601 0.008654 0.014249
0 0.310577 0.087759 0.011538 0.013601
0 0.273077 0.087759 0.008654 0.009715
0 0.274760 0.125972 0.007212 0.012306
0 0.112500 0.083549 0.007692 0.014249
0 0.096875 0.102332 0.009135 0.015544
0 0.078125 0.090997 0.009135 0.012306
0 0.113462 0.258744 0.012500 0.021373
0 0.044471 0.225389 0.011058 0.014249
0 0.076683 0.238666 0.010096 0.013601
0 0.040625 0.288860 0.007212 0.016839
0 0.067788 0.291451 0.011538 0.014249
0 0.234615 0.230894 0.009615 0.012306
0 0.257692 0.297604 0.008654 0.011010
0 0.326442 0.236399 0.010577 0.014249
0 0.295913 0.216969 0.007212 0.009067
0 0.461538 0.264249 0.012500 0.014249
0 0.505769 0.252267 0.010577 0.017487
0 0.530288 0.243847 0.019231 0.016192
0 0.651923 0.238666 0.008654 0.017487
0 0.756010 0.222150 0.007212 0.012953
0 0.885577 0.242228 0.006731 0.010363
0 0.954567 0.250324 0.008173 0.013601
0 0.977163 0.432642 0.013942 0.016839
0 0.880048 0.381477 0.008173 0.012953
0 0.838702 0.391839 0.008173 0.014249
0 0.962019 0.428756 0.008654 0.012953
0 0.748077 0.399288 0.009615 0.011010
0 0.742548 0.445596 0.008173 0.011658
0 0.708654 0.423251 0.010577 0.013601
0 0.631731 0.433290 0.009615 0.014249
0 0.623317 0.409326 0.013942 0.014249
0 0.511779 0.415155 0.017788 0.016839
0 0.432692 0.364961 0.009615 0.011010
0 0.494231 0.422927 0.006731 0.014249
0 0.423077 0.407383 0.010577 0.016839
0 0.350962 0.436852 0.012500 0.016192
0 0.303846 0.404793 0.008654 0.011658
0 0.224760 0.396697 0.010096 0.013601
0 0.249519 0.424870 0.006731 0.010363
0 0.217067 0.444624 0.012981 0.013601
0 0.143990 0.367876 0.008173 0.007772
0 0.110096 0.381477 0.008654 0.009067
0 0.145192 0.412565 0.006731 0.009067
0 0.131731 0.434262 0.008654 0.012306
0 0.160817 0.416127 0.006250 0.012306
0 0.067067 0.387630 0.008173 0.017487
0 0.023558 0.428109 0.010577 0.016839
0 0.037260 0.440091 0.008173 0.009715
0 0.664423 0.633420 0.007692 0.014249
0 0.865144 0.590997 0.007212 0.012306
0 0.946154 0.751943 0.008654 0.011658
0 0.921394 0.737694 0.007212 0.010363
0 0.884375 0.750000 0.006250 0.011658
0 0.957933 0.778821 0.005288 0.009715
0 0.939183 0.787889 0.006250 0.005829
0 0.924279 0.786917 0.006250 0.009067
0 0.849519 0.773640 0.010577 0.014896
0 0.725000 0.710816 0.008654 0.012306
0 0.708173 0.784650 0.009615 0.014896
0 0.732933 0.789508 0.010096 0.012953
0 0.705288 0.707902 0.012500 0.007772
0 0.444471 0.729275 0.010096 0.014249
0 0.496154 0.780440 0.010577 0.012953
0 0.256731 0.711788 0.009615 0.012953
0 0.291587 0.741904 0.010096 0.017487
0 0.330529 0.711140 0.008173 0.011658
0 0.116827 0.778174 0.018269 0.014896
0 0.101923 0.746438 0.008654 0.012306
0 0.031971 0.757448 0.007212 0.014896
0 0.050721 0.748705 0.007212 0.015544
0 0.077885 0.894754 0.011538 0.014896
0 0.064904 0.935557 0.011538 0.013601
0 0.026923 0.927137 0.008654 0.011010
0 0.140385 0.883096 0.010577 0.011010
0 0.149038 0.936205 0.008654 0.011010
0 0.250721 0.865609 0.010096 0.008420
0 0.240625 0.880181 0.007212 0.010363
0 0.327163 0.889573 0.014904 0.016192
0 0.334375 0.930052 0.009135 0.020725
0 0.519471 0.871762 0.011058 0.012953
0 0.550721 0.874676 0.008173 0.009715
0 0.535337 0.939443 0.011058 0.013601
0 0.418029 0.942358 0.010096 0.011658
0 0.722356 0.733161 0.010096 0.014249
0 0.626683 0.871762 0.007212 0.011658
0 0.608173 0.863018 0.005769 0.012306
0 0.674519 0.862047 0.007692 0.012953
0 0.747115 0.897668 0.007692 0.015544
0 0.732933 0.908679 0.009135 0.010363
0 0.759135 0.901231 0.007692 0.013601
0 0.726442 0.941710 0.010577 0.009067
0 0.828125 0.870466 0.009135 0.014249
0 0.820433 0.899935 0.006250 0.012306
0 0.874519 0.900259 0.009615 0.014249
0 0.866827 0.928756 0.010577 0.011658
0 0.975721 0.867876 0.008173 0.012953
0 0.984375 0.903497 0.009135 0.015544
