0 0.717067 0.173251 0.009135 0.013601
0 0.729327 0.260039 0.008654 0.018782
0 0.589183 0.141192 0.008173 0.006477
0 0.302644 0.205959 0.007212 0.011658
0 0.279808 0.194301 0.006731 0.007772
0 0.302644 0.303109 0.007212 0.012953
0 0.150962 0.280117 0.006731 0.009715
0 0.142067 0.296956 0.007212 0.009715
0 0.153606 0.178756 0.007212 0.007772
0 0.509135 0.200453 0.005769 0.007124
0 0.493990 0.168394 0.008173 0.010363
0 0.936298 0.563148 0.010096 0.012306
0 0.886538 0.522668 0.006731 0.007772
0 0.892308 0.532707 0.007692 0.008420
0 0.854808 0.640220 0.008654 0.012306
0 0.487740 0.503886 0.009135 0.010363
0 0.492788 0.536593 0.011538 0.012306
0 0.371394 0.490285 0.007212 0.006477
0 0.012500 0.555376 0.009615 0.009715
0 0.024279 0.564767 0.006250 0.007772
0 0.069471 0.630829 0.007212 0.011658
0 0.063221 0.479598 0.006250 0.013601
0 0.051923 0.659326 0.008654 0.005181
