0 0.095192 0.261334 0.010577 0.013601
0 0.051202 0.296632 0.009135 0.011658
0 0.045192 0.316386 0.009615 0.011010
0 0.144712 0.303109 0.008654 0.014249
0 0.175000 0.290803 0.009615 0.009067
0 0.129808 0.330311 0.008654 0.011658
0 0.088942 0.356865 0.006731 0.009067
0 0.129327 0.356541 0.012500 0.013601
0 0.171635 0.331930 0.011538 0.009715
0 0.165144 0.341645 0.007212 0.009715
0 0.229327 0.373705 0.016346 0.015544
0 0.128606 0.386010 0.007212 0.009067
0 0.112981 0.381477 0.005769 0.010363
0 0.124760 0.424223 0.008173 0.014249
0 0.170913 0.400583 0.005288 0.011010
0 0.180529 0.408031 0.007212 0.015544
0 0.169471 0.426166 0.010096 0.011658
0 0.154808 0.423251 0.006731 0.008420
0 0.226923 0.445272 0.009615 0.011010
0 0.342067 0.291127 0.010096 0.009715
0 0.291587 0.304080 0.011058 0.012306
0 0.338702 0.335816 0.008173 0.012306
0 0.338942 0.472474 0.008654 0.014896
0 0.316346 0.539832 0.010577 0.012306
0 0.279327 0.565415 0.009615 0.012953
0 0.249279 0.554080 0.008173 0.011010
0 0.102404 0.475389 0.006731 0.010363
0 0.056250 0.479275 0.005769 0.009067
0 0.054327 0.552137 0.006731 0.009715
0 0.194231 0.463407 0.007692 0.009715
0 0.318269 0.227979 0.010577 0.010363
0 0.366587 0.055699 0.011058 0.010363
0 0.206971 0.057642 0.007212 0.009067
0 0.442308 0.240285 0.007692 0.012953
0 0.523317 0.334197 0.010096 0.009067
0 0.497596 0.334521 0.006731 0.013601
0 0.482212 0.322215 0.006731 0.007124
0 0.421394 0.258744 0.006250 0.009715
0 0.656731 0.262953 0.013462 0.011658
0 0.726683 0.223446 0.009135 0.012953
0 0.492308 0.385687 0.009615 0.009715
0 0.457212 0.400907 0.005769 0.006477
0 0.510577 0.393459 0.008654 0.009715
0 0.528365 0.377267 0.006731 0.013601
0 0.537500 0.360751 0.007692 0.007772
0 0.556971 0.348446 0.008173 0.011658
0 0.556010 0.328368 0.008173 0.011658
0 0.567308 0.315091 0.008654 0.009715
0 0.591587 0.345531 0.011058 0.017487
0 0.538221 0.424547 0.008173 0.011010
0 0.563462 0.458873 0.010577 0.009715
0 0.556250 0.483161 0.011538 0.012953
0 0.593750 0.377915 0.007692 0.012306
0 0.602644 0.407707 0.006250 0.009715
0 0.652644 0.364313 0.007212 0.011010
0 0.623317 0.437824 0.007212 0.009067
0 0.619712 0.452720 0.005769 0.009067
0 0.634375 0.457254 0.004327 0.006477
0 0.635577 0.559909 0.005769 0.011010
0 0.424038 0.554728 0.007692 0.013601
0 0.447115 0.582578 0.008654 0.009715
0 0.708413 0.292098 0.009135 0.010363
0 0.736058 0.330959 0.006731 0.010363
0 0.524279 0.478951 0.004327 0.008420
0 0.526442 0.447863 0.007692 0.007124
0 0.468990 0.427137 0.007212 0.007124
0 0.446154 0.510039 0.006731 0.009715
0 0.448798 0.529469 0.005288 0.007124
0 0.450000 0.550842 0.007692 0.009715
0 0.470913 0.537889 0.008173 0.009715
0 0.599760 0.574158 0.008173 0.005829
0 0.616827 0.584521 0.006731 0.007124
0 0.627885 0.576425 0.006731 0.009067
0 0.686779 0.551813 0.009135 0.009067
0 0.731490 0.466969 0.009135 0.011658
0 0.701683 0.340350 0.012981 0.011010
0 0.726202 0.285946 0.006250 0.007124
0 0.737260 0.301166 0.006250 0.009067
0 0.753125 0.285622 0.005288 0.009067
0 0.671635 0.289184 0.011538 0.009715
0 0.740865 0.534326 0.006731 0.011658
0 0.669712 0.577720 0.008654 0.006477
0 0.723798 0.587111 0.008173 0.007124
0 0.752885 0.556023 0.005769 0.011010
0 0.749519 0.530764 0.005769 0.012306
0 0.825962 0.514573 0.009615 0.017487
0 0.847837 0.577073 0.012019 0.012953
0 0.807692 0.583873 0.007692 0.011010
0 0.187500 0.500000 0.008654 0.012953
0 0.137260 0.491580 0.008173 0.012953
0 0.175240 0.452720 0.006250 0.007772
0 0.341106 0.573834 0.010096 0.010363
0 0.312981 0.566710 0.006731 0.006477
0 0.295192 0.573187 0.005769 0.007772
0 0.043750 0.576425 0.010577 0.012953
0 0.812260 0.249676 0.010096 0.012306
0 0.843750 0.252915 0.008654 0.014896
0 0.879567 0.318005 0.005288 0.011658
0 0.921635 0.354922 0.010577 0.016839
0 0.894471 0.367228 0.009135 0.011658
0 0.986298 0.363666 0.012981 0.014896
0 0.963942 0.389249 0.009615 0.014249
0 0.956971 0.401231 0.007212 0.012306
0 0.960096 0.420984 0.013462 0.014249
0 0.943990 0.440738 0.008173 0.012306
0 0.984856 0.465026 0.009135 0.014249
0 0.958413 0.449158 0.006250 0.011010
0 0.879327 0.480246 0.009615 0.012306
0 0.909135 0.480894 0.008654 0.011010
0 0.930048 0.586140 0.010096 0.010363
0 0.895673 0.590026 0.008654 0.011658
0 0.898798 0.799547 0.009135 0.011010
0 0.967308 0.796632 0.006731 0.010363
0 0.978365 0.802137 0.007692 0.013601
0 0.877404 0.862047 0.004808 0.009067
0 0.893990 0.905117 0.009135 0.008420
0 0.908173 0.892811 0.005769 0.009715
0 0.956971 0.924223 0.008173 0.011658
0 0.946154 0.971179 0.006731 0.011010
0 0.990865 0.935881 0.007692 0.012953
0 0.979567 0.943653 0.008173 0.007772
0 0.982692 0.982189 0.009615 0.012306
0 0.802644 0.785946 0.011058 0.011010
0 0.782933 0.794365 0.011058 0.007124
0 0.811538 0.856541 0.006731 0.013601
0 0.824279 0.880505 0.008173 0.014896
0 0.767548 0.856218 0.012019 0.015544
0 0.767308 0.881801 0.006731 0.011010
0 0.800962 0.907060 0.005769 0.008420
0 0.834856 0.900907 0.006250 0.007772
0 0.750481 0.928756 0.006731 0.011658
0 0.684375 0.812824 0.012019 0.018135
0 0.728125 0.789508 0.008173 0.009067
0 0.662981 0.793394 0.006731 0.011658
0 0.601202 0.789184 0.007212 0.011010
0 0.574519 0.793718 0.011538 0.011010
0 0.557933 0.777526 0.006250 0.005829
0 0.547837 0.819624 0.010096 0.007124
0 0.501923 0.849093 0.008654 0.007772
0 0.464904 0.813472 0.004808 0.006477
0 0.485577 0.845207 0.007692 0.009067
0 0.462019 0.894430 0.008654 0.012953
0 0.469952 0.922604 0.006250 0.011010
0 0.471394 0.947539 0.007212 0.007772
0 0.575721 0.957902 0.010096 0.010363
0 0.575481 0.975712 0.009615 0.009715
0 0.612981 0.989313 0.007692 0.009715
0 0.685096 0.939767 0.009615 0.011658
0 0.701202 0.985751 0.008173 0.009067
0 0.764663 0.922280 0.012019 0.010363
0 0.753606 0.887630 0.007212 0.008420
0 0.793269 0.934585 0.010577 0.007772
0 0.379567 0.880181 0.011058 0.011658
0 0.340865 0.916451 0.010577 0.011658
0 0.323317 0.929080 0.006250 0.007124
0 0.343750 0.952720 0.008654 0.012953
0 0.371875 0.920984 0.010096 0.010363
0 0.376683 0.935881 0.008173 0.007772
0 0.370673 0.842940 0.011538 0.011010
0 0.351442 0.892811 0.007692 0.009715
0 0.327404 0.881477 0.008654 0.009067
0 0.345192 0.823510 0.007692 0.008420
0 0.375000 0.810881 0.007692 0.009067
0 0.311538 0.829663 0.007692 0.010363
0 0.320673 0.832578 0.005769 0.009715
0 0.299760 0.785622 0.012019 0.010363
0 0.219952 0.776231 0.012019 0.012306
0 0.200962 0.771697 0.009615 0.012306
0 0.223558 0.802137 0.009615 0.011010
0 0.162260 0.800518 0.012019 0.014249
0 0.187740 0.804080 0.007212 0.012306
0 0.201442 0.821244 0.011538 0.010363
0 0.074279 0.810881 0.014904 0.010363
0 0.058173 0.825777 0.008654 0.009067
0 0.039904 0.822863 0.010577 0.009715
0 0.148077 0.778821 0.008654 0.008420
0 0.111298 0.827720 0.011058 0.011658
0 0.081490 0.846826 0.009135 0.011010
0 0.072115 0.858808 0.010577 0.012953
0 0.036058 0.938472 0.009615 0.011658
0 0.038942 0.982513 0.007692 0.014249
0 0.129808 0.964378 0.009615 0.011658
0 0.096394 0.973769 0.008173 0.009715
0 0.114423 0.991256 0.013462 0.011010
0 0.204567 0.938472 0.009135 0.014249
0 0.219471 0.987047 0.014904 0.015544
0 0.239183 0.967293 0.008173 0.014896
0 0.252644 0.962759 0.009135 0.013601
0 0.294231 0.068005 0.007692 0.010363
0 0.322356 0.055376 0.005288 0.007124
0 0.361298 0.267487 0.007212 0.009067
0 0.368510 0.279145 0.005288 0.007772
0 0.303365 0.230570 0.004808 0.006477
0 0.289183 0.234456 0.005288 0.009067
0 0.421154 0.425194 0.005769 0.009715
0 0.487981 0.409974 0.006731 0.007772
0 0.514663 0.407707 0.004327 0.007124
0 0.302404 0.447215 0.005769 0.008420
0 0.363702 0.511982 0.004327 0.007124
0 0.320433 0.578044 0.007212 0.007124
0 0.247356 0.571244 0.005288 0.007772
0 0.253846 0.581930 0.004808 0.009715
0 0.176923 0.588407 0.005769 0.008420
0 0.641346 0.565415 0.005769 0.009067
0 0.618269 0.409650 0.004808 0.007124
0 0.632933 0.431671 0.004327 0.007124
0 0.638221 0.442358 0.005288 0.009067
0 0.575721 0.418070 0.005288 0.008420
0 0.541587 0.392163 0.006250 0.009715
0 0.530529 0.408355 0.004327 0.005829
0 0.531971 0.412565 0.003365 0.005181
0 0.546154 0.416775 0.003846 0.005829
0 0.562981 0.427461 0.004808 0.007772
0 0.563942 0.437824 0.004808 0.007772
0 0.534375 0.444301 0.004327 0.006477
0 0.525721 0.457902 0.004327 0.006477
0 0.515144 0.477655 0.004327 0.007124
0 0.537260 0.478627 0.003365 0.005181
0 0.547837 0.468912 0.004327 0.003886
0 0.588221 0.488666 0.004327 0.005829
0 0.581731 0.503562 0.003846 0.005829
0 0.611298 0.490285 0.003365 0.005181
0 0.756250 0.532383 0.003846 0.007772
0 0.305769 0.845207 0.006731 0.007772
0 0.346394 0.877591 0.005288 0.006477
0 0.138702 0.943977 0.005288 0.007124
0 0.223317 0.846503 0.005288 0.007772
0 0.166106 0.962759 0.005288 0.009715
0 0.197115 0.973769 0.006731 0.009715
0 0.657212 0.823834 0.005769 0.006477
0 0.651442 0.770078 0.005769 0.007772
0 0.669952 0.787889 0.006250 0.008420
0 0.907452 0.781088 0.005288 0.006477
0 0.652644 0.224741 0.004327 0.005181
0 0.666106 0.229275 0.004327 0.006477
0 0.631731 0.337435 0.004808 0.006477
0 0.612260 0.343264 0.004327 0.005181
0 0.582212 0.353951 0.005769 0.007124
0 0.573558 0.447539 0.004808 0.007772
0 0.587500 0.450777 0.005769 0.006477
0 0.148077 0.431995 0.007692 0.010363
0 0.155288 0.434585 0.007692 0.009067
0 0.164663 0.384391 0.006250 0.009715
0 0.177404 0.380181 0.004808 0.007772
0 0.203606 0.458225 0.005288 0.007124
0 0.206490 0.463731 0.005288 0.007772
0 0.045433 0.415803 0.006250 0.010363
0 0.023077 0.511982 0.006731 0.009715
0 0.870192 0.471503 0.005769 0.010363
0 0.370433 0.806995 0.008173 0.009067
0 0.320673 0.984132 0.006731 0.009715
0 0.487019 0.836140 0.005769 0.007772
0 0.459375 0.810233 0.007212 0.009067
0 0.897837 0.359456 0.007212 0.010363
0 0.931731 0.469236 0.005769 0.008420
0 0.609856 0.053109 0.009135 0.012953
0 0.618269 0.015868 0.007692 0.009715
0 0.667788 0.005829 0.008654 0.010363
0 0.795673 0.051490 0.008654 0.012306
0 0.861538 0.050842 0.007692 0.011010
0 0.122115 0.053756 0.009615 0.010363
0 0.137260 0.009067 0.007212 0.010363
0 0.141106 0.014573 0.005288 0.008420
0 0.080769 0.003886 0.007692 0.006477
0 0.291106 0.002915 0.007212 0.004534
0 0.427163 0.385363 0.005288 0.006477
