0 0.037500 0.022992 0.010577 0.014896
0 0.079087 0.060233 0.011058 0.019430
0 0.132692 0.057966 0.009615 0.011010
0 0.154327 0.011982 0.011538 0.009715
0 0.293510 0.007448 0.009135 0.012306
0 0.309615 0.040479 0.007692 0.012306
0 0.292308 0.048251 0.007692 0.012306
0 0.304808 0.066062 0.012500 0.014249
0 0.358654 0.044041 0.010577 0.011658
0 0.394952 0.016192 0.007212 0.011658
0 0.641587 0.022345 0.009135 0.013601
0 0.673558 0.023640 0.007692 0.016192
0 0.785096 0.038212 0.007692 0.010363
0 0.797356 0.060233 0.007212 0.014249
0 0.815625 0.072863 0.011058 0.011010
0 0.813942 0.117552 0.010577 0.013601
0 0.785577 0.144754 0.006731 0.012306
0 0.758173 0.280440 0.009615 0.011658
0 0.782933 0.315415 0.007212 0.011658
0 0.848558 0.359780 0.009615 0.011010
0 0.667788 0.164508 0.007692 0.011658
0 0.615385 0.120790 0.006731 0.012306
0 0.594231 0.127591 0.007692 0.009067
0 0.522596 0.197215 0.007692 0.011010
0 0.518269 0.266516 0.007692 0.011010
0 0.569952 0.339378 0.007212 0.012953
0 0.604327 0.366256 0.008654 0.008420
0 0.585096 0.234132 0.008654 0.012306
0 0.619712 0.366256 0.005769 0.009715
0 0.419231 0.175194 0.008654 0.013601
0 0.350481 0.117876 0.009615 0.009067
0 0.345673 0.143135 0.006731 0.012953
0 0.360337 0.157060 0.009135 0.013601
0 0.317788 0.153174 0.007692 0.012306
0 0.292788 0.185557 0.008654 0.011010
0 0.275481 0.202073 0.008654 0.010363
0 0.282692 0.296632 0.007692 0.014249
0 0.314423 0.353303 0.007692 0.009715
0 0.406971 0.318653 0.007212 0.010363
0 0.123558 0.135039 0.009615 0.014896
0 0.068990 0.159974 0.012019 0.014249
0 0.038221 0.286593 0.006250 0.009715
0 0.046635 0.311205 0.008654 0.014896
0 0.128606 0.337435 0.007212 0.010363
0 0.144952 0.347798 0.006250 0.009067
0 0.146635 0.310233 0.006731 0.006477
0 0.145192 0.296632 0.006731 0.009067
0 0.178125 0.295013 0.007212 0.007124
0 0.171154 0.253886 0.007692 0.010363
0 0.169952 0.223122 0.008173 0.007124
0 0.121875 0.257448 0.006250 0.009715
0 0.109615 0.272021 0.005769 0.006477
0 0.095192 0.269430 0.007692 0.009067
0 0.034615 0.452396 0.011538 0.014896
0 0.050000 0.468588 0.007692 0.009715
0 0.014904 0.526231 0.005769 0.011010
0 0.038702 0.568653 0.008173 0.015544
0 0.085817 0.543394 0.008173 0.010363
0 0.106971 0.503886 0.008173 0.014249
0 0.159615 0.486075 0.008654 0.014896
0 0.171394 0.585816 0.010096 0.013601
0 0.076683 0.624352 0.010096 0.018135
0 0.095673 0.649611 0.011538 0.010363
0 0.268990 0.513277 0.008173 0.012306
0 0.281250 0.439443 0.009615 0.012306
0 0.324038 0.405117 0.007692 0.011010
0 0.347837 0.399288 0.008173 0.009715
0 0.343029 0.425518 0.009135 0.009067
0 0.362500 0.498705 0.009615 0.011658
0 0.381250 0.602008 0.007692 0.012306
0 0.389904 0.591645 0.007692 0.009715
0 0.343510 0.627915 0.008173 0.011010
0 0.535096 0.432966 0.009615 0.017487
0 0.527644 0.472474 0.010096 0.012306
0 0.521635 0.507124 0.006731 0.009067
0 0.531250 0.587435 0.008654 0.014249
0 0.615625 0.627915 0.013942 0.011010
0 0.567788 0.646049 0.007692 0.008420
0 0.598077 0.412241 0.008654 0.011010
0 0.629327 0.404469 0.009615 0.016192
0 0.626923 0.442034 0.008654 0.012306
0 0.606010 0.503562 0.007212 0.013601
0 0.613462 0.543070 0.011538 0.013601
0 0.668269 0.500324 0.005769 0.011010
0 0.669952 0.574806 0.008173 0.009715
0 0.806250 0.416127 0.007692 0.012306
0 0.881010 0.416127 0.012019 0.011010
0 0.907452 0.455959 0.012019 0.011658
0 0.766346 0.549547 0.007692 0.008420
0 0.754808 0.558290 0.007692 0.011658
0 0.837260 0.526231 0.008173 0.008420
0 0.775721 0.581282 0.007212 0.007124
0 0.793269 0.618847 0.010577 0.017487
0 0.839904 0.616904 0.008654 0.009715
0 0.875000 0.623057 0.010577 0.006477
0 0.878365 0.636010 0.006731 0.009067
0 0.909375 0.602008 0.006250 0.009715
0 0.818990 0.692358 0.008173 0.009067
0 0.790865 0.712111 0.010577 0.009715
0 0.765385 0.753886 0.008654 0.011658
0 0.756731 0.815091 0.009615 0.008420
0 0.762981 0.866256 0.008654 0.009715
0 0.782452 0.890544 0.010096 0.007772
0 0.828125 0.918718 0.011058 0.012306
0 0.874279 0.907383 0.007212 0.010363
0 0.911538 0.886334 0.007692 0.008420
0 0.841346 0.788536 0.008654 0.007124
0 0.589904 0.687824 0.009615 0.011658
0 0.650240 0.748381 0.006250 0.008420
0 0.533894 0.730570 0.009135 0.009067
0 0.537019 0.749352 0.008654 0.012953
0 0.642548 0.897668 0.008173 0.012953
0 0.583413 0.925518 0.007212 0.011658
0 0.517308 0.796956 0.007692 0.009715
0 0.391346 0.710816 0.007692 0.013601
0 0.339904 0.704987 0.006731 0.009715
0 0.338221 0.684585 0.007212 0.009067
0 0.295192 0.712111 0.008654 0.009715
0 0.314904 0.694624 0.006731 0.009715
0 0.269712 0.818977 0.008654 0.011010
0 0.325721 0.920337 0.007212 0.009067
0 0.350721 0.920661 0.007212 0.009715
0 0.412500 0.885687 0.009615 0.013601
0 0.285577 0.869171 0.005769 0.010363
0 0.328365 0.898316 0.004808 0.007772
0 0.164904 0.745142 0.010577 0.007124
0 0.102404 0.693005 0.006731 0.010363
0 0.079567 0.704339 0.007212 0.011010
0 0.062740 0.693005 0.006250 0.010363
0 0.043029 0.706930 0.005288 0.005829
0 0.030769 0.851036 0.008654 0.018135
0 0.063462 0.913536 0.008654 0.013601
0 0.100481 0.915803 0.008654 0.012953
0 0.112019 0.919041 0.005769 0.007772
0 0.500721 0.780440 0.005288 0.007772
0 0.496394 0.513601 0.005288 0.009067
0 0.891587 0.334521 0.007212 0.009715
0 0.889423 0.319301 0.005769 0.007772
0 0.870433 0.327720 0.006250 0.010363
0 0.815144 0.328368 0.005288 0.006477
0 0.800481 0.357189 0.006731 0.008420
0 0.928846 0.286269 0.005769 0.009067
0 0.897356 0.153174 0.007212 0.011010
0 0.913221 0.156412 0.006250 0.008420
0 0.877644 0.042098 0.007212 0.011658
0 0.496635 0.252591 0.005769 0.011658
0 0.406010 0.057642 0.006250 0.009067
0 0.381250 0.115933 0.007692 0.009067
0 0.104087 0.085816 0.007212 0.012306
0 0.137019 0.065415 0.008654 0.010363
0 0.358413 0.053433 0.006250 0.008420
0 0.797356 0.594560 0.006250 0.009067
0 0.327163 0.548575 0.005288 0.007772
0 0.303846 0.529793 0.006731 0.007772
