0 0.039842 0.554687 0.023439 0.015626
0 0.032033 0.600001 0.029689 0.021874
0 0.321094 0.452343 0.029689 0.048438
0 0.357813 0.443750 0.031249 0.034376
0 0.316408 0.542969 0.048438 0.032812
0 0.235158 0.933594 0.029689 0.054687
0 0.467188 0.896094 0.037499 0.035937
0 0.746094 0.842187 0.035938 0.028125
0 0.653124 0.789843 0.040625 0.023437
0 0.584374 0.787500 0.028126 0.031249
0 0.439063 0.696093 0.037499 0.032812
0 0.579687 0.587499 0.053124 0.021874
0 0.959375 0.782031 0.031249 0.039063
0 0.698439 0.514844 0.040625 0.020313
0 0.496094 0.544532 0.026562 0.026562
0 0.595313 0.646094 0.024999 0.032812
0 0.485938 0.757030 0.024999 0.023437
0 0.565624 0.925000 0.028126 0.025001
0 0.787499 0.908593 0.034375 0.017187
0 0.864845 0.950780 0.026562 0.023437
0 0.727344 0.620311 0.023439 0.034376
0 0.795312 0.615624 0.028126 0.021874
0 0.814064 0.657032 0.028126 0.026562
0 0.748437 0.681251 0.031249 0.031249
0 0.667970 0.669531 0.029689 0.039063
0 0.885158 0.771093 0.042188 0.026562
0 0.606249 0.363281 0.050001 0.026562
0 0.557811 0.744531 0.028126 0.020313
0 0.844533 0.703907 0.014063 0.017187
0 0.604686 0.746094 0.012500 0.014062
0 0.513280 0.784376 0.014063 0.015626
0 0.484374 0.706249 0.015626 0.015626
0 0.392968 0.776562 0.020313 0.021874
0 0.742187 0.953907 0.018749 0.020313
0 0.493751 0.985938 0.018749 0.021874
0 0.751563 0.614063 0.018749 0.025001
0 0.684376 0.642188 0.021876 0.021874