0 0.866405 0.154687 0.017186 0.021874
0 0.878905 0.196093 0.020313 0.023437
0 0.765626 0.179688 0.028126 0.021874
0 0.739844 0.199219 0.023439 0.023437
0 0.731251 0.111718 0.037499 0.023437
0 0.788282 0.104688 0.023439 0.028125
0 0.943749 0.015625 0.031249 0.031250
0 0.444533 0.076563 0.026562 0.028125
0 0.492967 0.103906 0.023439 0.023437
0 0.414064 0.135155 0.018749 0.020313
0 0.552345 0.159375 0.029689 0.028125
0 0.604686 0.156250 0.024999 0.015626
0 0.632812 0.078124 0.028126 0.025001
0 0.533592 0.031249 0.023439 0.021874
0 0.517970 0.307813 0.029689 0.031249
0 0.267970 0.313282 0.026562 0.017187
0 0.604686 0.302344 0.024999 0.023437
0 0.888281 0.317970 0.026562 0.020313
0 0.202342 0.163280 0.029689 0.023437
0 0.173437 0.082032 0.024999 0.026562
0 0.010937 0.153905 0.021875 0.026562
0 0.885158 0.716406 0.023439 0.026562
0 0.355469 0.746095 0.017186 0.026562
0 0.307032 0.755470 0.020313 0.020313
0 0.374999 0.817968 0.018749 0.023437
0 0.335157 0.883593 0.026562 0.020313
0 0.316408 0.929688 0.020313 0.031249
0 0.503907 0.959374 0.032812 0.031249
0 0.721095 0.994531 0.023439 0.010938
0 0.944532 0.935157 0.023439 0.023437
0 0.817967 0.921874 0.032812 0.028125
0 0.753907 0.893749 0.029689 0.025001
0 0.707032 0.850001 0.020313 0.021874
0 0.675000 0.874999 0.034375 0.034376
0 0.109376 0.953907 0.018749 0.026562
0 0.081251 0.927343 0.015626 0.023437
0 0.023437 0.957032 0.021876 0.023437
0 0.026563 0.847656 0.021876 0.020313
0 0.077344 0.851562 0.026562 0.025001
0 0.274220 0.783594 0.020313 0.020313
0 0.401561 0.863282 0.024999 0.023437
0 0.942969 0.303907 0.023439 0.020313
0 0.880468 0.155469 0.014063 0.014062
0 0.894531 0.156250 0.014063 0.018750
0 0.085937 0.804687 0.015626 0.018750