0 0.985156 0.089844 0.029689 0.048438
0 0.927343 0.063282 0.026562 0.029688
0 0.935156 0.107031 0.017186 0.014062
0 0.843750 0.083593 0.028126 0.032812
0 0.858592 0.035157 0.014063 0.020313
0 0.692969 0.059374 0.020313 0.018750
0 0.709375 0.082032 0.028126 0.017187
0 0.752344 0.121875 0.020313 0.018750
0 0.728908 0.133595 0.017186 0.023437
0 0.664064 0.160156 0.031249 0.017187
0 0.466405 0.154687 0.017186 0.021874
0 0.478905 0.196093 0.020313 0.023437
0 0.365626 0.179688 0.028126 0.021874
0 0.339844 0.199219 0.023439 0.023437
0 0.331251 0.111718 0.037499 0.023437
0 0.388282 0.104688 0.023439 0.028125
0 0.543749 0.015625 0.031249 0.031250
0 0.044533 0.076563 0.026562 0.028125
0 0.092967 0.103906 0.023439 0.023437
0 0.011719 0.135155 0.023438 0.020313
0 0.152345 0.159375 0.029689 0.028125
0 0.204686 0.156250 0.024999 0.015626
0 0.232812 0.078124 0.028126 0.025001
0 0.133592 0.031249 0.023439 0.021874
0 0.117970 0.307813 0.029689 0.031249
0 0.204686 0.302344 0.024999 0.023437
0 0.488281 0.317970 0.026562 0.020313
0 0.619532 0.320312 0.032812 0.025001
0 0.767969 0.302344 0.017186 0.023437
0 0.957032 0.825000 0.020313 0.028125
0 0.917970 0.748437 0.020313 0.021874
0 0.793749 0.737499 0.021876 0.021874
0 0.782812 0.763281 0.034375 0.026562
0 0.715625 0.770314 0.037499 0.031249
0 0.658594 0.732811 0.029689 0.021874
0 0.664844 0.808593 0.017186 0.023437
0 0.832030 0.874999 0.026562 0.025001
0 0.754687 0.871875 0.034375 0.031249
0 0.885938 0.932812 0.021876 0.021874
0 0.940626 0.907812 0.018749 0.015626
0 0.485158 0.716406 0.023439 0.026562
0 0.748437 0.823437 0.021876 0.021874
0 0.103907 0.959374 0.032812 0.031249
0 0.321095 0.994531 0.023439 0.010938
0 0.544532 0.935157 0.023439 0.023437
0 0.413281 0.923437 0.042188 0.031249
0 0.353907 0.893749 0.029689 0.025001
0 0.307032 0.850001 0.020313 0.021874
0 0.275000 0.874999 0.034375 0.034376
0 0.685156 0.770314 0.023439 0.021874
0 0.007030 0.863282 0.014060 0.023437
0 0.542969 0.303907 0.023439 0.020313
0 0.480468 0.155469 0.014063 0.014062
0 0.494531 0.156250 0.014063 0.018750