0 0.909376 0.553907 0.018749 0.026562
0 0.881251 0.527343 0.015626 0.023437
0 0.823437 0.557032 0.021876 0.023437
0 0.789061 0.490625 0.034375 0.021874
0 0.826563 0.447656 0.021876 0.020313
0 0.877344 0.451562 0.026562 0.025001
0 0.648437 0.457031 0.024999 0.026562
0 0.588283 0.471093 0.026562 0.026562
0 0.757812 0.424219 0.028126 0.026562
0 0.687499 0.391406 0.028126 0.045312
0 0.746876 0.355470 0.028126 0.029688
0 0.656250 0.340625 0.021876 0.025001
0 0.568750 0.351561 0.040625 0.025001
0 0.427343 0.350782 0.035938 0.029688
0 0.766405 0.989062 0.023439 0.021875
0 0.207812 0.452343 0.018749 0.023437
0 0.115625 0.502343 0.024999 0.023437
0 0.092186 0.521874 0.018749 0.025001
0 0.154687 0.525782 0.018749 0.023437
0 0.300781 0.530470 0.023439 0.029688
0 0.384375 0.528125 0.021876 0.021874
0 0.417187 0.559374 0.021876 0.021874
0 0.462501 0.517968 0.024999 0.026562
0 0.225001 0.552344 0.024999 0.023437
0 0.006250 0.646875 0.012500 0.025001
0 0.137501 0.613281 0.028126 0.026562
0 0.194532 0.616406 0.026562 0.035937
0 0.221874 0.585156 0.034375 0.029688
0 0.265626 0.600782 0.028126 0.023437
0 0.353126 0.618750 0.024999 0.025001
0 0.496093 0.632813 0.035938 0.040624
0 0.402344 0.658593 0.023439 0.023437
0 0.386718 0.692187 0.029689 0.028125
0 0.482031 0.718751 0.029689 0.028125
0 0.578126 0.765626 0.021876 0.025001
0 0.609375 0.814062 0.024999 0.025001
0 0.202345 0.702344 0.032812 0.029688
0 0.169530 0.705468 0.020313 0.023437
0 0.013281 0.748437 0.026563 0.025001
0 0.007031 0.903124 0.014061 0.021874
0 0.100000 0.783594 0.031249 0.029688
0 0.108592 0.814843 0.020313 0.017187
0 0.174220 0.778907 0.023439 0.032812
0 0.242970 0.810937 0.029689 0.025001
0 0.205468 0.807813 0.020313 0.025001
0 0.168750 0.857031 0.018749 0.020313
0 0.428126 0.750000 0.024999 0.021874
0 0.474217 0.781249 0.023439 0.025001
0 0.507033 0.782813 0.029689 0.025001
0 0.288282 0.925782 0.023439 0.029688
0 0.309374 0.703907 0.034375 0.026562
0 0.385158 0.820312 0.029689 0.025001
0 0.400000 0.793751 0.018749 0.025001
0 0.467188 0.841407 0.021876 0.017187
0 0.506250 0.892970 0.021876 0.029688
0 0.557031 0.935936 0.026562 0.025001
0 0.439842 0.954686 0.032812 0.018750
0 0.205468 0.969530 0.026562 0.020313
0 0.104686 0.953907 0.037499 0.026562
0 0.213281 0.939063 0.023439 0.018750
0 0.646874 0.947656 0.015626 0.017187
0 0.688282 0.967970 0.017186 0.017187
0 0.383594 0.842968 0.017186 0.017187
0 0.398437 0.877344 0.015626 0.020313
0 0.270313 0.764844 0.018749 0.014062
0 0.284375 0.776562 0.015626 0.015626
0 0.296875 0.801563 0.015626 0.021874
0 0.300001 0.835938 0.015626 0.015626
0 0.235157 0.864845 0.017186 0.010938
0 0.075000 0.802344 0.018749 0.017187