0 0.864062 0.286718 0.031249 0.023437
0 0.851563 0.403905 0.034375 0.039063
0 0.805468 0.442969 0.039062 0.035937
0 0.986718 0.719530 0.026564 0.032812
0 0.792189 0.975781 0.021876 0.026562
0 0.557032 0.425000 0.020313 0.028125
0 0.517970 0.348437 0.020313 0.021874
0 0.393749 0.337499 0.021876 0.021874
0 0.382812 0.363281 0.034375 0.026562
0 0.315625 0.370314 0.037499 0.031249
0 0.258594 0.332811 0.029689 0.021874
0 0.264844 0.408593 0.017186 0.023437
0 0.432030 0.474999 0.026562 0.025001
0 0.354687 0.471875 0.034375 0.031249
0 0.485938 0.532812 0.021876 0.021874
0 0.540626 0.507812 0.018749 0.015626
0 0.562502 0.983593 0.021876 0.020313
0 0.328908 0.914062 0.023439 0.028125
0 0.374219 0.939063 0.017186 0.015626
0 0.085158 0.316406 0.023439 0.026562
0 0.348437 0.423437 0.021876 0.021874
0 0.013281 0.970312 0.026562 0.034376
0 0.153125 0.902345 0.028126 0.023437
0 0.069532 0.896094 0.026562 0.029688
0 0.207033 0.832812 0.026562 0.028125
0 0.129686 0.798438 0.040625 0.046875
0 0.158595 0.727344 0.029689 0.039063
0 0.012500 0.799218 0.025000 0.029688
0 0.055469 0.744531 0.023439 0.023437
0 0.036720 0.860937 0.020313 0.021874
0 0.039843 0.913281 0.026562 0.020313
0 0.144532 0.654687 0.023439 0.021874
0 0.096094 0.677343 0.026562 0.023437
0 0.038280 0.689063 0.023439 0.021874
0 0.061719 0.637500 0.020313 0.021874
0 0.100781 0.632031 0.026562 0.023437
0 0.165624 0.617187 0.015626 0.015626
0 0.144532 0.535157 0.023439 0.023437
0 0.017187 0.521874 0.034373 0.028125
0 0.285156 0.370314 0.023439 0.021874
0 0.926563 0.884374 0.021876 0.028125