0 0.193749 0.479687 0.059374 0.049999
0 0.875001 0.114062 0.056251 0.096874
0 0.887500 0.175000 0.028126 0.034376
0 0.942188 0.132812 0.031249 0.043751
0 0.975780 0.339062 0.048438 0.043751
0 0.857031 0.338280 0.045311 0.051562
0 0.827343 0.387500 0.054688 0.053126
0 0.482813 0.532812 0.087500 0.043751
0 0.406250 0.467187 0.028126 0.025001
0 0.593749 0.455470 0.021876 0.017187
0 0.473437 0.014062 0.021876 0.028124
0 0.150001 0.529688 0.015626 0.018750
0 0.330470 0.552344 0.039062 0.042187
0 0.502343 0.630468 0.026562 0.023437
0 0.812500 0.562500 0.024999 0.025001
0 0.760939 0.810937 0.037499 0.028125
0 0.737500 0.775001 0.021876 0.025001
0 0.707811 0.803907 0.021876 0.020313
0 0.496876 0.807031 0.056251 0.023437
0 0.021875 0.949219 0.043750 0.032812
0 0.396874 0.981250 0.024999 0.025001
0 0.166406 0.059376 0.026562 0.040624