0 0.698439 0.641406 0.037499 0.039063
0 0.648438 0.644530 0.031249 0.029688
0 0.967188 0.713282 0.021876 0.020313
0 0.994531 0.713282 0.010938 0.029688
0 0.064062 0.553126 0.040625 0.034376
0 0.450783 0.767968 0.054688 0.057813
0 0.530469 0.924219 0.045311 0.042187
0 0.226562 0.797657 0.037499 0.029688
0 0.107030 0.939063 0.032812 0.028125
0 0.080468 0.985157 0.042188 0.029687
0 0.618749 0.934375 0.024999 0.034376
0 0.443750 0.978905 0.024999 0.020313
0 0.500001 0.894531 0.028126 0.020313
0 0.220312 0.707031 0.031249 0.020313
0 0.900781 0.700780 0.014063 0.014062
0 0.898438 0.635156 0.015626 0.017187
0 0.932033 0.656250 0.014063 0.015626
0 0.843750 0.594531 0.018749 0.017187
0 0.779689 0.581251 0.006250 0.009375