0 0.774999 0.014843 0.018749 0.029686
0 0.735157 0.083593 0.026562 0.020313
0 0.716408 0.129688 0.020313 0.031249
0 0.739063 0.572657 0.028126 0.032812
0 0.687499 0.593750 0.024999 0.037500
0 0.736720 0.733595 0.032812 0.026562
0 0.760936 0.699219 0.024999 0.026562
0 0.817187 0.689844 0.024999 0.023437
0 0.830470 0.724220 0.023439 0.026562
0 0.719531 0.788281 0.014063 0.014062
0 0.925783 0.771874 0.035938 0.040624
0 0.949218 0.514062 0.020313 0.031249
0 0.991407 0.511720 0.017186 0.020313
0 0.828127 0.314843 0.028126 0.026562
0 0.903907 0.159374 0.032812 0.031249
0 0.930469 0.314064 0.023439 0.037500
0 0.957811 0.319530 0.015626 0.023437
0 0.509376 0.153907 0.018749 0.026562
0 0.481251 0.127343 0.015626 0.023437
0 0.423437 0.157032 0.021876 0.023437
0 0.389061 0.090625 0.034375 0.021874
0 0.426563 0.047656 0.021876 0.020313
0 0.477344 0.051562 0.026562 0.025001
0 0.248437 0.057031 0.024999 0.026562
0 0.188283 0.071093 0.026562 0.026562
0 0.357812 0.018750 0.028126 0.037499
0 0.046095 0.757812 0.026562 0.025001
0 0.156251 0.746876 0.028126 0.031249
0 0.271876 0.641406 0.018749 0.020313
0 0.338280 0.603124 0.023439 0.025001
0 0.366405 0.590625 0.023439 0.025001
0 0.400001 0.603124 0.024999 0.021874
0 0.385938 0.649218 0.021876 0.020313
0 0.392968 0.677343 0.026562 0.017187
0 0.254687 0.692187 0.018749 0.018750
0 0.279689 0.674218 0.021876 0.014062
0 0.510936 0.773437 0.018749 0.018750
0 0.014062 0.159374 0.028124 0.021874
0 0.062501 0.117968 0.024999 0.026562
0 0.096093 0.232813 0.035938 0.040624
0 0.007032 0.258593 0.014063 0.023437
0 0.082031 0.318751 0.029689 0.028125
0 0.178126 0.365626 0.021876 0.025001
0 0.209375 0.414062 0.024999 0.025001
0 0.028126 0.350000 0.024999 0.021874
0 0.074217 0.381249 0.023439 0.025001
0 0.107033 0.382813 0.029689 0.025001
0 0.004688 0.393751 0.009375 0.025001
0 0.067188 0.441407 0.021876 0.017187
0 0.106250 0.492970 0.021876 0.029688
0 0.157031 0.535936 0.026562 0.025001
0 0.039842 0.554686 0.032812 0.018750
0 0.230468 0.766407 0.017186 0.017187
0 0.385938 0.792187 0.021876 0.025001
0 0.384375 0.731250 0.015626 0.018750
0 0.439063 0.702343 0.018749 0.020313
0 0.260156 0.634376 0.020313 0.021874
0 0.246874 0.547656 0.015626 0.017187
0 0.288282 0.567970 0.017186 0.017187
0 0.995312 0.501563 0.009375 0.018750
0 0.859375 0.445313 0.018749 0.015626
0 0.801561 0.063282 0.024999 0.023437