0 0.957032 0.019531 0.020313 0.039063
0 0.664844 0.010156 0.017186 0.020312
0 0.832030 0.074999 0.026562 0.025001
0 0.754687 0.071875 0.034375 0.031249
0 0.885938 0.132812 0.021876 0.021874
0 0.940626 0.107812 0.018749 0.015626
0 0.962502 0.583593 0.021876 0.020313
0 0.793749 0.621093 0.015626 0.017187
0 0.753907 0.613281 0.017186 0.029688
0 0.728908 0.514062 0.023439 0.028125
0 0.774219 0.539063 0.017186 0.015626
0 0.930470 0.696874 0.020313 0.034376
0 0.702342 0.728907 0.029689 0.023437
0 0.683593 0.750782 0.029689 0.026562
0 0.900001 0.654687 0.018749 0.018750
0 0.917187 0.671876 0.021876 0.012499
0 0.748437 0.023437 0.021876 0.021874
0 0.014843 0.689844 0.029686 0.023437
0 0.030470 0.724220 0.023439 0.026562
0 0.125783 0.771874 0.035938 0.040624
0 0.333594 0.789845 0.029689 0.017187
0 0.149218 0.514062 0.020313 0.031249
0 0.191407 0.511720 0.017186 0.020313
0 0.242188 0.575781 0.018749 0.026562
0 0.317968 0.577344 0.023439 0.023437
0 0.410938 0.570312 0.031249 0.034376
0 0.392188 0.620314 0.024999 0.021874
0 0.553125 0.502345 0.028126 0.023437
0 0.469532 0.496094 0.026562 0.029688
0 0.607033 0.432812 0.026562 0.028125
0 0.529686 0.398438 0.040625 0.046875
0 0.558595 0.327344 0.029689 0.039063
0 0.028127 0.314843 0.028126 0.026562
0 0.103907 0.159374 0.032812 0.031249
0 0.130469 0.314064 0.023439 0.037500
0 0.157811 0.319530 0.015626 0.023437
0 0.321095 0.199219 0.023439 0.020313
0 0.263280 0.222656 0.020313 0.023437
0 0.278906 0.253905 0.026562 0.020313
0 0.326561 0.260938 0.018749 0.018750
0 0.299999 0.279688 0.015626 0.015626
0 0.321095 0.285939 0.014063 0.015626
0 0.289842 0.366405 0.023439 0.029688
0 0.317968 0.402344 0.026562 0.017187
0 0.412501 0.399218 0.024999 0.029688
0 0.354687 0.332813 0.021876 0.018750
0 0.337500 0.360938 0.021876 0.025001
0 0.455469 0.344531 0.023439 0.023437
0 0.436720 0.460937 0.020313 0.021874
0 0.439843 0.513281 0.026562 0.020313
0 0.544532 0.254687 0.023439 0.021874
0 0.496094 0.277343 0.026562 0.023437
0 0.438280 0.289063 0.023439 0.021874
0 0.462499 0.232813 0.040625 0.031249
0 0.503907 0.233595 0.020313 0.020313
0 0.565624 0.217187 0.015626 0.015626
0 0.544532 0.135157 0.023439 0.023437
0 0.413281 0.123437 0.042188 0.031249
0 0.353907 0.093749 0.029689 0.025001
0 0.307032 0.050001 0.020313 0.021874
0 0.275000 0.074999 0.034375 0.034376
0 0.204686 0.350782 0.028126 0.035937
0 0.380469 0.446874 0.023439 0.021874
0 0.354687 0.360157 0.018749 0.020313
0 0.388282 0.305468 0.014063 0.017187
0 0.260157 0.500781 0.023439 0.020313
0 0.237501 0.368750 0.015626 0.015626
0 0.199999 0.501563 0.018749 0.018750
0 0.059375 0.445313 0.018749 0.015626
0 0.386718 0.573439 0.026562 0.021874
0 0.417187 0.646875 0.018749 0.015626
0 0.653908 0.624219 0.020313 0.023437
0 0.007030 0.063282 0.014060 0.023437
0 0.807811 0.782812 0.015626 0.018750
0 0.839843 0.631249 0.017186 0.025001