0 0.033592 0.347657 0.020313 0.023437
0 0.182813 0.374219 0.021876 0.020313
0 0.446095 0.357812 0.026562 0.025001
0 0.556251 0.346876 0.028126 0.031249
0 0.671876 0.241406 0.018749 0.020313
0 0.738280 0.203124 0.023439 0.025001
0 0.766405 0.190625 0.023439 0.025001
0 0.800001 0.203124 0.024999 0.021874
0 0.785938 0.249218 0.021876 0.020313
0 0.792968 0.277343 0.026562 0.017187
0 0.654687 0.292187 0.018749 0.018750
0 0.679689 0.274218 0.021876 0.014062
0 0.910936 0.373437 0.018749 0.018750
0 0.609375 0.013281 0.024999 0.026562
0 0.007031 0.103124 0.014061 0.021874
0 0.108592 0.011718 0.020313 0.023437
0 0.242970 0.011719 0.029689 0.023438
0 0.205468 0.010157 0.020313 0.020314
0 0.168750 0.057031 0.018749 0.020313
0 0.288282 0.125782 0.023439 0.029688
0 0.385158 0.016406 0.029689 0.032813
0 0.467188 0.041407 0.021876 0.017187
0 0.506250 0.092970 0.021876 0.029688
0 0.557031 0.135936 0.026562 0.025001
0 0.439842 0.154686 0.032812 0.018750
0 0.205468 0.169530 0.026562 0.020313
0 0.104686 0.153907 0.037499 0.026562
0 0.213281 0.139063 0.023439 0.018750
0 0.266406 0.211718 0.029689 0.029688
0 0.188283 0.210939 0.026562 0.028125
0 0.817970 0.940626 0.029689 0.021874
0 0.745313 0.952343 0.037499 0.026562
0 0.941405 0.995312 0.029689 0.009375
0 0.453905 0.888282 0.032812 0.026562
0 0.398437 0.887500 0.031249 0.031249
0 0.195312 0.938281 0.028126 0.026562
0 0.194532 0.886718 0.032812 0.035937
0 0.086720 0.908593 0.023439 0.020313
0 0.082030 0.970312 0.029689 0.028125
0 0.023436 0.975781 0.018749 0.017187
0 0.135938 0.396093 0.021876 0.023437
0 0.630468 0.366407 0.017186 0.017187
0 0.785938 0.392187 0.021876 0.025001
0 0.784375 0.331250 0.015626 0.018750
0 0.839063 0.302343 0.018749 0.020313
0 0.660156 0.234376 0.020313 0.021874
0 0.646874 0.147656 0.015626 0.017187
0 0.688282 0.167970 0.017186 0.017187
0 0.383594 0.042968 0.017186 0.017187
0 0.398437 0.077344 0.015626 0.020313
0 0.296875 0.006250 0.015626 0.012500
0 0.300001 0.035938 0.015626 0.015626
0 0.235157 0.064845 0.017186 0.010938
0 0.075000 0.005469 0.018749 0.010937