0 0.788282 0.624220 0.026562 0.023437
0 0.824217 0.663280 0.020313 0.017187
0 0.298439 0.641406 0.037499 0.039063
0 0.248438 0.644530 0.031249 0.029688
0 0.605470 0.659375 0.032812 0.034376
0 0.567188 0.713282 0.021876 0.020313
0 0.600000 0.713282 0.021876 0.029688
0 0.039063 0.767968 0.078126 0.057813
0 0.130469 0.924219 0.045311 0.042187
0 0.218749 0.934375 0.024999 0.034376
0 0.043750 0.978905 0.024999 0.020313
0 0.100001 0.894531 0.028126 0.020313
0 0.610936 0.752343 0.018749 0.020313
0 0.500781 0.700780 0.014063 0.014062
0 0.498437 0.635156 0.015626 0.017187
0 0.532033 0.656250 0.014063 0.015626
0 0.443750 0.594531 0.018749 0.017187
0 0.379689 0.581251 0.006250 0.009375
0 0.870312 0.594531 0.015626 0.017187
0 0.920314 0.522656 0.012500 0.014062
0 0.989064 0.969530 0.015626 0.017187