0 0.979687 0.789064 0.024999 0.018750
0 0.975780 0.733593 0.026562 0.023437
0 0.728123 0.842187 0.021876 0.025001
0 0.656250 0.830469 0.012500 0.017187
0 0.632031 0.841405 0.017186 0.017187
0 0.696095 0.879687 0.023439 0.028125
0 0.677342 0.907032 0.017186 0.020313
0 0.851562 0.889062 0.031249 0.015626
0 0.233594 0.832812 0.014063 0.021874
0 0.268749 0.811719 0.018749 0.020313
0 0.264842 0.838281 0.020313 0.017187
0 0.286718 0.637501 0.017186 0.028125
0 0.500000 0.809374 0.018749 0.018750
0 0.419533 0.818749 0.020313 0.018750
0 0.375781 0.816407 0.023439 0.017187
0 0.375001 0.847656 0.021876 0.020313
0 0.334376 0.855468 0.037499 0.026562
0 0.435939 0.730469 0.018749 0.017187
0 0.449218 0.765626 0.017186 0.018750
0 0.531251 0.871093 0.018749 0.020313
0 0.462501 0.864063 0.018749 0.018750
0 0.596092 0.890625 0.017186 0.018750
0 0.625001 0.495313 0.024999 0.034376
0 0.599999 0.452344 0.031249 0.032812
0 0.228124 0.503906 0.021876 0.023437
0 0.253906 0.477344 0.020313 0.029688
0 0.423436 0.328906 0.024999 0.032812
0 0.453905 0.333593 0.017186 0.032812
0 0.477344 0.342187 0.023439 0.025001
0 0.610155 0.252343 0.017186 0.029688
0 0.555467 0.228126 0.014063 0.021874
0 0.636717 0.171876 0.023439 0.025001
0 0.606249 0.124220 0.037499 0.029688
0 0.685939 0.143749 0.028126 0.021874
0 0.866408 0.175782 0.029689 0.023437
0 0.743750 0.202344 0.024999 0.020313
0 0.715624 0.271093 0.021876 0.026562
0 0.786718 0.291406 0.026562 0.029688
0 0.867968 0.239062 0.017186 0.015626
0 0.953124 0.354688 0.021876 0.031249
0 0.739843 0.352343 0.023439 0.029688
0 0.701561 0.321094 0.028126 0.020313
0 0.645314 0.304687 0.040625 0.028125
0 0.753906 0.438281 0.023439 0.029688
0 0.665626 0.414844 0.021876 0.017187
0 0.582813 0.514063 0.024999 0.021874
0 0.674999 0.377344 0.015626 0.017187
0 0.695311 0.352343 0.021876 0.020313
0 0.716407 0.376562 0.017186 0.028125
0 0.783594 0.403906 0.023439 0.020313
0 0.800780 0.368751 0.032812 0.031249
0 0.254686 0.153126 0.031249 0.028125
0 0.255469 0.091407 0.032812 0.039063
0 0.014062 0.308595 0.028124 0.026562
0 0.053124 0.307813 0.024999 0.021874
0 0.703125 0.990625 0.037499 0.018749
0 0.963280 0.467188 0.020313 0.021874
0 0.663283 0.442187 0.017186 0.015626
0 0.671093 0.627344 0.026562 0.017187
0 0.684375 0.267187 0.015626 0.015626
0 0.602345 0.325000 0.020313 0.018750
0 0.582813 0.365624 0.018749 0.018750
0 0.597656 0.082032 0.017186 0.020313
0 0.675782 0.078124 0.017186 0.018750
0 0.059374 0.975000 0.028126 0.025001
0 0.007812 0.778907 0.015624 0.026562