0 0.935936 0.060156 0.034375 0.035937
0 0.874999 0.133595 0.040625 0.042187
0 0.958595 0.253906 0.029689 0.029688
0 0.921093 0.275780 0.020313 0.023437
0 0.973438 0.412499 0.031249 0.037500
0 0.883595 0.624220 0.029689 0.035937
0 0.834373 0.600001 0.018749 0.043751
0 0.910157 0.477344 0.023439 0.017187
0 0.922656 0.503124 0.020313 0.021874
0 0.939063 0.461719 0.015626 0.020313
0 0.770313 0.685157 0.028126 0.029688
0 0.867969 0.785155 0.032812 0.042187
0 0.805468 0.843750 0.029689 0.025001
0 0.648438 0.782031 0.021876 0.014062
0 0.620312 0.867969 0.021876 0.026562
0 0.591407 0.826564 0.023439 0.025001
0 0.711718 0.717970 0.014063 0.023437
0 0.728125 0.704686 0.015626 0.021874
0 0.503124 0.876563 0.024999 0.021874
0 0.468749 0.823437 0.028126 0.028125
0 0.346094 0.838281 0.032812 0.026562
0 0.361719 0.761718 0.029689 0.026562
0 0.246874 0.775780 0.024999 0.023437
0 0.196093 0.825000 0.023439 0.018750
0 0.242188 0.835157 0.037499 0.032812
0 0.117186 0.755470 0.024999 0.023437
0 0.107030 0.717970 0.017186 0.020313
0 0.027343 0.714061 0.023439 0.018750
0 0.072655 0.823437 0.029689 0.025001
0 0.186720 0.364063 0.026562 0.031249
0 0.314845 0.253906 0.042188 0.039063
0 0.376562 0.200780 0.024999 0.026562
0 0.371876 0.435157 0.024999 0.023437
0 0.406251 0.424219 0.021876 0.023437
0 0.448436 0.445311 0.028126 0.025001
0 0.472655 0.581251 0.017186 0.025001
0 0.594530 0.427343 0.023439 0.032812
0 0.540625 0.432030 0.018749 0.023437
0 0.488281 0.378126 0.020313 0.021874
0 0.536719 0.332812 0.032812 0.018750
0 0.473438 0.318749 0.024999 0.028125
0 0.446093 0.261718 0.023439 0.032812
0 0.639062 0.203907 0.031249 0.029688
0 0.709375 0.292188 0.021876 0.031249
0 0.542969 0.271874 0.014063 0.015626
0 0.564061 0.311719 0.018749 0.026562
0 0.614842 0.134374 0.023439 0.031249
0 0.507813 0.053126 0.021876 0.037500
0 0.105470 0.034376 0.032812 0.031249
0 0.099220 0.603907 0.023439 0.020313
0 0.914843 0.992188 0.032812 0.015624
0 0.717188 0.985156 0.053124 0.029688
0 0.164061 0.988281 0.040625 0.023438
0 0.520313 0.607031 0.018749 0.017187
0 0.443750 0.614063 0.015626 0.015626
0 0.400781 0.582812 0.020313 0.018750
0 0.237501 0.521874 0.015626 0.018750
0 0.207813 0.473439 0.012500 0.015626
0 0.247658 0.487501 0.020313 0.015626
0 0.103123 0.685936 0.012500 0.012499
0 0.637502 0.485938 0.018749 0.028125
0 0.341407 0.384374 0.014063 0.018750
0 0.246094 0.980469 0.023439 0.020313
0 0.433593 0.907812 0.020313 0.021874