0 0.979687 0.389064 0.024999 0.018750
0 0.975780 0.333593 0.026562 0.023437
0 0.728123 0.442187 0.021876 0.025001
0 0.656250 0.430469 0.012500 0.017187
0 0.632031 0.441405 0.017186 0.017187
0 0.696095 0.479687 0.023439 0.028125
0 0.677342 0.507032 0.017186 0.020313
0 0.851562 0.489062 0.031249 0.015626
0 0.233594 0.432812 0.014063 0.021874
0 0.268749 0.411719 0.018749 0.020313
0 0.264842 0.438281 0.020313 0.017187
0 0.286718 0.237501 0.017186 0.028125
0 0.500000 0.409374 0.018749 0.018750
0 0.419533 0.418749 0.020313 0.018750
0 0.375781 0.416407 0.023439 0.017187
0 0.375001 0.447656 0.021876 0.020313
0 0.334376 0.455468 0.037499 0.026562
0 0.435939 0.330469 0.018749 0.017187
0 0.449218 0.365626 0.017186 0.018750
0 0.531251 0.471093 0.018749 0.020313
0 0.462501 0.464063 0.018749 0.018750
0 0.596092 0.490625 0.017186 0.018750
0 0.625001 0.095313 0.024999 0.034376
0 0.599999 0.052344 0.031249 0.032812
0 0.228124 0.103906 0.021876 0.023437
0 0.253906 0.077344 0.020313 0.029688
0 0.753906 0.038281 0.023439 0.029688
0 0.665626 0.011719 0.021876 0.023437
0 0.582813 0.114063 0.024999 0.021874
0 0.783594 0.007031 0.023439 0.014062
0 0.844532 0.603125 0.023439 0.021874
0 0.703125 0.595313 0.037499 0.028125
0 0.482813 0.603906 0.040625 0.032812
0 0.370312 0.607031 0.046875 0.026562
0 0.285938 0.605470 0.053124 0.032812
0 0.203125 0.609376 0.031249 0.025001
0 0.963280 0.067188 0.020313 0.021874
0 0.663283 0.042187 0.017186 0.015626
0 0.671093 0.227344 0.026562 0.017187
0 0.059374 0.575000 0.028126 0.025001
0 0.007812 0.378907 0.015624 0.026562
0 0.056251 0.850782 0.021876 0.029688