0 0.937499 0.102343 0.043751 0.035937
0 0.834376 0.144530 0.037499 0.032812
0 0.732814 0.115626 0.028126 0.034376
0 0.953908 0.214845 0.026562 0.017187
0 0.825780 0.263281 0.023439 0.023437
0 0.885937 0.350782 0.031249 0.029688
0 0.979687 0.396875 0.018749 0.028125
0 0.766405 0.345313 0.020313 0.018750
0 0.834376 0.371875 0.024999 0.018750
0 0.657813 0.299220 0.021876 0.029688
0 0.792968 0.289845 0.026562 0.020313
0 0.877344 0.391406 0.017186 0.017187
0 0.863281 0.416407 0.020313 0.017187
0 0.579686 0.389064 0.024999 0.018750
0 0.575780 0.333593 0.026562 0.023437
0 0.328123 0.442187 0.021876 0.025001
0 0.256250 0.430469 0.012500 0.017187
0 0.232031 0.441405 0.017186 0.017187
0 0.296095 0.479687 0.023439 0.028125
0 0.277342 0.507032 0.017186 0.020313
0 0.451562 0.489062 0.031249 0.015626
0 0.100000 0.409374 0.018749 0.018750
0 0.014845 0.418749 0.029689 0.018750
0 0.035939 0.330469 0.018749 0.017187
0 0.049218 0.365626 0.017186 0.018750
0 0.131251 0.471093 0.018749 0.020313
0 0.062501 0.464063 0.018749 0.018750
0 0.196092 0.490625 0.017186 0.018750
0 0.225001 0.095313 0.024999 0.034376
0 0.199999 0.052344 0.031249 0.032812
0 0.353906 0.038281 0.023439 0.029688
0 0.265626 0.011719 0.021876 0.023437
0 0.182813 0.114063 0.024999 0.021874
0 0.383594 0.007031 0.023439 0.014062
0 0.840626 0.604688 0.024999 0.031249
0 0.708595 0.622656 0.029689 0.023437
0 0.444532 0.603125 0.023439 0.021874
0 0.303125 0.595313 0.037499 0.028125
0 0.082813 0.603906 0.040625 0.032812
0 0.992970 0.331250 0.014060 0.015626
0 0.563280 0.067188 0.020313 0.021874
0 0.263283 0.042187 0.017186 0.015626
0 0.271093 0.227344 0.026562 0.017187