0 0.992187 0.425000 0.015626 0.018750
0 0.917186 0.355470 0.024999 0.023437
0 0.907030 0.317970 0.017186 0.020313
0 0.827343 0.314061 0.023439 0.018750
0 0.872655 0.423437 0.029689 0.025001
0 0.789845 0.444532 0.026562 0.020313
0 0.899220 0.203907 0.023439 0.020313
0 0.795311 0.100782 0.021876 0.023437
0 0.537499 0.102343 0.043751 0.035937
0 0.434376 0.144530 0.037499 0.032812
0 0.332813 0.115626 0.028126 0.034376
0 0.553908 0.214845 0.026562 0.017187
0 0.425780 0.263281 0.023439 0.023437
0 0.485937 0.350782 0.031249 0.029688
0 0.579687 0.396875 0.018749 0.028125
0 0.615625 0.374219 0.018749 0.020313
0 0.366405 0.345313 0.020313 0.018750
0 0.434376 0.371875 0.024999 0.018750
0 0.257813 0.299220 0.021876 0.029688
0 0.392968 0.289845 0.026562 0.020313
0 0.477344 0.391406 0.017186 0.017187
0 0.463281 0.416407 0.020313 0.017187
0 0.179687 0.389064 0.024999 0.018750
0 0.175780 0.333593 0.026562 0.023437
0 0.051562 0.489062 0.031249 0.015626
0 0.440626 0.604688 0.024999 0.031249
0 0.308595 0.622656 0.029689 0.023437
0 0.855469 0.604688 0.035938 0.037500
0 0.964061 0.596874 0.040625 0.040624
0 0.044532 0.603125 0.023439 0.021874
0 0.903123 0.285936 0.012500 0.012499
0 0.594533 0.331250 0.017186 0.015626
0 0.163280 0.067188 0.020313 0.021874
0 0.662500 0.597656 0.015626 0.014062