0 0.989844 0.426564 0.020313 0.025001
0 0.903124 0.476563 0.024999 0.021874
0 0.868749 0.423437 0.028126 0.028125
0 0.746094 0.438281 0.032812 0.026562
0 0.761719 0.361718 0.029689 0.026562
0 0.646874 0.375780 0.024999 0.023437
0 0.596093 0.425000 0.023439 0.018750
0 0.642188 0.435157 0.037499 0.032812
0 0.517186 0.355470 0.024999 0.023437
0 0.507030 0.317970 0.017186 0.020313
0 0.427343 0.314061 0.023439 0.018750
0 0.472655 0.423437 0.029689 0.025001
0 0.389845 0.444532 0.026562 0.020313
0 0.771876 0.035157 0.024999 0.023437
0 0.806251 0.024219 0.021876 0.023437
0 0.848436 0.045311 0.028126 0.025001
0 0.872655 0.181251 0.017186 0.025001
0 0.991405 0.021875 0.017190 0.043749
0 0.940625 0.032030 0.018749 0.023437
0 0.499220 0.203907 0.023439 0.020313
0 0.395311 0.100782 0.021876 0.023437
0 0.137499 0.102343 0.043751 0.035937
0 0.026563 0.144530 0.053125 0.032812
0 0.153908 0.214845 0.026562 0.017187
0 0.025780 0.263281 0.023439 0.023437
0 0.085937 0.350782 0.031249 0.029688
0 0.179687 0.396875 0.018749 0.028125
0 0.215625 0.374219 0.018749 0.020313
0 0.034376 0.371875 0.024999 0.018750
0 0.077344 0.391406 0.017186 0.017187
0 0.063281 0.416407 0.020313 0.017187
0 0.040626 0.604688 0.024999 0.031249
0 0.455469 0.604688 0.035938 0.037500
0 0.564061 0.596874 0.040625 0.040624
0 0.920313 0.207031 0.018749 0.017187
0 0.843750 0.214063 0.015626 0.015626
0 0.800781 0.182812 0.020313 0.018750
0 0.637501 0.121874 0.015626 0.018750
0 0.607812 0.073439 0.012500 0.015626
0 0.647657 0.087501 0.020313 0.015626
0 0.503123 0.285936 0.012500 0.012499
0 0.194533 0.331250 0.017186 0.015626
0 0.262500 0.597656 0.015626 0.014062
0 0.646094 0.580469 0.023439 0.020313
0 0.833593 0.507812 0.020313 0.021874