1 0.909374 0.342968 0.015626 0.014062
2 0.094531 0.085156 0.070314 0.073436
2 0.178907 0.560156 0.082813 0.104688
2 0.241405 0.269531 0.139061 0.076563
2 0.270313 0.737501 0.062501 0.087499
2 0.272657 0.981250 0.051561 0.037500
2 0.146095 0.875781 0.073437 0.057813
2 0.868749 0.460937 0.131251 0.075000
2 0.655468 0.619532 0.082813 0.089062
2 0.420314 0.531249 0.068750 0.093750
2 0.451563 0.638282 0.024999 0.042187
2 0.391405 0.874220 0.054688 0.051562
2 0.666407 0.833593 0.029689 0.042187
2 0.949219 0.838281 0.073437 0.107812
2 0.689063 0.935157 0.056251 0.064062
2 0.896094 0.139063 0.067187 0.068749
2 0.603126 0.234374 0.099999 0.103125