1 0.349219 0.929688 0.023439 0.018750
2 0.182032 0.471875 0.085936 0.096874
2 0.404687 0.287500 0.081250 0.059374
2 0.537501 0.106251 0.096876 0.100001
2 0.954687 0.274219 0.090626 0.098437
2 0.739063 0.314064 0.140624 0.075000
2 0.533595 0.557031 0.129688 0.304687
2 0.702344 0.598437 0.035938 0.031249
2 0.904686 0.606251 0.184376 0.140625
2 0.826563 0.824218 0.131251 0.110936
2 0.628907 0.940625 0.092186 0.118749
2 0.368752 0.786718 0.059374 0.067188
2 0.235937 0.675782 0.115625 0.085938
2 0.118750 0.932032 0.237500 0.135936
2 0.200782 0.166406 0.064064 0.054687
2 0.035938 0.067187 0.071875 0.134373