2 0.168751 0.160937 0.143751 0.143749
2 0.578907 0.160156 0.082813 0.104688
2 0.057812 0.399999 0.115625 0.093750
2 0.357813 0.411719 0.075000 0.092186
2 0.670314 0.337501 0.062501 0.087499
2 0.672657 0.589844 0.051561 0.054687
2 0.546095 0.475781 0.073437 0.057813
2 0.394532 0.646875 0.020313 0.021874
2 0.278126 0.607030 0.068750 0.045312
2 0.132032 0.637500 0.079687 0.071876
2 0.820314 0.131249 0.068750 0.093750
2 0.851563 0.238282 0.024999 0.042187
2 0.791405 0.474220 0.054688 0.051562
2 0.928906 0.637500 0.064064 0.103125
2 0.629688 0.783594 0.193749 0.129686
2 0.260157 0.929688 0.070314 0.071876
2 0.451562 0.882031 0.046875 0.045312
2 0.307812 0.777343 0.090626 0.070312
2 0.060156 0.913280 0.120311 0.070312
2 0.075781 0.764844 0.032812 0.023437
2 0.572658 0.921094 0.020313 0.017187
2 0.803125 0.746094 0.024999 0.026562