2 0.178907 0.160156 0.082813 0.104688
2 0.270313 0.337501 0.062501 0.087499
2 0.272657 0.589844 0.051561 0.054687
2 0.146095 0.475781 0.073437 0.057813
2 0.868749 0.049218 0.131251 0.098437
2 0.655468 0.219532 0.082813 0.089062
2 0.420314 0.131249 0.068750 0.093750
2 0.451563 0.238282 0.024999 0.042187
2 0.391405 0.474220 0.054688 0.051562
2 0.666407 0.433593 0.029689 0.042187
2 0.949219 0.438281 0.073437 0.107812
2 0.528906 0.637500 0.064064 0.103125
2 0.689063 0.535157 0.056251 0.064062
2 0.807032 0.779688 0.073437 0.118750
2 0.629689 0.856249 0.075000 0.081251
2 0.229688 0.783594 0.193749 0.129686
2 0.051562 0.882031 0.046875 0.045312
2 0.172658 0.921094 0.020313 0.017187
2 0.403125 0.746094 0.024999 0.026562