1 0.349219 0.529688 0.023439 0.018750
2 0.182032 0.060156 0.085936 0.120312
2 0.533595 0.154687 0.129688 0.309375
2 0.702344 0.198437 0.035938 0.031249
2 0.904686 0.206251 0.184376 0.140625
2 0.826563 0.424218 0.131251 0.110936
2 0.628907 0.573438 0.092186 0.184375
2 0.368752 0.386718 0.059374 0.067188
2 0.235937 0.275782 0.115625 0.085938
2 0.118750 0.535938 0.237500 0.143749
2 0.199999 0.932812 0.143751 0.134375
2 0.042970 0.753905 0.085940 0.085938
2 0.508593 0.905468 0.079687 0.067188
2 0.696095 0.977343 0.054688 0.045313
2 0.744533 0.807813 0.198439 0.096874