1 0.589063 0.432032 0.012500 0.010938
1 0.306251 0.007031 0.015626 0.014063
2 0.499220 0.050001 0.029689 0.028125
2 0.932032 0.237500 0.079687 0.071876
2 0.695312 0.132031 0.156250 0.067188
2 0.564844 0.305468 0.048438 0.051562
2 0.825780 0.792187 0.060937 0.078124
2 0.721094 0.351563 0.029689 0.031249
2 0.961718 0.678906 0.076564 0.073436
2 0.867968 0.924218 0.054688 0.051562
2 0.661720 0.867187 0.110939 0.118750
2 0.717968 0.701561 0.039062 0.031249
2 0.587500 0.599218 0.037499 0.032812
2 0.436719 0.749218 0.042188 0.051562
2 0.874218 0.513280 0.092186 0.070312
2 0.387501 0.535938 0.071874 0.128125
2 0.098437 0.206251 0.196874 0.140625
2 0.365625 0.185938 0.112499 0.371876
2 0.046094 0.424218 0.092188 0.110936
2 0.291405 0.844531 0.104689 0.226563
2 0.464845 0.956249 0.023439 0.034376
2 0.492187 0.854688 0.018749 0.018750
2 0.690626 0.532030 0.068750 0.073436
2 0.875781 0.364844 0.032812 0.023437