0 0.830467 0.876562 0.167187 0.175000
1 0.265624 0.970312 0.012500 0.015626
2 0.272657 0.189844 0.051561 0.054687
2 0.146095 0.075781 0.073437 0.057813
2 0.391405 0.074220 0.054688 0.051562
2 0.666407 0.027343 0.029689 0.054687
2 0.949219 0.046093 0.073437 0.092187
2 0.528906 0.237500 0.064064 0.103125
2 0.689063 0.135157 0.056251 0.064062
2 0.807032 0.379688 0.073437 0.118750
2 0.801562 0.606251 0.043751 0.040624
2 0.629689 0.456249 0.075000 0.081251
2 0.561718 0.635157 0.076563 0.082811
2 0.325781 0.657813 0.107812 0.071876
2 0.229688 0.383594 0.193749 0.129686
2 0.051562 0.482031 0.046875 0.045312
2 0.041407 0.682032 0.082815 0.089062
2 0.086718 0.833593 0.064064 0.073436
2 0.172658 0.521094 0.020313 0.017187
2 0.403125 0.346094 0.024999 0.026562