0 0.067187 0.101561 0.028126 0.021874
0 0.401564 0.100001 0.021876 0.018750
0 0.478124 0.053126 0.024999 0.028125
0 0.588283 0.081251 0.026562 0.021874
0 0.991406 0.016407 0.017188 0.032814
0 0.587500 0.363281 0.028126 0.017187
0 0.408593 0.494531 0.023439 0.035937
0 0.575000 0.769532 0.028126 0.032812
0 0.470311 0.833594 0.021876 0.039063
0 0.456251 0.896094 0.018749 0.017187
0 0.617968 0.878905 0.023439 0.023437
0 0.585936 0.896094 0.034375 0.029688
0 0.989063 0.857031 0.021875 0.026562
0 0.960157 0.759375 0.020313 0.018750