0 0.006251 0.100001 0.012502 0.018750
0 0.078124 0.053126 0.024999 0.028125
0 0.188283 0.081251 0.026562 0.021874
0 0.593750 0.016407 0.021876 0.032814
0 0.641408 0.009375 0.023439 0.018750
0 0.616405 0.073436 0.026562 0.028125
0 0.715624 0.085156 0.018749 0.023437
0 0.896874 0.078124 0.024999 0.028125
0 0.919533 0.012500 0.042188 0.025000
0 0.671876 0.416407 0.028126 0.020313
0 0.187500 0.363281 0.028126 0.017187
0 0.010156 0.494531 0.020313 0.035937
0 0.175000 0.769532 0.028126 0.032812
0 0.070311 0.833594 0.021876 0.039063
0 0.056251 0.896094 0.018749 0.017187
0 0.217968 0.878905 0.023439 0.023437
0 0.185936 0.896094 0.034375 0.029688
0 0.589063 0.857031 0.021876 0.026562
0 0.636718 0.783594 0.014063 0.029688
0 0.702345 0.776562 0.017186 0.025001
0 0.628125 0.913281 0.018749 0.020313
0 0.854689 0.766405 0.015626 0.029688
0 0.879688 0.798439 0.018749 0.021874
0 0.803907 0.857031 0.020313 0.017187
0 0.800001 0.887501 0.018749 0.018750
0 0.560158 0.759375 0.020313 0.018750
0 0.650000 0.777344 0.018749 0.023437