0 0.408593 0.094531 0.023439 0.035937
0 0.575000 0.369532 0.028126 0.032812
0 0.470311 0.433594 0.021876 0.039063
0 0.456251 0.496094 0.018749 0.017187
0 0.617968 0.478905 0.023439 0.023437
0 0.585936 0.496094 0.034375 0.029688
0 0.989063 0.457031 0.021875 0.026562
0 0.985937 0.762499 0.028126 0.028125
0 0.621095 0.710937 0.029689 0.031249
0 0.558594 0.816407 0.032812 0.039063
0 0.329687 0.726563 0.034375 0.025001
0 0.274219 0.728905 0.029689 0.017187
0 0.116406 0.828906 0.035938 0.029688
0 0.036719 0.812501 0.014063 0.018750
0 0.028906 0.748437 0.017186 0.015626
0 0.275782 0.743749 0.026562 0.021874
0 0.492970 0.697656 0.020313 0.023437
0 0.759376 0.769532 0.015626 0.020313
0 0.664843 0.762499 0.014063 0.015626
0 0.960157 0.359375 0.020313 0.018750