0 0.326561 0.049220 0.018749 0.026562
0 0.132033 0.016407 0.026562 0.032813
0 0.028907 0.358594 0.026562 0.026562
0 0.183594 0.328906 0.014063 0.017187
0 0.172658 0.419531 0.014063 0.029688
0 0.353123 0.410938 0.031249 0.025001
0 0.357813 0.466406 0.018749 0.020313
0 0.331251 0.491407 0.028126 0.017187
0 0.824217 0.393751 0.023439 0.025001
0 0.795312 0.714064 0.031249 0.028125
0 0.871092 0.793751 0.026562 0.021874
0 0.763280 0.840626 0.023439 0.021874
0 0.694533 0.826563 0.039062 0.028125
0 0.496874 0.713282 0.043751 0.035937
0 0.335158 0.711719 0.026562 0.026562
0 0.288283 0.780468 0.020313 0.026562
0 0.159375 0.822657 0.018749 0.026562
0 0.093751 0.730469 0.021876 0.026562
0 0.085158 0.693750 0.023439 0.018750
0 0.146875 0.677343 0.031249 0.023437
0 0.041406 0.678125 0.026562 0.018750
0 0.382032 0.846874 0.020313 0.025001
0 0.782813 0.799218 0.018749 0.020313
0 0.862499 0.422655 0.021876 0.020313
0 0.193750 0.367187 0.024999 0.021874