0 0.464062 0.153126 0.040625 0.034376
0 0.342187 0.378907 0.037499 0.039063
0 0.336720 0.883594 0.032812 0.045312
0 0.400781 0.910938 0.035938 0.043751
0 0.850782 0.367968 0.054688 0.057813
0 0.930469 0.524219 0.045311 0.042187
0 0.626562 0.397657 0.037499 0.029688
0 0.507030 0.539063 0.032812 0.028125
0 0.480468 0.592189 0.042188 0.043751
0 0.624998 0.623438 0.034375 0.034376
0 0.542969 0.662501 0.060937 0.043751
0 0.805468 0.617969 0.032812 0.035937
0 0.756250 0.621093 0.024999 0.035937
0 0.816407 0.700001 0.045311 0.037500
0 0.123439 0.167188 0.040625 0.046875
0 0.067188 0.188281 0.043751 0.039063
0 0.068751 0.396875 0.043751 0.040624
0 0.028906 0.774219 0.057812 0.064062
0 0.126562 0.807813 0.034375 0.043751
0 0.623439 0.649999 0.037499 0.034376
0 0.843750 0.578905 0.024999 0.020313
0 0.900001 0.494531 0.028126 0.020313
0 0.620312 0.307031 0.031249 0.020313
0 0.501563 0.960155 0.021876 0.017187
0 0.143751 0.745312 0.018749 0.021874