0 0.698439 0.241406 0.037499 0.039063
0 0.648438 0.244530 0.031249 0.029688
0 0.967188 0.313282 0.021876 0.020313
0 0.994531 0.313282 0.010938 0.029688
0 0.064062 0.153126 0.040625 0.034376
0 0.009375 0.910938 0.018750 0.043751
0 0.865626 0.976563 0.021876 0.031249
0 0.718752 0.817970 0.040625 0.029688
0 0.739064 0.988281 0.031249 0.023437
0 0.793749 0.989062 0.028126 0.021877
0 0.450783 0.367968 0.054688 0.057813
0 0.530469 0.524219 0.045311 0.042187
0 0.226562 0.397657 0.037499 0.029688
0 0.107030 0.539063 0.032812 0.028125
0 0.080468 0.592189 0.042188 0.043751
0 0.224998 0.623438 0.034375 0.034376
0 0.142969 0.662501 0.060937 0.043751
0 0.405468 0.617969 0.032812 0.035937
0 0.356250 0.621093 0.024999 0.035937
0 0.416407 0.700001 0.045311 0.037500
0 0.618749 0.534375 0.024999 0.034376
0 0.223438 0.649999 0.037499 0.034376
0 0.443750 0.578905 0.024999 0.020313
0 0.500001 0.494531 0.028126 0.020313
0 0.220312 0.307031 0.031249 0.020313
0 0.101563 0.960155 0.021876 0.017187
0 0.878125 0.949219 0.018749 0.023437
0 0.900781 0.300780 0.014063 0.014062
0 0.898438 0.235156 0.015626 0.017187
0 0.932033 0.256250 0.014063 0.015626
0 0.843750 0.194531 0.018749 0.017187
0 0.779689 0.181251 0.006250 0.009375