0 0.063282 0.189844 0.126565 0.179688
0 0.116405 0.401563 0.232811 0.184375
0 0.249220 0.805468 0.182812 0.201562
0 0.321874 0.511720 0.175000 0.189063
0 0.536718 0.935156 0.132811 0.129688
0 0.042187 0.966406 0.084375 0.067188
0 0.394531 0.887501 0.098436 0.093750
0 0.141407 0.694532 0.135938 0.129686
1 0.416406 0.021875 0.032812 0.043749
1 0.349219 0.142969 0.045311 0.045312
1 0.421093 0.195313 0.032812 0.028125
1 0.565623 0.143751 0.037499 0.037500
1 0.681249 0.157032 0.056251 0.057813
1 0.600782 0.221093 0.032812 0.032812
1 0.560937 0.251563 0.024999 0.025001
1 0.857812 0.238282 0.028126 0.026562
1 0.904686 0.125001 0.043751 0.040624
1 0.839842 0.021094 0.035938 0.042187
1 0.750782 0.013281 0.029689 0.026563
1 0.662500 0.067188 0.024999 0.028125
1 0.983594 0.196874 0.032811 0.040624
1 0.915626 0.203125 0.021876 0.021874
1 0.979687 0.310156 0.031249 0.029688
1 0.942188 0.286718 0.021876 0.020313
1 0.902343 0.297656 0.023439 0.026562
1 0.804687 0.289845 0.037499 0.035937
1 0.664063 0.280470 0.021876 0.020313
1 0.707811 0.442187 0.040625 0.043751
1 0.599999 0.453125 0.037499 0.034376
1 0.827343 0.457813 0.042188 0.043751
1 0.829686 0.354688 0.031249 0.031249
1 0.932812 0.409374 0.043751 0.043751
1 0.991407 0.403126 0.017185 0.034376
1 0.919532 0.521874 0.026562 0.025001
1 0.780468 0.495313 0.026562 0.028125
1 0.768748 0.540624 0.031249 0.031249
1 0.762499 0.621875 0.034375 0.037500
1 0.843749 0.625781 0.021876 0.023437
1 0.885157 0.653124 0.020313 0.025001
1 0.924999 0.571094 0.031249 0.032812
1 0.949218 0.757812 0.026562 0.028125
1 0.235157 0.804687 0.023439 0.025001
1 0.217968 0.267968 0.017186 0.017187
1 0.027342 0.907811 0.020313 0.018750
1 0.354689 0.887501 0.018749 0.015626