0 0.027343 0.249218 0.054686 0.035937
0 0.080470 0.028125 0.026562 0.056250
0 0.159374 0.093749 0.037499 0.037500
0 0.222658 0.222657 0.039062 0.032812
0 0.498437 0.350000 0.050001 0.043751
0 0.393751 0.402344 0.043751 0.029688
0 0.517969 0.093749 0.029689 0.037500
0 0.452345 0.027343 0.035938 0.023437
0 0.471874 0.137500 0.034375 0.037500
0 0.692189 0.088280 0.024999 0.048438
0 0.770312 0.092968 0.021876 0.032812
0 0.735937 0.250000 0.037499 0.031249
0 0.882814 0.157813 0.028126 0.034376
0 0.849219 0.128907 0.026562 0.023437
0 0.899220 0.217187 0.035938 0.028125
0 0.896093 0.978125 0.039062 0.043750
0 0.676562 0.863281 0.043751 0.035937
0 0.681249 0.953907 0.024999 0.035937
0 0.614062 0.639061 0.031249 0.031249
0 0.558594 0.697656 0.032812 0.029688
0 0.332813 0.675000 0.031249 0.037500
0 0.336720 0.617187 0.026562 0.021874
0 0.190626 0.900781 0.037499 0.039063
0 0.153124 0.921095 0.040625 0.035937
0 0.504686 0.873438 0.031249 0.034376
0 0.456251 0.839844 0.031249 0.032812
0 0.065624 0.863281 0.024999 0.032812
0 0.008594 0.854688 0.017188 0.031249
0 0.046095 0.945311 0.032812 0.043751
0 0.218751 0.165625 0.018749 0.021874
0 0.964844 0.635937 0.026562 0.025001
0 0.910936 0.314843 0.021876 0.026562