0 0.098437 0.350000 0.050001 0.043751
0 0.117969 0.093749 0.029689 0.037500
0 0.052345 0.027343 0.035938 0.023437
0 0.071874 0.137500 0.034375 0.037500
0 0.292189 0.088280 0.024999 0.048438
0 0.370312 0.092968 0.021876 0.032812
0 0.335937 0.250000 0.037499 0.031249
0 0.482814 0.157813 0.028126 0.034376
0 0.449219 0.128907 0.026562 0.023437
0 0.499220 0.217187 0.035938 0.028125
0 0.722657 0.116405 0.029689 0.029688
0 0.781249 0.108594 0.021876 0.017187
0 0.958594 0.164062 0.023439 0.021874
0 0.989843 0.189063 0.020315 0.021874
0 0.664063 0.376562 0.043751 0.049999
0 0.721874 0.377344 0.031249 0.039063
0 0.777345 0.359375 0.020313 0.034376
0 0.840626 0.382813 0.028126 0.028125
0 0.796094 0.408593 0.026562 0.023437
0 0.972657 0.714064 0.048438 0.040624
0 0.984374 0.980469 0.031249 0.039062
0 0.736720 0.837499 0.032812 0.028125
0 0.711718 0.659375 0.023439 0.021874
0 0.496093 0.978125 0.039062 0.043750
0 0.276562 0.863281 0.043751 0.035937
0 0.281249 0.953907 0.024999 0.035937
0 0.214062 0.639061 0.031249 0.031249
0 0.158594 0.697656 0.032812 0.029688
0 0.104686 0.873438 0.031249 0.034376
0 0.056251 0.839844 0.031249 0.032812
0 0.751563 0.960155 0.037499 0.023437
0 0.795311 0.907032 0.021876 0.020313
0 0.710155 0.946093 0.023439 0.026562
0 0.564844 0.635937 0.026562 0.025001
0 0.510936 0.314843 0.021876 0.026562