1 0.014843 0.649218 0.029686 0.029688
1 0.013281 0.591407 0.026562 0.020313
1 0.035156 0.515626 0.023439 0.025001
1 0.065625 0.715624 0.028126 0.031249
1 0.047656 0.896876 0.042188 0.043751
1 0.091407 0.789063 0.026562 0.031249
1 0.185157 0.740625 0.029689 0.028125
1 0.144532 0.708594 0.020313 0.023437
1 0.183593 0.657032 0.020313 0.020313
1 0.229688 0.596874 0.028126 0.028125
1 0.218749 0.679688 0.018749 0.018750
1 0.302345 0.738280 0.020313 0.020313
1 0.159374 0.838281 0.028126 0.026562
1 0.125783 0.856249 0.035938 0.037500
1 0.283593 0.410938 0.023439 0.028125
1 0.264843 0.547657 0.017186 0.017187
1 0.082811 0.989844 0.028126 0.020313
1 0.171094 0.978126 0.020313 0.031249
1 0.320311 0.674219 0.046875 0.048438
1 0.463282 0.722657 0.029689 0.026562
1 0.422657 0.803905 0.032812 0.035937
1 0.316405 0.893749 0.039062 0.037500
1 0.344530 0.840626 0.020313 0.021874
1 0.242968 0.925000 0.023439 0.025001
1 0.271876 0.989844 0.028126 0.020313
1 0.401561 0.947656 0.034375 0.029688
1 0.452342 0.937500 0.020313 0.018750
1 0.477345 0.886719 0.020313 0.023437
1 0.506250 0.867187 0.028126 0.028125
1 0.684376 0.832032 0.028126 0.026562
1 0.660157 0.873438 0.023439 0.025001
1 0.528126 0.923437 0.018749 0.021874
1 0.524220 0.991406 0.032812 0.017189
1 0.582814 0.989062 0.024999 0.021876
1 0.299219 0.278906 0.029689 0.026562
1 0.735158 0.719530 0.032812 0.035937