0 0.116405 0.046875 0.232811 0.093750
0 0.249220 0.405468 0.182812 0.201562
0 0.321874 0.103126 0.175000 0.206251
0 0.667186 0.666407 0.140624 0.142188
0 0.536718 0.535936 0.132811 0.131250
0 0.369532 0.644530 0.120312 0.139061
0 0.175783 0.668749 0.173436 0.134374
0 0.039843 0.782031 0.079687 0.107812
0 0.042187 0.597655 0.084375 0.129686
0 0.394531 0.487501 0.098436 0.093750
0 0.141407 0.294532 0.135938 0.129686
1 0.707811 0.032031 0.040625 0.064062
1 0.599999 0.053125 0.037499 0.034376
1 0.827343 0.057813 0.042188 0.043751
1 0.932812 0.015625 0.043751 0.031250
1 0.991407 0.010157 0.017185 0.020314
1 0.919532 0.121874 0.026562 0.025001
1 0.780468 0.095313 0.026562 0.028125
1 0.768748 0.140624 0.031249 0.031249
1 0.762499 0.221875 0.034375 0.037500
1 0.843749 0.225781 0.021876 0.023437
1 0.885157 0.253124 0.020313 0.025001
1 0.924999 0.171094 0.031249 0.032812
1 0.949218 0.357812 0.026562 0.028125
1 0.235157 0.404687 0.023439 0.025001
1 0.027342 0.507811 0.020313 0.018750
1 0.354689 0.487501 0.018749 0.015626
1 0.073437 0.667968 0.021876 0.023437