0 0.393751 0.008594 0.043751 0.017189
0 0.896093 0.579687 0.039062 0.046875
0 0.676562 0.463281 0.043751 0.035937
0 0.681249 0.553907 0.024999 0.035937
0 0.677342 0.625780 0.029689 0.035937
0 0.614062 0.239061 0.031249 0.031249
0 0.558594 0.297656 0.032812 0.029688
0 0.332813 0.275000 0.031249 0.037500
0 0.336720 0.217187 0.026562 0.021874
0 0.190626 0.500781 0.037499 0.039063
0 0.153124 0.521095 0.040625 0.035937
0 0.293752 0.682030 0.043751 0.042187
0 0.239844 0.723438 0.023439 0.037500
0 0.346093 0.714063 0.035938 0.028125
0 0.397657 0.747657 0.039062 0.035937
0 0.504686 0.473438 0.031249 0.034376
0 0.456251 0.439844 0.031249 0.032812
0 0.512499 0.807813 0.028126 0.028125
0 0.065624 0.463281 0.024999 0.032812
0 0.008594 0.454688 0.017188 0.031249
0 0.046095 0.545311 0.032812 0.043751
0 0.964844 0.235937 0.026562 0.025001