0 0.396094 0.010156 0.026562 0.020312
0 0.991406 0.008594 0.017188 0.017189
0 0.871875 0.302344 0.037499 0.042187
0 0.803908 0.484374 0.029689 0.034376
0 0.824220 0.654687 0.029689 0.031249
0 0.978907 0.750782 0.029689 0.026562
0 0.747657 0.600000 0.032812 0.031249
0 0.572657 0.314064 0.048438 0.040624
0 0.606249 0.518750 0.034375 0.034376
0 0.584374 0.582032 0.031249 0.042187
0 0.492967 0.744531 0.035938 0.045312
0 0.336720 0.437499 0.032812 0.028125
0 0.311718 0.259375 0.023439 0.021874
0 0.096093 0.579687 0.039062 0.046875
0 0.215625 0.731250 0.043751 0.046875
0 0.337500 0.721093 0.031249 0.035937
0 0.395311 0.709376 0.031249 0.034376
0 0.340624 0.808595 0.024999 0.023437
0 0.373439 0.808595 0.028126 0.026562
0 0.351563 0.560155 0.037499 0.023437
0 0.395311 0.507032 0.021876 0.020313
0 0.310155 0.546093 0.023439 0.026562
0 0.164844 0.235937 0.026562 0.025001
0 0.991406 0.252345 0.017188 0.017187