0 0.590626 0.100781 0.037499 0.039063
0 0.553124 0.121095 0.040625 0.035937
0 0.693752 0.282030 0.043751 0.042187
0 0.639844 0.323438 0.023439 0.037500
0 0.746093 0.314063 0.035938 0.028125
0 0.797657 0.347657 0.039062 0.035937
0 0.904686 0.073438 0.031249 0.034376
0 0.856251 0.039844 0.031249 0.032812
0 0.912499 0.407813 0.028126 0.028125
0 0.465624 0.063281 0.024999 0.032812
0 0.400000 0.054688 0.034375 0.031249
0 0.252343 0.085937 0.048438 0.049999
0 0.065624 0.294532 0.031249 0.035937
0 0.263282 0.310157 0.039062 0.029688
0 0.178126 0.407813 0.040625 0.028125
0 0.446095 0.145311 0.032812 0.043751
0 0.316407 0.710157 0.029689 0.023437
0 0.355469 0.703125 0.026562 0.025001
0 0.399220 0.700001 0.020313 0.021874
0 0.346093 0.737500 0.023439 0.028125
0 0.452345 0.813282 0.032812 0.039063
0 0.418749 0.901563 0.037499 0.031249
0 0.160157 0.867968 0.035938 0.026562
0 0.227344 0.823439 0.032812 0.034376
0 0.267969 0.859375 0.023439 0.025001
0 0.264062 0.910156 0.031249 0.032812
0 0.710157 0.643751 0.023439 0.021874
0 0.697655 0.731250 0.023439 0.031249
0 0.664063 0.734374 0.021876 0.025001
0 0.684375 0.767189 0.031249 0.021874
0 0.623438 0.804689 0.028126 0.025001
0 0.601562 0.846094 0.034375 0.039063
0 0.984374 0.694531 0.031251 0.032812
0 0.899220 0.875780 0.035938 0.017187
0 0.845312 0.829687 0.018749 0.031249
0 0.807030 0.857030 0.020313 0.020313
0 0.807813 0.906250 0.021876 0.018750
0 0.794531 0.945313 0.020313 0.025001
0 0.916406 0.982031 0.026562 0.020313
0 0.385937 0.125782 0.018749 0.020313
0 0.164843 0.178905 0.020313 0.023437
0 0.224218 0.339062 0.020313 0.021874
0 0.043751 0.375782 0.021876 0.020313