0 0.433593 0.336719 0.182812 0.185939
0 0.061718 0.628907 0.123435 0.160938
0 0.906250 0.946875 0.187499 0.106249
1 0.514843 0.016406 0.039062 0.032813
1 0.207032 0.008594 0.026562 0.017187
1 0.271876 0.068751 0.040625 0.046875
1 0.329687 0.105469 0.028126 0.029688
1 0.398438 0.140624 0.021876 0.025001
1 0.401564 0.175000 0.018749 0.021874
1 0.479687 0.057812 0.043751 0.043751
1 0.578907 0.210157 0.032812 0.032812
1 0.605469 0.245312 0.035938 0.040624
1 0.665626 0.142969 0.053124 0.054687
1 0.608592 0.042968 0.023439 0.020313
1 0.644531 0.013282 0.029689 0.026563
1 0.742187 0.139063 0.024999 0.028125
1 0.712501 0.209375 0.028126 0.028125
1 0.797658 0.159376 0.035938 0.037500
1 0.847656 0.096876 0.042188 0.043751
1 0.959374 0.038281 0.028126 0.026562
1 0.925783 0.056249 0.035938 0.037500
1 0.768749 0.257813 0.037499 0.037500
1 0.788282 0.298438 0.026562 0.028125
1 0.808594 0.341407 0.020313 0.023437
1 0.836719 0.235937 0.042188 0.046875
1 0.882811 0.194531 0.028126 0.029688
1 0.971094 0.178126 0.020313 0.031249
1 0.911720 0.296874 0.020313 0.015626
1 0.943748 0.295313 0.015626 0.015626
1 0.696875 0.350782 0.037499 0.042187
1 0.785938 0.413282 0.034375 0.035937
1 0.702345 0.428906 0.029689 0.032812
1 0.877344 0.426563 0.032812 0.034376
1 0.914843 0.364062 0.045311 0.053126
1 0.983594 0.387500 0.032813 0.046875
1 0.783595 0.519531 0.048438 0.045312
1 0.881251 0.545313 0.024999 0.025001
1 0.886717 0.578905 0.032812 0.029688
1 0.924999 0.593749 0.028126 0.028125
1 0.950002 0.587501 0.021876 0.031249
1 0.992968 0.641406 0.014063 0.029688
1 0.924219 0.685156 0.042188 0.048438