0 0.964844 0.586719 0.048438 0.032812
0 0.377345 0.503126 0.060937 0.084375
0 0.367968 0.413282 0.042188 0.045312
0 0.310937 0.082031 0.031249 0.045312
0 0.458595 0.579687 0.039062 0.046875
0 0.774218 0.482031 0.051561 0.045312
0 0.644530 0.473438 0.035938 0.028125
0 0.472657 0.067187 0.042188 0.028125
0 0.785158 0.174218 0.039062 0.042187
0 0.745313 0.275782 0.043751 0.054687
0 0.675782 0.228907 0.039062 0.039063
0 0.675782 0.298438 0.051561 0.053126
0 0.560937 0.295313 0.062501 0.043751
0 0.560937 0.409374 0.037499 0.028125
0 0.526562 0.374219 0.043751 0.039063
0 0.930468 0.276563 0.035938 0.040624
0 0.793751 0.069532 0.043751 0.067188
0 0.714844 0.110938 0.048438 0.046875
0 0.948438 0.028906 0.046875 0.057812
0 0.964844 0.275782 0.026562 0.020313
0 0.984376 0.299219 0.021876 0.023437
0 0.922655 0.375782 0.023439 0.020313