0 0.895311 0.206251 0.040625 0.037500
0 0.903124 0.071093 0.028126 0.029688
0 0.403908 0.084374 0.029689 0.034376
0 0.424220 0.254687 0.029689 0.031249
0 0.650781 0.053125 0.020313 0.025001
0 0.709375 0.080468 0.040625 0.029688
0 0.638282 0.162500 0.020313 0.021874
0 0.739064 0.306249 0.031249 0.031249
0 0.660937 0.337501 0.024999 0.025001
0 0.624999 0.328126 0.021876 0.018750
0 0.578907 0.350782 0.029689 0.026562
0 0.347657 0.200000 0.032812 0.031249
0 0.206249 0.118750 0.034375 0.034376
0 0.184374 0.182032 0.031249 0.042187
0 0.092967 0.344531 0.035938 0.045312
0 0.172657 0.707812 0.029689 0.028125
0 0.124219 0.731250 0.035938 0.031249
0 0.077344 0.725781 0.023439 0.026562
0 0.008593 0.836719 0.017185 0.032812
0 0.264843 0.928906 0.026562 0.026562
0 0.432030 0.663282 0.029689 0.023437
0 0.550782 0.710157 0.026562 0.017187
0 0.446876 0.796093 0.028126 0.029688
0 0.417187 0.894530 0.024999 0.017187
0 0.370312 0.916407 0.028126 0.026562
0 0.361719 0.962500 0.023439 0.025001
0 0.606249 0.848437 0.021876 0.025001
0 0.629688 0.832814 0.021876 0.021874
0 0.681250 0.914843 0.024999 0.020313
0 0.678126 0.945313 0.024999 0.021874
0 0.689063 0.682812 0.028126 0.025001
0 0.774219 0.665625 0.032812 0.043751
0 0.861719 0.856251 0.035938 0.034376
0 0.870312 0.899999 0.034375 0.037500
0 0.724218 0.925000 0.020313 0.028125
0 0.914843 0.770313 0.017186 0.021874
0 0.413281 0.910937 0.020313 0.025001