0 0.946876 0.114062 0.024999 0.025001
0 0.936720 0.037499 0.029689 0.028125
0 0.703126 0.017969 0.021876 0.035938
0 0.706249 0.149220 0.031249 0.035937
0 0.683593 0.206251 0.032812 0.043751
0 0.765627 0.321093 0.024999 0.023437
0 0.800782 0.286718 0.026562 0.023437
0 0.855469 0.323438 0.032812 0.018750
0 0.919530 0.378906 0.020313 0.035937
0 0.944532 0.381249 0.020313 0.025001
0 0.495311 0.206251 0.040625 0.037500
0 0.503124 0.071093 0.028126 0.029688
0 0.009376 0.084374 0.018752 0.034376
0 0.019532 0.254687 0.039065 0.031249
0 0.250781 0.053125 0.020313 0.025001
0 0.309375 0.080468 0.040625 0.029688
0 0.238282 0.162500 0.020313 0.021874
0 0.339064 0.306249 0.031249 0.031249
0 0.260937 0.337501 0.024999 0.025001
0 0.224999 0.328126 0.021876 0.018750
0 0.178907 0.350782 0.029689 0.026562
0 0.032030 0.663282 0.029689 0.023437
0 0.150782 0.710157 0.026562 0.017187
0 0.046876 0.796093 0.028126 0.029688
0 0.014843 0.894530 0.029687 0.017187
0 0.206249 0.848437 0.021876 0.025001
0 0.229688 0.832814 0.021876 0.021874
0 0.281250 0.914843 0.024999 0.020313
0 0.278126 0.945313 0.024999 0.021874
0 0.289063 0.682812 0.028126 0.025001
0 0.374219 0.665625 0.032812 0.043751
0 0.461719 0.856251 0.035938 0.034376
0 0.470312 0.899999 0.034375 0.037500
0 0.324218 0.925000 0.020313 0.028125
0 0.803905 0.641406 0.026562 0.026562
0 0.634375 0.803125 0.031249 0.028125
0 0.626562 0.961718 0.024999 0.029688
0 0.912501 0.969532 0.031249 0.029688
0 0.951562 0.870313 0.018749 0.025001
0 0.909374 0.813282 0.031249 0.023437
0 0.960938 0.824218 0.024999 0.020313
0 0.840623 0.390624 0.018749 0.021874
0 0.735158 0.346094 0.020313 0.026562
0 0.514843 0.770313 0.017186 0.021874
0 0.011718 0.910937 0.023437 0.025001
0 0.872655 0.049219 0.020313 0.017187