1 0.483594 0.513281 0.020313 0.026562
1 0.394531 0.517187 0.042188 0.034376
1 0.446875 0.403124 0.024999 0.025001
1 0.795311 0.439063 0.018749 0.025001
1 0.548438 0.736720 0.024999 0.026562
1 0.449219 0.777344 0.017186 0.014062
1 0.073438 0.150000 0.015626 0.018750
1 0.081250 0.278125 0.015626 0.012499
1 0.077344 0.311719 0.010936 0.014062
1 0.038282 0.292188 0.014063 0.012499
1 0.185936 0.951562 0.018749 0.025001
1 0.575780 0.949999 0.067187 0.062501
1 0.629688 0.755470 0.046875 0.048438
1 0.761719 0.702344 0.076563 0.057813
1 0.899220 0.672656 0.045311 0.039063
1 0.876561 0.785155 0.040625 0.039063
1 0.792188 0.845313 0.050001 0.040624
1 0.564064 0.588281 0.040625 0.039063
1 0.636718 0.522656 0.039062 0.039063
1 0.598436 0.467970 0.021876 0.023437
1 0.551561 0.439845 0.024999 0.023437
1 0.475001 0.346095 0.031249 0.032812
1 0.592186 0.359376 0.034375 0.034376
1 0.727344 0.319531 0.042188 0.039063
1 0.810157 0.259375 0.035938 0.040624
1 0.838283 0.315625 0.035938 0.037500
1 0.907030 0.239062 0.054688 0.053126
1 0.989063 0.185939 0.021875 0.025001
1 0.754686 0.121093 0.043751 0.045312
1 0.650000 0.187499 0.034375 0.037500
1 0.660157 0.077345 0.045311 0.045312
1 0.511720 0.025781 0.079687 0.051562
1 0.471875 0.117187 0.024999 0.028125
1 0.564844 0.135937 0.026562 0.025001
1 0.400001 0.098437 0.034375 0.034376
1 0.326564 0.042969 0.037499 0.029688
1 0.377345 0.179688 0.042188 0.043751
1 0.452345 0.201562 0.026562 0.028125
1 0.230468 0.613282 0.092186 0.095313
1 0.339063 0.428125 0.059374 0.053126
1 0.348436 0.318749 0.043751 0.040624
1 0.526562 0.250000 0.043751 0.043751
1 0.484374 0.271874 0.028126 0.028125
1 0.863282 0.145312 0.023439 0.021874
1 0.918750 0.399218 0.028126 0.023437
1 0.946875 0.479687 0.015626 0.018750
1 0.953125 0.530468 0.015626 0.017187
1 0.892187 0.073436 0.031249 0.028125
1 0.825000 0.011718 0.034375 0.023436
1 0.382032 0.875781 0.085936 0.060937
1 0.128905 0.046875 0.079687 0.093751