0 0.944532 0.105470 0.035938 0.035937
0 0.467968 0.091407 0.035938 0.023437
0 0.260157 0.150000 0.035938 0.028125
0 0.198436 0.175782 0.024999 0.023437
0 0.164844 0.119532 0.032812 0.035937
0 0.137499 0.073436 0.024999 0.021874
0 0.059375 0.050781 0.024999 0.023437
0 0.008593 0.060937 0.017187 0.025001
0 0.060155 0.697656 0.017186 0.029688
0 0.098437 0.323437 0.024999 0.031249
0 0.295312 0.305468 0.024999 0.029688
0 0.441406 0.387501 0.017186 0.028125
0 0.264063 0.816407 0.028126 0.029688
0 0.235155 0.624999 0.029689 0.028125
0 0.364843 0.821876 0.023439 0.028125
0 0.392188 0.799218 0.034375 0.029688
0 0.885155 0.405469 0.026562 0.032812
0 0.843750 0.703907 0.024999 0.032812
0 0.331251 0.966406 0.028126 0.026562
0 0.053126 0.567188 0.021876 0.021874
0 0.895311 0.024219 0.018749 0.020313
0 0.860156 0.710156 0.023439 0.023437