0 0.864062 0.028907 0.021876 0.026562
0 0.798438 0.121093 0.024999 0.029688
0 0.544532 0.105470 0.035938 0.035937
0 0.067968 0.091407 0.035938 0.023437
0 0.041406 0.387501 0.017186 0.028125
0 0.746094 0.171876 0.017186 0.018750
0 0.485155 0.405469 0.026562 0.032812
0 0.810155 0.297657 0.026562 0.032812
0 0.897658 0.496094 0.017186 0.020313
0 0.443750 0.703907 0.024999 0.032812
0 0.660937 0.842187 0.031249 0.021874
0 0.768750 0.804687 0.037499 0.025001
0 0.941406 0.719531 0.017186 0.026562
0 0.743751 0.089844 0.018749 0.023437
0 0.495311 0.024219 0.018749 0.020313
0 0.460156 0.710156 0.023439 0.023437