0 0.520312 0.042969 0.024999 0.014062
0 0.307814 0.090625 0.024999 0.028125
0 0.205468 0.106251 0.020313 0.025001
0 0.226564 0.243749 0.031249 0.031249
0 0.107812 0.331250 0.018749 0.025001
0 0.219531 0.386719 0.026562 0.023437
0 0.182032 0.426564 0.020313 0.025001
0 0.294531 0.400781 0.026562 0.026562
0 0.814843 0.023437 0.029689 0.046875
0 0.852345 0.361718 0.035938 0.032812
0 0.829686 0.667189 0.024999 0.031249
0 0.864061 0.779688 0.021876 0.025001
0 0.786718 0.758593 0.026562 0.023437
0 0.782811 0.784376 0.024999 0.018750
0 0.833592 0.983593 0.023439 0.029688
0 0.079687 0.925782 0.024999 0.026562
0 0.088280 0.740625 0.026562 0.025001
0 0.096093 0.624999 0.029689 0.025001
0 0.290625 0.663280 0.031249 0.029688
0 0.360938 0.657032 0.021876 0.017187
0 0.358595 0.627344 0.026562 0.020313
0 0.382811 0.609376 0.034375 0.028125
0 0.245313 0.817970 0.034375 0.026562
0 0.209375 0.845313 0.024999 0.028125
0 0.914843 0.308595 0.017186 0.020313
0 0.917189 0.364063 0.015626 0.021874
0 0.800001 0.703907 0.015626 0.020313
0 0.763282 0.285157 0.023439 0.026562
0 0.778905 0.321875 0.020313 0.028125