0 0.833593 0.375001 0.032812 0.040624
0 0.926562 0.407813 0.034375 0.043751
0 0.710938 0.439844 0.031249 0.026562
0 0.568750 0.583593 0.028126 0.026562
0 0.066407 0.574218 0.017186 0.017187
0 0.376561 0.471093 0.018749 0.023437
0 0.244530 0.473438 0.035938 0.028125
0 0.073437 0.061718 0.018749 0.017187
0 0.388281 0.177344 0.029689 0.026562
0 0.344533 0.271094 0.023439 0.026562
0 0.278125 0.232031 0.024999 0.026562
0 0.271093 0.297656 0.020313 0.023437
0 0.159374 0.294532 0.024999 0.026562
0 0.160937 0.409374 0.037499 0.028125
0 0.126562 0.374219 0.043751 0.039063
0 0.535155 0.273437 0.026562 0.034376
0 0.393751 0.057031 0.021876 0.023437
0 0.308594 0.103906 0.035938 0.032812
0 0.546094 0.025782 0.023439 0.023437
0 0.564844 0.275782 0.026562 0.020313
0 0.584376 0.299219 0.021876 0.023437
0 0.522655 0.375782 0.023439 0.020313
0 0.943751 0.345312 0.018749 0.021874
0 0.362499 0.485155 0.018749 0.017187
0 0.337500 0.107811 0.028126 0.025001
0 0.382031 0.067187 0.023439 0.021874
0 0.216405 0.010937 0.020313 0.021875
0 0.131251 0.022657 0.015626 0.017187
0 0.456251 0.030469 0.021876 0.020313
0 0.154687 0.190625 0.015626 0.012499
0 0.203905 0.174218 0.020313 0.017187
0 0.204688 0.449219 0.015626 0.020313
0 0.216405 0.450782 0.017186 0.017187
0 0.056251 0.589843 0.021876 0.020313
0 0.030469 0.584374 0.014063 0.018750