0 0.120312 0.042969 0.024999 0.014062
0 0.414843 0.023437 0.029689 0.046875
0 0.707811 0.124219 0.018749 0.026562
0 0.613282 0.103906 0.014063 0.020313
0 0.715624 0.389064 0.015626 0.021874
0 0.639064 0.396875 0.024999 0.031249
0 0.608595 0.455468 0.032812 0.032812
0 0.452345 0.361718 0.035938 0.032812
0 0.775782 0.621875 0.042188 0.034376
0 0.638281 0.561719 0.035938 0.026562
0 0.429686 0.667189 0.024999 0.031249
0 0.464061 0.779688 0.021876 0.025001
0 0.386718 0.758593 0.026562 0.023437
0 0.382811 0.784376 0.024999 0.018750
0 0.433592 0.983593 0.023439 0.029688
0 0.696875 0.821876 0.024999 0.031249
0 0.720314 0.487501 0.021876 0.018750
0 0.904687 0.386719 0.015626 0.017187
0 0.660156 0.270313 0.020313 0.018750
0 0.514843 0.308595 0.017186 0.020313
0 0.517189 0.364063 0.015626 0.021874
0 0.400000 0.703907 0.015626 0.020313
0 0.887501 0.080469 0.021876 0.020313
0 0.363282 0.285157 0.023439 0.026562
0 0.378905 0.321875 0.020313 0.028125