0 0.460155 0.297656 0.017186 0.029688
0 0.664063 0.416407 0.028126 0.029688
0 0.635155 0.224999 0.029689 0.028125
0 0.764843 0.421876 0.023439 0.028125
0 0.792188 0.399218 0.034375 0.029688
0 0.843750 0.721094 0.018749 0.020313
0 0.731251 0.566406 0.028126 0.026562
0 0.673436 0.632813 0.021876 0.018750
0 0.569531 0.647657 0.026562 0.023437
0 0.511720 0.633595 0.032812 0.032812
0 0.446876 0.667968 0.034375 0.029688
0 0.521093 0.685157 0.026562 0.020313
0 0.448439 0.850782 0.024999 0.029688
0 0.662500 0.813282 0.021876 0.020313
0 0.704688 0.821094 0.012500 0.020313
0 0.378125 0.913281 0.034375 0.032812
0 0.104687 0.386719 0.015626 0.017187
0 0.453126 0.167188 0.021876 0.021874
0 0.363283 0.060155 0.020313 0.020313
0 0.087500 0.080469 0.021876 0.020313
0 0.849219 0.970312 0.017186 0.018750
0 0.729688 0.901563 0.018749 0.021874