1 0.237501 0.128907 0.021876 0.020313
1 0.023437 0.932031 0.046874 0.045312
1 0.091407 0.846874 0.032812 0.037500
1 0.021875 0.828124 0.043751 0.031249
1 0.175001 0.975781 0.031249 0.032812
1 0.015625 0.607031 0.031250 0.039063
1 0.099220 0.272656 0.045311 0.039063
1 0.076561 0.385155 0.040625 0.039063
1 0.256251 0.298438 0.046875 0.040624
1 0.307812 0.463282 0.024999 0.029688
1 0.342187 0.565625 0.024999 0.028125
1 0.146875 0.079687 0.015626 0.018750
1 0.153125 0.130468 0.015626 0.017187
1 0.278906 0.080469 0.023439 0.023437
1 0.472655 0.341407 0.045311 0.045312
1 0.622656 0.555468 0.039062 0.039063
1 0.653124 0.458594 0.024999 0.026562
1 0.810938 0.345313 0.040625 0.040624
1 0.911720 0.502343 0.023439 0.029688
1 0.673437 0.056250 0.040625 0.040624
1 0.560938 0.125001 0.046875 0.040624
1 0.513280 0.831251 0.023439 0.028125
1 0.482031 0.772656 0.017186 0.020313
1 0.246094 0.765626 0.020313 0.021874
1 0.475782 0.482813 0.032812 0.043751