1 0.057812 0.982032 0.021876 0.020313
1 0.027343 0.495312 0.014063 0.018750
1 0.117969 0.546093 0.067187 0.048438
1 0.332030 0.592189 0.051561 0.046875
1 0.421873 0.532031 0.050001 0.045312
1 0.491407 0.446874 0.032812 0.037500
1 0.428907 0.428124 0.029689 0.031249
1 0.241408 0.853125 0.060937 0.053126
1 0.385938 0.812501 0.031249 0.037500
1 0.310155 0.772656 0.048438 0.045312
1 0.050000 0.743749 0.100000 0.056250
1 0.354686 0.939844 0.031249 0.029688
1 0.528126 0.978907 0.046875 0.042186
1 0.653124 0.796093 0.046875 0.045312
1 0.726561 0.739062 0.031249 0.031249
1 0.827343 0.732813 0.029689 0.031249
1 0.890624 0.667188 0.037499 0.043751
1 0.575001 0.575781 0.031249 0.032812
1 0.348436 0.270313 0.068750 0.059374
1 0.408594 0.207031 0.045311 0.039063
1 0.244531 0.405468 0.048438 0.045312
1 0.278906 0.503906 0.067187 0.048438
1 0.175780 0.149999 0.067187 0.062501
1 0.392188 0.045313 0.050001 0.040624
1 0.707812 0.063282 0.024999 0.029688
1 0.742187 0.165625 0.024999 0.028125
1 0.990624 0.660938 0.018751 0.034376
1 0.971874 0.816406 0.046875 0.039063
1 0.913280 0.431251 0.023439 0.028125
1 0.882031 0.372656 0.017186 0.020313
1 0.646094 0.365626 0.020313 0.021874
1 0.750780 0.885155 0.029689 0.029688
1 0.780469 0.980469 0.035938 0.039062
1 0.875782 0.082813 0.032812 0.043751
1 0.908593 0.944532 0.029689 0.032812
1 0.171874 0.663280 0.046875 0.048438