0 0.264063 0.015625 0.028126 0.031251
0 0.364843 0.017969 0.023439 0.035938
0 0.868749 0.285157 0.024999 0.026562
0 0.850000 0.549220 0.024999 0.039063
0 0.878905 0.594531 0.020313 0.026562
0 0.928126 0.639063 0.018749 0.025001
0 0.941406 0.691405 0.032812 0.026562
0 0.960155 0.753906 0.020313 0.020313
0 0.443750 0.321094 0.018749 0.020313
0 0.331251 0.166406 0.028126 0.026562
0 0.273437 0.232813 0.021876 0.018750
0 0.169531 0.247657 0.026562 0.023437
0 0.111720 0.233595 0.032812 0.032812
0 0.046876 0.267968 0.034375 0.029688
0 0.121093 0.285157 0.026562 0.020313
0 0.048439 0.450782 0.024999 0.029688
0 0.262500 0.413282 0.021876 0.020313
0 0.304688 0.421094 0.012500 0.020313
0 0.065625 0.696093 0.024999 0.032812
0 0.203906 0.746094 0.026562 0.029688
0 0.343750 0.703125 0.046875 0.034376
0 0.451562 0.671876 0.034375 0.031249
0 0.187500 0.907814 0.043751 0.034376
0 0.435157 0.946874 0.029689 0.037500
0 0.449219 0.570312 0.017186 0.018750
0 0.329688 0.501563 0.018749 0.021874
0 0.893751 0.992187 0.021876 0.015626
0 0.844530 0.267968 0.023439 0.026562