0 0.848439 0.050782 0.024999 0.029688
0 0.778125 0.113281 0.034375 0.032812
0 0.865625 0.296093 0.024999 0.032812
0 0.432813 0.238282 0.028126 0.032812
0 0.033592 0.183593 0.023439 0.029688
0 0.296875 0.018750 0.024999 0.037500
0 0.148438 0.282030 0.034375 0.039063
0 0.191406 0.264062 0.026562 0.025001
0 0.337500 0.310937 0.037499 0.028125
0 0.341407 0.339843 0.029689 0.020313
0 0.297655 0.374219 0.039062 0.017187
0 0.071874 0.558594 0.037499 0.042187
0 0.032813 0.698437 0.028126 0.028125
0 0.037499 0.778906 0.024999 0.023437
0 0.010156 0.803907 0.020313 0.029688
0 0.134375 0.947656 0.034375 0.032812
0 0.232811 0.796875 0.021876 0.021874
0 0.475001 0.589843 0.028126 0.029688
0 0.368749 0.987500 0.034375 0.025001
0 0.260156 0.988281 0.026562 0.023439
0 0.272656 0.442968 0.029689 0.023437
0 0.456249 0.511719 0.028126 0.029688
0 0.982812 0.507814 0.034376 0.034376
0 0.767969 0.814843 0.020313 0.029688
0 0.878124 0.875001 0.024999 0.034376
0 0.946095 0.964845 0.023439 0.035937
0 0.967967 0.964063 0.020313 0.025001