1 0.057812 0.582032 0.021876 0.020313
1 0.010157 0.982813 0.020313 0.034375
1 0.027343 0.095312 0.014063 0.018750
1 0.117969 0.146093 0.067187 0.048438
1 0.332030 0.192189 0.051561 0.046875
1 0.421873 0.132031 0.050001 0.045312
1 0.491407 0.046874 0.032812 0.037500
1 0.428907 0.021874 0.029689 0.043749
1 0.241408 0.453125 0.060937 0.053126
1 0.385938 0.412501 0.031249 0.037500
1 0.310155 0.372656 0.048438 0.045312
1 0.050000 0.343749 0.100000 0.056250
1 0.354686 0.539844 0.031249 0.029688
1 0.528126 0.582813 0.046875 0.049999
1 0.605469 0.626562 0.026562 0.028125
1 0.653124 0.396093 0.046875 0.045312
1 0.726561 0.339062 0.031249 0.031249
1 0.827343 0.332813 0.029689 0.031249
1 0.890624 0.267188 0.037499 0.043751
1 0.575001 0.175781 0.031249 0.032812
1 0.244531 0.014062 0.048438 0.028124
1 0.278906 0.103906 0.067187 0.048438
1 0.990624 0.260938 0.018751 0.034376
1 0.971874 0.416406 0.046875 0.039063
1 0.913280 0.031251 0.023439 0.028125
1 0.750780 0.485155 0.029689 0.029688
1 0.780469 0.582032 0.035938 0.042187
1 0.823437 0.762501 0.043751 0.043751
1 0.958595 0.850000 0.035938 0.040624
1 0.936719 0.751563 0.026562 0.031249
1 0.721875 0.981250 0.034375 0.034376
1 0.796095 0.885937 0.026562 0.025001
1 0.621875 0.838280 0.043751 0.032812
1 0.633595 0.734374 0.026562 0.028125
1 0.480468 0.773437 0.032812 0.037500
1 0.376562 0.830469 0.043751 0.042187
1 0.457812 0.878907 0.053124 0.045312
1 0.207812 0.700001 0.040625 0.037500
1 0.299999 0.677345 0.040625 0.039063
1 0.368749 0.729686 0.043751 0.034376
1 0.308595 0.980469 0.032812 0.039062
1 0.117186 0.992968 0.015626 0.014064
1 0.501563 0.953125 0.046875 0.040624
1 0.908593 0.544532 0.029689 0.032812
1 0.974217 0.603906 0.045311 0.054687
1 0.171874 0.263280 0.046875 0.048438