0 0.850000 0.149220 0.024999 0.039063
0 0.878905 0.194531 0.020313 0.026562
0 0.928126 0.239063 0.018749 0.025001
0 0.941406 0.291405 0.032812 0.026562
0 0.960155 0.353906 0.020313 0.020313
0 0.048439 0.050782 0.024999 0.029688
0 0.262500 0.011720 0.021876 0.023439
0 0.304688 0.021094 0.012500 0.020313
0 0.065625 0.296093 0.024999 0.032812
0 0.203906 0.346094 0.026562 0.029688
0 0.343750 0.303125 0.046875 0.034376
0 0.451562 0.271876 0.034375 0.031249
0 0.187500 0.507814 0.043751 0.034376
0 0.435157 0.546874 0.029689 0.037500
0 0.281249 0.789063 0.028126 0.034376
0 0.078124 0.875001 0.024999 0.034376
0 0.146095 0.964845 0.023439 0.035937
0 0.525783 0.617968 0.035938 0.023437
0 0.803125 0.664062 0.024999 0.028125
0 0.449219 0.170312 0.017186 0.018750
0 0.329688 0.101563 0.018749 0.021874
0 0.246094 0.973438 0.017186 0.021874
0 0.203906 0.713281 0.020313 0.020313
0 0.167967 0.964063 0.020313 0.025001
0 0.893751 0.594531 0.021876 0.020313
0 0.853126 0.810155 0.015626 0.023437
0 0.947655 0.600782 0.017186 0.017187