0 0.623439 0.046874 0.024999 0.025001
0 0.702342 0.094531 0.017186 0.020313
0 0.450000 0.149220 0.024999 0.039063
0 0.478905 0.194531 0.020313 0.026562
0 0.528126 0.239063 0.018749 0.025001
0 0.541406 0.291405 0.032812 0.026562
0 0.684376 0.289844 0.024999 0.017187
0 0.560155 0.353906 0.020313 0.020313
0 0.828124 0.253126 0.015626 0.015626
0 0.847657 0.307031 0.017186 0.026562
0 0.051562 0.271876 0.034375 0.031249
0 0.035157 0.546874 0.029689 0.037500
0 0.125783 0.617968 0.035938 0.023437
0 0.403125 0.664062 0.024999 0.028125
0 0.657811 0.446874 0.018749 0.028125
0 0.720312 0.468750 0.021876 0.025001
0 0.646095 0.738282 0.023439 0.026562
0 0.049219 0.170312 0.017186 0.018750
0 0.847657 0.985156 0.014063 0.014062
0 0.493751 0.594531 0.021876 0.020313
0 0.453126 0.810155 0.015626 0.023437
0 0.617186 0.520313 0.015626 0.018750
0 0.547655 0.600782 0.017186 0.017187
0 0.746094 0.523437 0.023439 0.021874
0 0.893751 0.631249 0.015626 0.015626
0 0.610936 0.378125 0.018749 0.021874