0 0.031250 0.150781 0.062499 0.048438
0 0.101563 0.028907 0.037499 0.023437
0 0.553907 0.016406 0.029689 0.032812
0 0.605469 0.091407 0.039062 0.032812
0 0.550001 0.116406 0.024999 0.029688
0 0.590626 0.159375 0.040625 0.034376
0 0.771095 0.115624 0.045311 0.046875
0 0.883594 0.039063 0.023439 0.028125
0 0.962501 0.422656 0.028126 0.032812
0 0.739063 0.284376 0.031249 0.021874
0 0.723437 0.345313 0.021876 0.031249
0 0.771095 0.378907 0.029689 0.032812
0 0.632811 0.369532 0.024999 0.029688
0 0.551561 0.447656 0.028126 0.026562
0 0.495313 0.487501 0.028126 0.025001
0 0.515626 0.714061 0.031249 0.037500
0 0.619531 0.848438 0.029689 0.031249
0 0.922656 0.768750 0.023439 0.025001
0 0.012500 0.327345 0.024999 0.039063
0 0.014844 0.814062 0.029689 0.025001
0 0.071094 0.839063 0.020313 0.021874
0 0.076564 0.748437 0.021876 0.015626
0 0.071874 0.715625 0.021876 0.021874
0 0.178906 0.711719 0.023439 0.017187
0 0.156250 0.612500 0.024999 0.025001
0 0.152344 0.538282 0.026562 0.017187
0 0.655470 0.982032 0.029689 0.035936
0 0.729687 0.963282 0.028126 0.023437
0 0.919532 0.139061 0.020313 0.021874
0 0.839063 0.279688 0.024999 0.021874