0 0.153908 0.016406 0.029689 0.032812
0 0.205469 0.091407 0.039062 0.032812
0 0.150001 0.116406 0.024999 0.029688
0 0.190626 0.159375 0.040625 0.034376
0 0.371095 0.115624 0.045311 0.046875
0 0.483594 0.039063 0.023439 0.028125
0 0.897657 0.474218 0.032812 0.035937
0 0.879688 0.644531 0.034375 0.029688
0 0.562501 0.422656 0.028126 0.032812
0 0.339063 0.284376 0.031249 0.021874
0 0.323437 0.345313 0.021876 0.031249
0 0.371095 0.378907 0.029689 0.032812
0 0.232811 0.369532 0.024999 0.029688
0 0.151561 0.447656 0.028126 0.026562
0 0.095313 0.487501 0.028126 0.025001
0 0.115626 0.714061 0.031249 0.037500
0 0.219531 0.848438 0.029689 0.031249
0 0.522656 0.768750 0.023439 0.025001
0 0.255470 0.982032 0.029689 0.035936
0 0.329687 0.963282 0.028126 0.023437
0 0.817187 0.613282 0.024999 0.035937
0 0.519532 0.139061 0.020313 0.021874
0 0.439063 0.279688 0.024999 0.021874