0 0.336720 0.483594 0.032812 0.045312
0 0.400781 0.510938 0.035938 0.043751
0 0.930469 0.124219 0.045311 0.042187
0 0.507030 0.139063 0.032812 0.028125
0 0.480468 0.192189 0.042188 0.043751
0 0.624998 0.223438 0.034375 0.034376
0 0.542969 0.262501 0.060937 0.043751
0 0.805468 0.217969 0.032812 0.035937
0 0.756250 0.221093 0.024999 0.035937
0 0.816407 0.300001 0.045311 0.037500
0 0.028906 0.374219 0.057812 0.064062
0 0.126562 0.407813 0.034375 0.043751
0 0.623439 0.249999 0.037499 0.034376
0 0.843750 0.178905 0.024999 0.020313
0 0.900001 0.094531 0.028126 0.020313
0 0.439063 0.613281 0.021876 0.017187
0 0.501563 0.560155 0.021876 0.017187
0 0.143751 0.345312 0.018749 0.021874