0 0.485158 0.053907 0.029689 0.032812
0 0.589063 0.057031 0.024999 0.039063
0 0.951562 0.092186 0.024999 0.025001
0 0.989844 0.145312 0.020313 0.034376
0 0.953125 0.349219 0.021876 0.029688
0 0.864062 0.676562 0.031249 0.028125
0 0.944532 0.760939 0.023439 0.028125
0 0.576564 0.401563 0.037499 0.037500
0 0.401561 0.288282 0.024999 0.035937
0 0.333594 0.309374 0.029689 0.034376
0 0.097657 0.474218 0.032812 0.035937
0 0.079688 0.644531 0.034375 0.029688
0 0.252344 0.818749 0.023439 0.031249
0 0.364063 0.883593 0.028126 0.020313
0 0.301562 0.564843 0.028126 0.029688
0 0.414064 0.883593 0.018749 0.023437
0 0.343750 0.990625 0.028126 0.018749
0 0.445313 0.975781 0.031249 0.039063
0 0.014843 0.613282 0.029686 0.035937