0 0.828906 0.485156 0.048438 0.045312
0 0.264062 0.985156 0.024999 0.029688
0 0.372655 0.736719 0.032812 0.023437
0 0.703125 0.857812 0.028126 0.037500
0 0.616405 0.833593 0.035938 0.045312
0 0.542968 0.762499 0.026562 0.018750
0 0.545311 0.804687 0.015626 0.025001
0 0.706251 0.643749 0.037499 0.025001
0 0.749999 0.659375 0.028126 0.037500
0 0.803907 0.666407 0.035938 0.042187
0 0.642187 0.921095 0.024999 0.029688
0 0.355469 0.942969 0.035938 0.029688
0 0.425782 0.828124 0.032812 0.021874
0 0.624218 0.567188 0.029689 0.025001
0 0.528905 0.556250 0.029689 0.031249
0 0.564063 0.983593 0.031249 0.029688