0 0.897657 0.074218 0.032812 0.035937
0 0.879688 0.244531 0.034375 0.029688
0 0.562501 0.019531 0.028126 0.039062
0 0.151561 0.047656 0.028126 0.026562
0 0.095313 0.087501 0.028126 0.025001
0 0.115626 0.314061 0.031249 0.037500
0 0.219531 0.448438 0.029689 0.031249
0 0.522656 0.368750 0.023439 0.025001
0 0.078907 0.839062 0.029689 0.040624
0 0.114062 0.660156 0.031249 0.029688
0 0.255470 0.582032 0.029689 0.035937
0 0.329687 0.563282 0.028126 0.023437
0 0.314844 0.626562 0.029689 0.021874
0 0.378125 0.803126 0.031249 0.028125
0 0.939062 0.644530 0.031249 0.042187
0 0.914843 0.739844 0.032812 0.029688
0 0.895314 0.823437 0.021876 0.021874
0 0.813281 0.839062 0.017186 0.021874
0 0.817187 0.213282 0.024999 0.035937