0 0.976564 0.010156 0.037499 0.020313
0 0.497657 0.074218 0.032812 0.035937
0 0.479688 0.244531 0.034375 0.029688
0 0.652344 0.418749 0.023439 0.031249
0 0.764063 0.483593 0.028126 0.020313
0 0.701562 0.164843 0.028126 0.029688
0 0.814064 0.483593 0.018749 0.023437
0 0.162501 0.019531 0.028126 0.039062
0 0.122656 0.368750 0.023439 0.025001
0 0.539062 0.644530 0.031249 0.042187
0 0.514843 0.739844 0.032812 0.029688
0 0.495314 0.823437 0.021876 0.021874
0 0.743750 0.594531 0.028126 0.026562
0 0.845313 0.575781 0.031249 0.039063
0 0.837500 0.666407 0.028126 0.029688
0 0.769533 0.814843 0.023439 0.032812
0 0.793751 0.910156 0.037499 0.032812
0 0.971874 0.807032 0.018749 0.026562
0 0.977344 0.986719 0.026562 0.023437
0 0.413281 0.839062 0.017186 0.021874
0 0.417187 0.213282 0.024999 0.035937