0 0.417969 0.013281 0.023439 0.026562
0 0.471094 0.039063 0.020313 0.021874
0 0.112499 0.291405 0.037499 0.035937
0 0.162500 0.330469 0.024999 0.023437
0 0.048438 0.469532 0.018749 0.026562
0 0.125781 0.571875 0.026562 0.037500
0 0.278905 0.510938 0.026562 0.025001
0 0.347656 0.415625 0.026562 0.034376
0 0.518749 0.372656 0.028126 0.035937
0 0.557030 0.613281 0.032812 0.032812
0 0.249220 0.706249 0.032812 0.043751
0 0.310937 0.767187 0.037499 0.025001
0 0.878907 0.439062 0.029689 0.040624
0 0.914062 0.260156 0.031249 0.029688
0 0.959374 0.917968 0.028126 0.023437
0 0.535938 0.994531 0.034375 0.010938
0 0.332813 0.871875 0.021876 0.025001
0 0.258593 0.899218 0.023439 0.026562
0 0.203905 0.871875 0.020313 0.025001
0 0.139844 0.905469 0.017186 0.014062