0 0.009375 0.510938 0.018750 0.043751
0 0.865626 0.576563 0.021876 0.031249
0 0.718752 0.417970 0.040625 0.029688
0 0.739064 0.591407 0.031249 0.029688
0 0.793749 0.592968 0.028126 0.029688
0 0.530469 0.124219 0.045311 0.042187
0 0.107030 0.139063 0.032812 0.028125
0 0.080468 0.192189 0.042188 0.043751
0 0.224998 0.223438 0.034375 0.034376
0 0.142969 0.262501 0.060937 0.043751
0 0.405468 0.217969 0.032812 0.035937
0 0.356250 0.221093 0.024999 0.035937
0 0.416407 0.300001 0.045311 0.037500
0 0.618749 0.134375 0.024999 0.034376
0 0.223438 0.249999 0.037499 0.034376
0 0.443750 0.178905 0.024999 0.020313
0 0.500001 0.094531 0.028126 0.020313
0 0.039063 0.613281 0.021876 0.017187
0 0.101563 0.560155 0.021876 0.017187
0 0.824217 0.601563 0.017186 0.015626
0 0.811718 0.611720 0.020313 0.023437
0 0.878125 0.549219 0.018749 0.023437