0 0.815624 0.132031 0.024999 0.035937
0 0.712501 0.364844 0.037499 0.035937
0 0.870312 0.302344 0.031249 0.032812
0 0.979687 0.295314 0.034375 0.037500
0 0.915626 0.399218 0.028126 0.029688
0 0.871875 0.355469 0.024999 0.032812
0 0.790625 0.386718 0.037499 0.039063
0 0.828127 0.464063 0.034375 0.040624
0 0.932812 0.584375 0.028126 0.037500
0 0.246874 0.139063 0.040625 0.037500
0 0.235937 0.214063 0.040625 0.043751
0 0.026562 0.085156 0.053125 0.045312
0 0.010938 0.266407 0.021876 0.042187
0 0.227345 0.684375 0.023439 0.025001
0 0.231251 0.621874 0.021876 0.021874
0 0.119532 0.661719 0.026562 0.029688
0 0.118749 0.724999 0.037499 0.025001