0 0.833593 0.041405 0.029689 0.029688
0 0.663280 0.289063 0.032812 0.034376
0 0.732031 0.373438 0.042188 0.037500
0 0.415624 0.132031 0.024999 0.035937
0 0.312501 0.364844 0.037499 0.035937
0 0.470312 0.302344 0.031249 0.032812
0 0.579687 0.295314 0.034375 0.037500
0 0.610156 0.385155 0.029689 0.029688
0 0.611719 0.441407 0.026562 0.035937
0 0.515626 0.399218 0.028126 0.029688
0 0.471875 0.355469 0.024999 0.032812
0 0.390625 0.386718 0.037499 0.039063
0 0.428127 0.464063 0.034375 0.040624
0 0.532812 0.584375 0.028126 0.037500
0 0.657030 0.617187 0.045311 0.046875