0 0.710938 0.225001 0.031249 0.021874
0 0.264062 0.188280 0.024999 0.035937
0 0.703125 0.057812 0.028126 0.037500
0 0.616405 0.028125 0.035938 0.056249
0 0.545311 0.008594 0.015626 0.017187
0 0.411720 0.241406 0.026562 0.032812
0 0.642187 0.121095 0.024999 0.029688
0 0.355469 0.142969 0.035938 0.029688
0 0.425782 0.028124 0.032812 0.021874
0 0.919532 0.261719 0.026562 0.029688
0 0.918749 0.324999 0.037499 0.025001
0 0.325000 0.384376 0.034375 0.028125
0 0.460938 0.289844 0.031249 0.026562
0 0.564063 0.183593 0.031249 0.029688
0 0.628124 0.205469 0.024999 0.026562
0 0.952344 0.988282 0.051561 0.023436
0 0.840626 0.960157 0.040625 0.039063
0 0.729687 0.986719 0.037499 0.026562