0 0.157030 0.213281 0.032812 0.032812
0 0.478907 0.029687 0.029689 0.059374
0 0.778125 0.008594 0.031249 0.017188
0 0.839063 0.252344 0.024999 0.029688
0 0.870311 0.225780 0.031249 0.020313
0 0.720314 0.315624 0.053124 0.034376
0 0.871874 0.514844 0.024999 0.032812
0 0.707031 0.505469 0.026562 0.032812
0 0.699218 0.451561 0.023439 0.021874
0 0.559374 0.517968 0.028126 0.023437
0 0.623438 0.475780 0.021876 0.023437
0 0.476564 0.775782 0.028126 0.026562
0 0.940625 0.936720 0.031249 0.032812
0 0.528125 0.896875 0.018749 0.025001
0 0.667186 0.967187 0.015626 0.018750
0 0.135938 0.597655 0.034375 0.017187