0 0.078907 0.029687 0.029689 0.059374
0 0.378125 0.008594 0.031249 0.017188
0 0.439063 0.252344 0.024999 0.029688
0 0.470311 0.225780 0.031249 0.020313
0 0.320314 0.315624 0.053124 0.034376
0 0.895314 0.023437 0.021876 0.021874
0 0.926562 0.217187 0.028126 0.034376
0 0.935155 0.562500 0.029689 0.021874
0 0.945312 0.607812 0.028126 0.031249
0 0.881251 0.722656 0.024999 0.023437
0 0.471875 0.514844 0.024999 0.032812
0 0.307031 0.505469 0.026562 0.032812
0 0.299218 0.451561 0.023439 0.021874
0 0.159374 0.517968 0.028126 0.023437
0 0.223438 0.475780 0.021876 0.023437
0 0.076564 0.775782 0.028126 0.026562
0 0.540625 0.936720 0.031249 0.032812
0 0.128125 0.896875 0.018749 0.025001
0 0.267186 0.967187 0.015626 0.018750
0 0.827343 0.682812 0.017186 0.018750
0 0.813281 0.039062 0.017186 0.021874