0 0.095314 0.023437 0.021876 0.021874
0 0.126562 0.217187 0.028126 0.034376
0 0.400781 0.314845 0.045311 0.026562
0 0.245311 0.358593 0.024999 0.020313
0 0.369533 0.015625 0.023439 0.031250
0 0.393751 0.110156 0.037499 0.032812
0 0.571874 0.010156 0.018749 0.020312
0 0.577344 0.186719 0.026562 0.023437
0 0.891408 0.129688 0.026562 0.028125
0 0.850000 0.149220 0.031249 0.032812
0 0.923436 0.204688 0.028126 0.021874
0 0.978124 0.292968 0.034375 0.042187
0 0.970311 0.517968 0.034375 0.023437
0 0.887501 0.618750 0.028126 0.028125
0 0.859376 0.766407 0.031249 0.020313
0 0.879688 0.889843 0.028126 0.023437
0 0.942969 0.948437 0.032812 0.018750
0 0.317188 0.459375 0.031249 0.028125
0 0.513280 0.605469 0.020313 0.020313
0 0.135155 0.562500 0.029689 0.021874
0 0.145312 0.607812 0.028126 0.031249
0 0.488281 0.965624 0.026562 0.031249
0 0.081251 0.722656 0.024999 0.023437
0 0.027343 0.682812 0.017186 0.018750
0 0.010937 0.039062 0.021874 0.021874