0 0.806251 0.347657 0.031249 0.045312
0 0.604687 0.534375 0.024999 0.028125
0 0.465626 0.576563 0.021876 0.031249
0 0.318752 0.417970 0.040625 0.029688
0 0.339064 0.591407 0.031249 0.029688
0 0.393749 0.592968 0.028126 0.029688
0 0.130469 0.124219 0.045311 0.042187
0 0.010937 0.217969 0.021874 0.035937
0 0.019531 0.300001 0.039063 0.037500
0 0.218749 0.134375 0.024999 0.034376
0 0.043750 0.178905 0.024999 0.020313
0 0.100001 0.094531 0.028126 0.020313
0 0.424217 0.601563 0.017186 0.015626
0 0.411718 0.611720 0.020313 0.023437
0 0.478125 0.549219 0.018749 0.023437
0 0.989064 0.169530 0.015626 0.017187