0 0.011718 0.314845 0.023437 0.026562
0 0.171874 0.010156 0.018749 0.020312
0 0.177344 0.186719 0.026562 0.023437
0 0.491408 0.129688 0.026562 0.028125
0 0.450000 0.149220 0.031249 0.032812
0 0.721095 0.069532 0.026562 0.020313
0 0.523437 0.204688 0.028126 0.021874
0 0.578124 0.292968 0.034375 0.042187
0 0.729688 0.288281 0.028126 0.023437
0 0.843750 0.303125 0.034375 0.015626
0 0.854686 0.334374 0.021876 0.021874
0 0.955469 0.252344 0.020313 0.023437
0 0.661717 0.470314 0.026562 0.021874
0 0.570311 0.517968 0.034375 0.023437
0 0.487501 0.618750 0.028126 0.028125
0 0.459376 0.766407 0.031249 0.020313
0 0.479688 0.889843 0.028126 0.023437
0 0.542969 0.948437 0.032812 0.018750
0 0.841407 0.988281 0.023439 0.023439
0 0.962498 0.938281 0.024999 0.020313
0 0.734375 0.702343 0.028126 0.017187
0 0.113280 0.605469 0.020313 0.020313
0 0.088281 0.965624 0.026562 0.031249