0 0.050000 0.917186 0.100000 0.165625
1 0.574220 0.262499 0.017186 0.018750
1 0.542188 0.290624 0.012500 0.012499
1 0.858595 0.168749 0.014063 0.015626
1 0.905470 0.235937 0.014063 0.015626
1 0.680469 0.408593 0.014063 0.014062
1 0.728124 0.403126 0.028126 0.015626
1 0.778905 0.441405 0.014063 0.014062
1 0.612498 0.496094 0.015626 0.014062
1 0.196092 0.395312 0.020313 0.021874
1 0.404687 0.617969 0.018749 0.017187
1 0.257030 0.657032 0.020313 0.017187
1 0.157814 0.019531 0.018749 0.017187
1 0.163280 0.091407 0.010936 0.014062
1 0.173436 0.163280 0.012500 0.014062
1 0.400780 0.122656 0.014063 0.017187
1 0.342186 0.146875 0.012500 0.015626
1 0.608595 0.158593 0.010936 0.017187
1 0.647657 0.111718 0.014063 0.017187
1 0.833593 0.069530 0.017186 0.017187
1 0.007812 0.992188 0.015625 0.015624
1 0.648437 0.881250 0.015626 0.021874
1 0.284375 0.871093 0.015626 0.014062
1 0.504686 0.992188 0.018749 0.015624
1 0.585936 0.989062 0.012500 0.015626
1 0.653124 0.803126 0.009376 0.012499
1 0.721094 0.834375 0.014063 0.012499
1 0.811720 0.845313 0.020313 0.018750
1 0.613282 0.632031 0.010936 0.010938
1 0.689062 0.692187 0.015626 0.015626
1 0.783595 0.643749 0.014063 0.015626
1 0.974220 0.842187 0.026562 0.025001
1 0.134375 0.268750 0.018749 0.021874
1 0.202345 0.279688 0.020313 0.018750
1 0.613282 0.431251 0.014063 0.018750