0 0.957032 0.425000 0.020313 0.028125
0 0.917970 0.348437 0.020313 0.021874
0 0.793749 0.337499 0.021876 0.021874
0 0.782812 0.363281 0.034375 0.026562
0 0.715625 0.370314 0.037499 0.031249
0 0.658594 0.332811 0.029689 0.021874
0 0.664844 0.408593 0.017186 0.023437
0 0.832030 0.474999 0.026562 0.025001
0 0.754687 0.471875 0.034375 0.031249
0 0.885938 0.532812 0.021876 0.021874
0 0.940626 0.507812 0.018749 0.015626
0 0.962502 0.983593 0.021876 0.020313
0 0.728908 0.914062 0.023439 0.028125
0 0.774219 0.939063 0.017186 0.015626
0 0.485158 0.316406 0.023439 0.026562
0 0.748437 0.423437 0.021876 0.021874
0 0.149218 0.914062 0.020313 0.031249
0 0.196876 0.905469 0.028126 0.032812
0 0.242188 0.975781 0.018749 0.026562
0 0.317968 0.977344 0.023439 0.023437
0 0.410938 0.970312 0.031249 0.034376
0 0.553125 0.902345 0.028126 0.023437
0 0.469532 0.896094 0.026562 0.029688
0 0.607033 0.832812 0.026562 0.028125
0 0.529686 0.798438 0.040625 0.046875
0 0.558595 0.727344 0.029689 0.039063
0 0.028127 0.714843 0.028126 0.026562
0 0.103907 0.559374 0.032812 0.031249
0 0.130469 0.714064 0.023439 0.037500
0 0.157811 0.719530 0.015626 0.023437
0 0.321095 0.599219 0.023439 0.020313
0 0.263280 0.622656 0.020313 0.023437
0 0.278906 0.653905 0.026562 0.020313
0 0.326561 0.660938 0.018749 0.018750
0 0.299999 0.679688 0.015626 0.015626
0 0.321095 0.685939 0.014063 0.015626
0 0.289842 0.766405 0.023439 0.029688
0 0.317968 0.802344 0.026562 0.017187
0 0.412501 0.799218 0.024999 0.029688
0 0.354687 0.732814 0.021876 0.018750
0 0.346873 0.760157 0.040625 0.023437
0 0.455469 0.744531 0.023439 0.023437
0 0.436720 0.860937 0.020313 0.021874
0 0.439843 0.913281 0.026562 0.020313
0 0.544532 0.654687 0.023439 0.021874
0 0.496094 0.677343 0.026562 0.023437
0 0.438280 0.689063 0.023439 0.021874
0 0.462499 0.632813 0.040625 0.031249
0 0.503907 0.633595 0.020313 0.020313
0 0.565624 0.617187 0.015626 0.015626
0 0.544532 0.535157 0.023439 0.023437
0 0.413281 0.523437 0.042188 0.031249
0 0.353907 0.493749 0.029689 0.025001
0 0.307032 0.450001 0.020313 0.021874
0 0.275000 0.474999 0.034375 0.034376
0 0.204686 0.750782 0.028126 0.035937