0 0.200782 0.362499 0.039062 0.034376
0 0.373438 0.528906 0.031249 0.026562
0 0.546094 0.015624 0.023439 0.031249
0 0.513282 0.080468 0.020313 0.023437
0 0.618752 0.080468 0.028126 0.026562
0 0.839842 0.154687 0.023439 0.015626
0 0.696095 0.125782 0.023439 0.029688
0 0.774999 0.186720 0.018749 0.017187
0 0.832033 0.200001 0.029689 0.021874
0 0.485937 0.239843 0.034375 0.029688
0 0.349219 0.128125 0.023439 0.021874
0 0.303125 0.148438 0.028126 0.021874
0 0.242970 0.128125 0.048438 0.043751
0 0.192969 0.088280 0.029689 0.023437
0 0.101563 0.124219 0.037499 0.020313
0 0.444532 0.478126 0.026562 0.034376
0 0.355469 0.293750 0.032812 0.021874
0 0.339843 0.217969 0.032812 0.039063
0 0.343750 0.174218 0.024999 0.029688
0 0.594533 0.137500 0.032812 0.028125
0 0.175780 0.506251 0.042188 0.031249
0 0.725780 0.680469 0.029689 0.020313
0 0.707811 0.594531 0.031249 0.045312
0 0.617968 0.617969 0.032812 0.026562
0 0.705468 0.791406 0.042188 0.045312
0 0.558594 0.668749 0.026562 0.034376
0 0.528125 0.759375 0.024999 0.028125
0 0.383594 0.800781 0.032812 0.026562
0 0.131251 0.825781 0.031249 0.023437
0 0.239064 0.613281 0.028126 0.035937
0 0.100000 0.632031 0.050001 0.039063
0 0.130468 0.703907 0.029689 0.026562
0 0.365625 0.695313 0.046875 0.028125
0 0.523439 0.516407 0.021876 0.029688
0 0.514843 0.372656 0.039062 0.026562
0 0.414063 0.294532 0.040625 0.032812
0 0.321874 0.418749 0.031249 0.021874
0 0.194532 0.587501 0.029689 0.028125
0 0.265626 0.681251 0.040625 0.028125
0 0.033592 0.328905 0.026562 0.032812
0 0.765625 0.023437 0.015626 0.015626
0 0.790625 0.023437 0.012500 0.018750
0 0.672656 0.261720 0.017186 0.017187
0 0.496093 0.491406 0.020313 0.023437
0 0.460155 0.609375 0.017186 0.018750
0 0.142188 0.162501 0.015626 0.015626
0 0.201562 0.155468 0.021876 0.017187
0 0.057031 0.232813 0.014063 0.015626
0 0.538282 0.821094 0.023439 0.023437
0 0.546094 0.787500 0.020313 0.021874
0 0.772655 0.638282 0.014063 0.017187
0 0.617968 0.060155 0.020313 0.020313