0 0.873439 0.139063 0.031249 0.025001
0 0.904687 0.013281 0.031249 0.026562
0 0.832030 0.032812 0.039062 0.021874
0 0.644531 0.074218 0.045311 0.039063
0 0.715625 0.121874 0.031249 0.025001
0 0.067188 0.496094 0.037499 0.035937
0 0.067188 0.611718 0.024999 0.045312
0 0.346094 0.442187 0.035938 0.028125
0 0.253124 0.389843 0.040625 0.023437
0 0.184374 0.387500 0.028126 0.031249
0 0.039063 0.296093 0.037499 0.032812
0 0.179687 0.187499 0.053124 0.021874
0 0.559375 0.382031 0.031249 0.039063
0 0.298439 0.114844 0.040625 0.020313
0 0.096094 0.144532 0.026562 0.026562
0 0.195313 0.246094 0.024999 0.032812
0 0.085938 0.357030 0.024999 0.023437
0 0.165624 0.525000 0.028126 0.025001
0 0.387499 0.508593 0.034375 0.017187
0 0.304688 0.609375 0.018749 0.031249
0 0.336717 0.600782 0.020313 0.029688
0 0.454689 0.605469 0.031249 0.026562
0 0.464845 0.550780 0.026562 0.023437
0 0.654687 0.761720 0.034375 0.029688
0 0.690626 0.710157 0.031249 0.035937
0 0.874218 0.751563 0.032812 0.028125
0 0.727345 0.814843 0.032812 0.032812
0 0.327344 0.220311 0.023439 0.034376
0 0.395312 0.215624 0.028126 0.021874
0 0.414064 0.257032 0.028126 0.026562
0 0.348437 0.281251 0.031249 0.031249
0 0.267970 0.269531 0.029689 0.039063
0 0.485158 0.371093 0.042188 0.026562
0 0.187500 0.613281 0.021876 0.032812
0 0.263280 0.607030 0.023439 0.026562
0 0.639062 0.192186 0.040625 0.034376
0 0.751563 0.614844 0.024999 0.023437
0 0.798438 0.592189 0.024999 0.028125
0 0.842187 0.573439 0.021876 0.021874
0 0.388282 0.839062 0.029689 0.025001
0 0.157811 0.344531 0.028126 0.020313
0 0.271876 0.846874 0.018749 0.015626
0 0.815624 0.939063 0.021876 0.028125
0 0.444533 0.303907 0.014063 0.017187
0 0.204686 0.346094 0.012500 0.014062
0 0.113280 0.384376 0.014063 0.015626
0 0.084374 0.306249 0.015626 0.015626
0 0.739844 0.638282 0.017186 0.020313
0 0.927343 0.821875 0.014063 0.021874
0 0.925000 0.135157 0.012500 0.017187
0 0.342187 0.553907 0.018749 0.020313
0 0.093751 0.585938 0.018749 0.021874
0 0.351563 0.214063 0.018749 0.025001
0 0.284376 0.242188 0.021876 0.021874