0 0.058594 0.008594 0.017186 0.017187
0 0.077343 0.028124 0.029689 0.021874
0 0.047655 0.117186 0.026562 0.034376
0 0.061718 0.286718 0.023439 0.039063
0 0.289845 0.089061 0.017186 0.018750
0 0.309374 0.174218 0.031249 0.042187
0 0.307031 0.220314 0.029689 0.021874
0 0.346093 0.264062 0.035938 0.034376
0 0.433592 0.347657 0.020313 0.023437
0 0.582813 0.374219 0.021876 0.020313
0 0.846095 0.357812 0.026562 0.025001
0 0.956251 0.346876 0.028126 0.031249
0 0.403123 0.103124 0.021876 0.021874
0 0.357812 0.033593 0.018749 0.020313
0 0.508593 0.011718 0.020313 0.023437
0 0.642970 0.011719 0.029689 0.023438
0 0.605468 0.010157 0.020313 0.020314
0 0.568750 0.057031 0.018749 0.020313
0 0.688282 0.125782 0.023439 0.029688
0 0.785158 0.016406 0.029689 0.032813
0 0.867188 0.041407 0.021876 0.017187
0 0.906250 0.092970 0.021876 0.029688
0 0.957031 0.135936 0.026562 0.025001
0 0.839842 0.154686 0.032812 0.018750
0 0.605468 0.169530 0.026562 0.020313
0 0.504686 0.153907 0.037499 0.026562
0 0.613282 0.139063 0.023439 0.018750
0 0.666406 0.211718 0.029689 0.029688
0 0.588283 0.210939 0.026562 0.028125
0 0.099999 0.482813 0.021876 0.025001
0 0.044532 0.559376 0.026562 0.028125
0 0.853905 0.888282 0.032812 0.026562
0 0.798437 0.887500 0.031249 0.031249
0 0.595312 0.938281 0.028126 0.026562
0 0.594532 0.886718 0.032812 0.035937
0 0.486720 0.908593 0.023439 0.020313
0 0.482030 0.970312 0.029689 0.028125
0 0.285938 0.970312 0.043751 0.028125
0 0.423436 0.975781 0.018749 0.017187