0 0.209375 0.453125 0.046875 0.053126
0 0.260156 0.542188 0.029689 0.031249
0 0.363282 0.623438 0.048438 0.049999
0 0.518749 0.549999 0.065624 0.062501
0 0.622655 0.557813 0.064064 0.068749
0 0.642967 0.471875 0.051561 0.053126
0 0.766405 0.896876 0.073437 0.078124
0 0.729687 0.860937 0.056251 0.059374
0 0.867968 0.773438 0.054688 0.049999
0 0.332030 0.928125 0.023439 0.021874
0 0.707811 0.952344 0.018749 0.020313
0 0.217188 0.980469 0.018749 0.014062
0 0.405470 0.975781 0.014063 0.014062
0 0.348436 0.494531 0.018749 0.020313
0 0.709375 0.535937 0.018749 0.015626
0 0.709375 0.455468 0.018749 0.020313
0 0.752343 0.635937 0.010936 0.009375
0 0.671093 0.757030 0.014063 0.014062