1 0.066408 0.782812 0.014063 0.015626
1 0.252343 0.682032 0.023439 0.020313
1 0.314061 0.670312 0.012500 0.015626
1 0.457032 0.700782 0.017186 0.017187
1 0.389844 0.749218 0.017186 0.017187
1 0.248437 0.081250 0.015626 0.021874
1 0.104686 0.192189 0.018749 0.015626
1 0.185936 0.189062 0.012500 0.015626
1 0.253124 0.004688 0.009376 0.009375
1 0.321094 0.034375 0.014063 0.012499
1 0.411720 0.045313 0.020313 0.018750
1 0.574220 0.042187 0.026562 0.025001
1 0.832813 0.174218 0.021876 0.023437
1 0.892967 0.277343 0.014063 0.014062
1 0.385938 0.215626 0.015626 0.015626
1 0.521876 0.317969 0.012500 0.014062
1 0.596093 0.358593 0.014063 0.014062
1 0.622655 0.328907 0.010936 0.014062
1 0.830470 0.475780 0.017186 0.017187
1 0.872655 0.382031 0.014063 0.017187
1 0.685156 0.453906 0.014063 0.020313
1 0.426563 0.480468 0.009376 0.014062
1 0.871875 0.812500 0.012500 0.015626