1 0.057032 0.700782 0.017186 0.017187
1 0.010938 0.045313 0.021876 0.018750
1 0.174220 0.042187 0.026562 0.025001
1 0.432813 0.174218 0.021876 0.023437
1 0.492967 0.277343 0.014063 0.014062
1 0.121876 0.317969 0.012500 0.014062
1 0.196093 0.358593 0.014063 0.014062
1 0.222655 0.328907 0.010936 0.014062
1 0.710155 0.747657 0.026562 0.026562
1 0.430470 0.475780 0.017186 0.017187
1 0.472655 0.382031 0.014063 0.017187
1 0.285156 0.453906 0.014063 0.020313
1 0.026563 0.480468 0.009376 0.014062
1 0.471875 0.812500 0.012500 0.015626