0 0.067188 0.096094 0.037499 0.035937
0 0.067188 0.211718 0.024999 0.045312
0 0.346094 0.042187 0.035938 0.028125
0 0.165624 0.125000 0.028126 0.025001
0 0.387499 0.108593 0.034375 0.017187
0 0.304688 0.209375 0.018749 0.031249
0 0.336717 0.200782 0.020313 0.029688
0 0.454689 0.205469 0.031249 0.026562
0 0.464845 0.150780 0.026562 0.023437
0 0.654687 0.361720 0.034375 0.029688
0 0.690626 0.310157 0.031249 0.035937
0 0.874218 0.351563 0.032812 0.028125
0 0.727345 0.414843 0.032812 0.032812
0 0.187500 0.213281 0.021876 0.032812
0 0.263280 0.207030 0.023439 0.026562
0 0.751563 0.214844 0.024999 0.023437
0 0.798438 0.192189 0.024999 0.028125
0 0.842187 0.173439 0.021876 0.021874
0 0.388282 0.439062 0.029689 0.025001
0 0.975001 0.940626 0.040625 0.028125
0 0.717188 0.980468 0.043751 0.039063
0 0.460155 0.906250 0.035938 0.034376
0 0.374999 0.878125 0.040625 0.028125
0 0.177344 0.946095 0.026562 0.035937
0 0.271876 0.446874 0.018749 0.015626
0 0.815624 0.539063 0.021876 0.028125
0 0.739844 0.238282 0.017186 0.020313
0 0.927343 0.421875 0.014063 0.021874
0 0.342187 0.153907 0.018749 0.020313
0 0.093751 0.185938 0.018749 0.021874
0 0.540625 0.946095 0.012500 0.014062