0 0.309374 0.630468 0.034375 0.032812
0 0.166406 0.715625 0.029689 0.028125
0 0.146874 0.763281 0.031249 0.026562
0 0.470314 0.731250 0.028126 0.034376
0 0.568750 0.701562 0.031249 0.021874
0 0.421876 0.796875 0.028126 0.028125
0 0.289061 0.860937 0.021876 0.021874
0 0.420313 0.860155 0.040625 0.032812
0 0.557814 0.800781 0.037499 0.023437
0 0.536718 0.824219 0.023439 0.023437
0 0.745313 0.901563 0.053124 0.037500
0 0.417969 0.931249 0.023439 0.021874
0 0.367188 0.920313 0.018749 0.025001
0 0.555467 0.966406 0.017186 0.026562
0 0.586719 0.982812 0.023439 0.034375
0 0.947658 0.733593 0.035938 0.029688
0 0.672656 0.139061 0.023439 0.021874
0 0.956251 0.164062 0.024999 0.025001
0 0.985936 0.556250 0.015626 0.015626
0 0.939845 0.565625 0.017186 0.021874
0 0.535155 0.927343 0.020313 0.023437
0 0.576563 0.917187 0.015626 0.018750
0 0.396874 0.129686 0.031249 0.025001
0 0.446095 0.017187 0.023439 0.034375
0 0.458595 0.035157 0.017186 0.020313
0 0.262499 0.008594 0.024999 0.017188
0 0.946094 0.006251 0.023439 0.012502