0 0.070314 0.731250 0.028126 0.034376
0 0.168750 0.701562 0.031249 0.021874
0 0.017969 0.796875 0.035939 0.028125
0 0.020313 0.860155 0.040625 0.032812
0 0.157814 0.800781 0.037499 0.023437
0 0.136718 0.824219 0.023439 0.023437
0 0.345313 0.901563 0.053124 0.037500
0 0.014844 0.931249 0.029689 0.021874
0 0.155467 0.966406 0.017186 0.026562
0 0.186719 0.982812 0.023439 0.034375
0 0.711718 0.702344 0.032812 0.023437
0 0.547658 0.733593 0.035938 0.029688
0 0.700782 0.810156 0.026562 0.029688
0 0.634374 0.549999 0.034375 0.025001
0 0.791408 0.134374 0.035938 0.025001
0 0.272656 0.139061 0.023439 0.021874
0 0.969530 0.624220 0.020313 0.023437
0 0.556251 0.164062 0.024999 0.025001
0 0.647657 0.133595 0.017186 0.017187
0 0.774219 0.645312 0.023439 0.021874
0 0.797658 0.673437 0.017186 0.018750
0 0.585936 0.556250 0.015626 0.015626
0 0.539845 0.565625 0.017186 0.021874
0 0.135155 0.927343 0.020313 0.023437
0 0.176563 0.917187 0.015626 0.018750
0 0.046095 0.017187 0.023439 0.034375
0 0.058595 0.035157 0.017186 0.020313
0 0.546094 0.006251 0.023439 0.012502
0 0.988280 0.929688 0.017186 0.015626