0 0.237501 0.579688 0.024999 0.031249
0 0.500780 0.806250 0.032812 0.021874
0 0.417187 0.807032 0.021876 0.032812
0 0.367189 0.777344 0.021876 0.017187
0 0.169530 0.624220 0.020313 0.023437
0 0.934376 0.634374 0.043751 0.028125
0 0.400001 0.930470 0.031249 0.023437
0 0.285939 0.967188 0.018749 0.015626
0 0.459375 0.949220 0.028126 0.023437
0 0.517186 0.910157 0.021876 0.032812
0 0.546875 0.870312 0.024999 0.018750
0 0.610156 0.840626 0.026562 0.028125
0 0.607033 0.792188 0.026562 0.028125
0 0.643751 0.760157 0.028126 0.023437
0 0.722658 0.833594 0.035938 0.042187
0 0.729688 0.911720 0.024999 0.029688
0 0.758593 0.983593 0.020313 0.023437
0 0.921093 0.878905 0.023439 0.026562
0 0.982032 0.697656 0.035935 0.023437
0 0.385938 0.989062 0.021876 0.018750
0 0.472655 0.983593 0.014063 0.017187
0 0.809374 0.988281 0.015626 0.017187
0 0.560158 0.946093 0.020313 0.023437
0 0.524219 0.985156 0.014063 0.014062
0 0.528906 0.994532 0.010936 0.010937
0 0.921093 0.542188 0.014063 0.012499
0 0.964844 0.553126 0.014063 0.015626
0 0.853126 0.814062 0.015626 0.015626
0 0.789845 0.828124 0.014063 0.012499
0 0.692189 0.853907 0.018749 0.017187
0 0.782032 0.128125 0.029689 0.031249
0 0.809374 0.038282 0.024999 0.023437
0 0.970311 0.013281 0.028126 0.026563
0 0.188280 0.929688 0.017186 0.015626