0 0.100780 0.806250 0.032812 0.021874
0 0.014062 0.807032 0.028125 0.032812
0 0.534376 0.634374 0.043751 0.028125
0 0.761720 0.539063 0.029689 0.031249
0 0.007813 0.930470 0.015625 0.023437
0 0.059375 0.949220 0.028126 0.023437
0 0.117186 0.910157 0.021876 0.032812
0 0.146875 0.870312 0.024999 0.018750
0 0.210156 0.840626 0.026562 0.028125
0 0.207033 0.792188 0.026562 0.028125
0 0.243751 0.760157 0.028126 0.023437
0 0.322658 0.833594 0.035938 0.042187
0 0.329688 0.911720 0.024999 0.029688
0 0.358593 0.983593 0.020313 0.023437
0 0.521093 0.878905 0.023439 0.026562
0 0.702342 0.704686 0.029689 0.025001
0 0.792188 0.798439 0.021876 0.025001
0 0.680470 0.821094 0.042188 0.026562
0 0.760157 0.689845 0.020313 0.017187
0 0.796095 0.726563 0.020313 0.021874
0 0.847656 0.689063 0.017186 0.021874
0 0.582814 0.697656 0.037499 0.023437
0 0.072655 0.983593 0.014063 0.017187
0 0.409374 0.988281 0.015626 0.017187
0 0.160158 0.946093 0.020313 0.023437
0 0.124219 0.985156 0.014063 0.014062
0 0.128906 0.994532 0.010936 0.010937
0 0.521093 0.542188 0.014063 0.012499
0 0.564844 0.553126 0.014063 0.015626
0 0.453126 0.814062 0.015626 0.015626
0 0.389845 0.828124 0.014063 0.012499
0 0.292189 0.853907 0.018749 0.017187
0 0.382032 0.128125 0.029689 0.031249
0 0.409374 0.038282 0.024999 0.023437
0 0.570311 0.013281 0.028126 0.026563
0 0.985937 0.124220 0.028126 0.029688