0 0.844533 0.149218 0.048438 0.032812
0 0.685939 0.334375 0.028126 0.034376
0 0.209375 0.211719 0.037499 0.032812
0 0.087500 0.211719 0.028126 0.023437
0 0.092970 0.303907 0.023439 0.029688
0 0.037499 0.717970 0.028126 0.026562
0 0.260937 0.570313 0.034375 0.034376
0 0.161717 0.523438 0.023439 0.021874
0 0.699999 0.637501 0.040625 0.034376
0 0.843749 0.608594 0.034375 0.042187
0 0.923436 0.588281 0.062501 0.039063
0 0.606249 0.880468 0.031249 0.026562
0 0.575000 0.981250 0.034375 0.037501
0 0.187500 0.976563 0.028126 0.028125