0 0.100780 0.406250 0.032812 0.021874
0 0.014062 0.407032 0.028125 0.032812
0 0.534376 0.234374 0.043751 0.028125
0 0.761720 0.139063 0.029689 0.031249
0 0.007813 0.530470 0.015625 0.023437
0 0.059375 0.549220 0.028126 0.023437
0 0.117186 0.510157 0.021876 0.032812
0 0.146875 0.470312 0.024999 0.018750
0 0.210156 0.440626 0.026562 0.028125
0 0.207033 0.392188 0.026562 0.028125
0 0.243751 0.360157 0.028126 0.023437
0 0.322658 0.433594 0.035938 0.042187
0 0.149218 0.624220 0.026562 0.026562
0 0.231252 0.707031 0.034375 0.023437
0 0.207813 0.765626 0.037499 0.031249
0 0.329688 0.511720 0.024999 0.029688
0 0.358593 0.583593 0.020313 0.023437
0 0.521093 0.478905 0.023439 0.026562
0 0.425780 0.656250 0.023439 0.021874
0 0.414064 0.692187 0.018749 0.021874
0 0.461719 0.703125 0.014063 0.015626
0 0.465625 0.950780 0.018749 0.026562
0 0.702342 0.304686 0.029689 0.025001
0 0.792188 0.398439 0.021876 0.025001
0 0.103907 0.755469 0.014063 0.020313
0 0.110937 0.680469 0.024999 0.017187
0 0.349220 0.985156 0.026562 0.014062
0 0.440626 0.989844 0.021876 0.020312
0 0.632032 0.931249 0.029689 0.021874
0 0.777342 0.726563 0.029689 0.028125
0 0.680470 0.421094 0.042188 0.026562
0 0.760157 0.289845 0.020313 0.017187
0 0.796095 0.326563 0.020313 0.021874
0 0.847656 0.289063 0.017186 0.021874
0 0.582814 0.297656 0.037499 0.023437
0 0.807811 0.889061 0.021876 0.028125
0 0.576564 0.992968 0.028126 0.014063
0 0.846876 0.941405 0.018749 0.026562
0 0.835937 0.880468 0.018749 0.029688
0 0.072655 0.583593 0.014063 0.017187
0 0.484374 0.964064 0.018749 0.021874
0 0.409374 0.588281 0.015626 0.017187
0 0.457032 0.641406 0.014063 0.017187
0 0.474218 0.667189 0.017186 0.021874
0 0.271093 0.608594 0.017186 0.020313
0 0.160158 0.546093 0.020313 0.023437
0 0.124219 0.585156 0.014063 0.014062
0 0.128906 0.595313 0.010936 0.012499
0 0.175001 0.605470 0.012500 0.014062
0 0.229688 0.631250 0.015626 0.018750
0 0.232812 0.656250 0.015626 0.018750
0 0.136719 0.671876 0.014063 0.015626
0 0.108593 0.704689 0.014063 0.015626
0 0.074218 0.752343 0.014063 0.017187
0 0.146095 0.754688 0.010936 0.012499
0 0.180470 0.731250 0.014063 0.009375
0 0.311718 0.778907 0.014063 0.014062
0 0.290626 0.814843 0.012500 0.014062
0 0.386718 0.782813 0.010936 0.012499
0 0.857812 0.884374 0.012500 0.018750
0 0.521093 0.142188 0.014063 0.012499
0 0.564844 0.153126 0.014063 0.015626
0 0.453126 0.414062 0.015626 0.015626
0 0.389845 0.428124 0.014063 0.012499
0 0.292189 0.453907 0.018749 0.017187
0 0.264063 0.679688 0.015626 0.018750
0 0.309375 0.687500 0.018749 0.015626