0 0.728123 0.042187 0.021876 0.025001
0 0.656250 0.030469 0.012500 0.017187
0 0.632031 0.041405 0.017186 0.017187
0 0.696095 0.079687 0.023439 0.028125
0 0.677342 0.107032 0.017186 0.020313
0 0.851562 0.089062 0.031249 0.015626
0 0.233594 0.032812 0.014063 0.021874
0 0.268749 0.010938 0.018749 0.021876
0 0.264842 0.038281 0.020313 0.017187
0 0.500000 0.009375 0.018749 0.018749
0 0.419533 0.014062 0.020313 0.028124
0 0.375781 0.012500 0.023439 0.025000
0 0.375001 0.047656 0.021876 0.020313
0 0.334376 0.055468 0.037499 0.026562
0 0.531251 0.071093 0.018749 0.020313
0 0.462501 0.064063 0.018749 0.018750
0 0.596092 0.090625 0.017186 0.018750
0 0.852345 0.210936 0.039062 0.037500
0 0.703125 0.195313 0.037499 0.028125
0 0.482813 0.203906 0.040625 0.032812
0 0.370312 0.207031 0.046875 0.026562
0 0.285938 0.205470 0.053124 0.032812
0 0.203125 0.209376 0.031249 0.025001
0 0.373438 0.729687 0.018749 0.025001
0 0.407813 0.658593 0.031249 0.026562
0 0.447655 0.677343 0.026562 0.020313
0 0.547657 0.650781 0.017186 0.017187
0 0.918749 0.642969 0.028126 0.026562
0 0.969530 0.714063 0.032812 0.025001
0 0.865625 0.883594 0.040625 0.029688
0 0.667969 0.779688 0.032812 0.025001
0 0.742969 0.778125 0.029689 0.021874
0 0.793751 0.748437 0.024999 0.018750
0 0.738280 0.809374 0.017186 0.015626
0 0.710938 0.844531 0.024999 0.026562
0 0.710938 0.912501 0.024999 0.025001
0 0.562500 0.863281 0.028126 0.026562
0 0.467968 0.907032 0.035938 0.026562
0 0.402344 0.967969 0.035938 0.032812
0 0.725780 0.954688 0.029689 0.021874
0 0.749219 0.978905 0.026562 0.023437
0 0.990624 0.656250 0.018752 0.021874