0 0.992187 0.025000 0.015626 0.018750
0 0.872655 0.017969 0.029689 0.035937
0 0.789845 0.044532 0.026562 0.020313
0 0.463281 0.012500 0.020313 0.025000
0 0.051562 0.089062 0.031249 0.015626
0 0.438283 0.204688 0.029689 0.031249
0 0.312501 0.224999 0.037499 0.028125
0 0.855469 0.204688 0.035938 0.037500
0 0.964061 0.196874 0.040625 0.040624
0 0.052345 0.210936 0.039062 0.037500
0 0.118749 0.642969 0.028126 0.026562
0 0.169530 0.714063 0.032812 0.025001
0 0.282032 0.717969 0.045311 0.035937
0 0.246094 0.840625 0.039062 0.034376
0 0.346093 0.866405 0.029689 0.026562
0 0.065625 0.883594 0.040625 0.029688
0 0.435156 0.756251 0.039062 0.037500
0 0.469531 0.714845 0.026562 0.032812
0 0.699999 0.820312 0.028126 0.025001
0 0.732030 0.710937 0.035938 0.037500
0 0.919533 0.797656 0.032812 0.026562
0 0.858595 0.967188 0.035938 0.028125
0 0.933592 0.853906 0.032812 0.029688
0 0.699218 0.622656 0.020313 0.032812
0 0.653124 0.839062 0.012500 0.015626
0 0.320314 0.627344 0.015626 0.017187
0 0.192186 0.656250 0.021876 0.021874