0 0.500780 0.008594 0.032812 0.017187
0 0.417187 0.011719 0.021876 0.023438
0 0.400001 0.130470 0.031249 0.023437
0 0.285939 0.167188 0.018749 0.015626
0 0.459375 0.149220 0.028126 0.023437
0 0.517186 0.110157 0.021876 0.032812
0 0.546875 0.070312 0.024999 0.018750
0 0.610156 0.040626 0.026562 0.028125
0 0.722658 0.027344 0.035938 0.054687
0 0.549218 0.224220 0.026562 0.026562
0 0.631252 0.307031 0.034375 0.023437
0 0.607812 0.365626 0.037499 0.031249
0 0.729688 0.111720 0.024999 0.029688
0 0.758593 0.183593 0.020313 0.023437
0 0.921093 0.078905 0.023439 0.026562
0 0.825780 0.256250 0.023439 0.021874
0 0.814064 0.292187 0.018749 0.021874
0 0.861719 0.303125 0.014063 0.015626
0 0.865625 0.550780 0.018749 0.026562
0 0.178124 0.538281 0.024999 0.032812
0 0.253124 0.605469 0.028126 0.023437
0 0.503907 0.355469 0.014063 0.020313
0 0.510937 0.280469 0.024999 0.017187
0 0.324218 0.230468 0.023439 0.017187
0 0.250000 0.430469 0.021876 0.023437
0 0.258593 0.477344 0.017186 0.017187
0 0.262500 0.528906 0.024999 0.023437
0 0.330467 0.497657 0.026562 0.023437
0 0.749220 0.585156 0.026562 0.014062
0 0.804688 0.610157 0.021876 0.017187
0 0.840626 0.590625 0.021876 0.021874
0 0.976564 0.593750 0.028126 0.015626
0 0.168750 0.225781 0.018749 0.023437
0 0.385938 0.189062 0.021876 0.018750
0 0.472655 0.183593 0.014063 0.017187
0 0.884374 0.564064 0.018749 0.021874
0 0.809374 0.188281 0.015626 0.017187
0 0.857032 0.241406 0.014063 0.017187
0 0.874218 0.267189 0.017186 0.021874
0 0.671093 0.208594 0.017186 0.020313
0 0.560158 0.146093 0.020313 0.023437
0 0.524219 0.185156 0.014063 0.014062
0 0.528906 0.195313 0.010936 0.012499
0 0.575001 0.205470 0.012500 0.014062
0 0.629688 0.231250 0.015626 0.018750
0 0.632812 0.256250 0.015626 0.018750
0 0.536719 0.271876 0.014063 0.015626
0 0.508593 0.304689 0.014063 0.015626
0 0.474218 0.352343 0.014063 0.017187
0 0.546095 0.354688 0.010936 0.012499
0 0.580470 0.331250 0.014063 0.009375
0 0.711718 0.378907 0.014063 0.014062
0 0.690626 0.414843 0.012500 0.014062
0 0.786718 0.382813 0.010936 0.012499
0 0.853126 0.010937 0.015626 0.021875
0 0.789845 0.028124 0.014063 0.012499
0 0.692189 0.053907 0.018749 0.017187
0 0.664063 0.279688 0.015626 0.018750
0 0.709375 0.287500 0.018749 0.015626
0 0.188280 0.129688 0.017186 0.015626