0 0.978908 0.039063 0.023439 0.025001
0 0.405468 0.043750 0.029689 0.025001
0 0.220312 0.067969 0.021876 0.026562
0 0.191407 0.026564 0.023439 0.025001
0 0.103124 0.076563 0.024999 0.021874
0 0.068749 0.018750 0.028126 0.037499
0 0.731251 0.211718 0.021876 0.023437
0 0.614063 0.192968 0.037499 0.032812
0 0.514843 0.195313 0.032812 0.021874
0 0.317188 0.192968 0.053124 0.045312
0 0.373436 0.742188 0.040625 0.034376
0 0.142189 0.657813 0.040625 0.028125
0 0.193750 0.603124 0.028126 0.021874
0 0.243751 0.596094 0.040625 0.023437
0 0.500001 0.737501 0.021876 0.028125
0 0.464062 0.766407 0.021876 0.026562
0 0.367969 0.870314 0.020313 0.015626
0 0.152345 0.982032 0.023439 0.020313
0 0.104687 0.888282 0.028126 0.023437
0 0.009376 0.936718 0.018752 0.029688
0 0.101564 0.928906 0.024999 0.026562
0 0.154688 0.910938 0.018749 0.021874
0 0.133592 0.890625 0.014063 0.018750
0 0.771093 0.650781 0.029689 0.032812
0 0.814061 0.596094 0.028126 0.029688
0 0.771093 0.050001 0.020313 0.025001