0 0.907813 0.164064 0.031249 0.031249
0 0.810157 0.136718 0.026562 0.026562
0 0.176563 0.132031 0.021876 0.023437
0 0.609375 0.010937 0.028126 0.021875
0 0.959374 0.182814 0.018749 0.018750
0 0.142187 0.190625 0.034375 0.031249
0 0.974220 0.695313 0.039062 0.025001
0 0.714844 0.672657 0.039062 0.029688
0 0.653127 0.661719 0.031249 0.029688
0 0.726564 0.735156 0.031249 0.026562
0 0.527345 0.731250 0.039062 0.034376
0 0.610155 0.739843 0.023439 0.029688
0 0.654687 0.781251 0.037499 0.025001
0 0.241407 0.756250 0.048438 0.025001
0 0.189062 0.792187 0.028126 0.021874
0 0.129688 0.785157 0.034375 0.023437
0 0.481250 0.678906 0.028126 0.020313
0 0.361718 0.796875 0.035938 0.028125
0 0.264842 0.842968 0.029689 0.026562
0 0.234374 0.871874 0.034375 0.031249
0 0.803907 0.178126 0.017186 0.018750
0 0.824999 0.203906 0.015626 0.023437
0 0.575000 0.219532 0.018749 0.020313
0 0.991406 0.839062 0.017189 0.018750
0 0.725780 0.842188 0.017186 0.018750
0 0.075000 0.035157 0.021876 0.023437