0 0.628124 0.102345 0.034375 0.029688
0 0.507813 0.164064 0.031249 0.031249
0 0.410157 0.136718 0.026562 0.026562
0 0.978124 0.138281 0.024999 0.032812
0 0.209375 0.010937 0.028126 0.021875
0 0.708595 0.184375 0.032812 0.025001
0 0.617188 0.167188 0.021876 0.015626
0 0.559374 0.182814 0.018749 0.018750
0 0.833593 0.923437 0.035938 0.028125
0 0.804687 0.833593 0.037499 0.026562
0 0.742186 0.953907 0.024999 0.023437
0 0.664063 0.926563 0.028126 0.021874
0 0.721874 0.786718 0.024999 0.020313
0 0.818750 0.756250 0.024999 0.021874
0 0.612498 0.801562 0.024999 0.025001
0 0.642187 0.808594 0.018749 0.023437
0 0.574220 0.695313 0.039062 0.025001
0 0.314844 0.672657 0.039062 0.029688
0 0.253127 0.661719 0.031249 0.029688
0 0.326564 0.735156 0.031249 0.026562
0 0.127345 0.731250 0.039062 0.034376
0 0.210155 0.739843 0.023439 0.029688
0 0.254687 0.781251 0.037499 0.025001
0 0.081250 0.678906 0.028126 0.020313
0 0.782032 0.035157 0.014063 0.017187
0 0.641407 0.194531 0.023439 0.017187
0 0.403907 0.178126 0.017186 0.018750
0 0.425000 0.203906 0.015626 0.023437
0 0.175000 0.219532 0.018749 0.020313
0 0.593749 0.839062 0.021876 0.018750
0 0.725780 0.917188 0.017186 0.015626
0 0.325780 0.842188 0.017186 0.018750
0 0.803907 0.746875 0.026562 0.021874