0 0.609375 0.453125 0.046875 0.053126
0 0.660156 0.542188 0.029689 0.031249
0 0.763282 0.623438 0.048438 0.049999
0 0.918749 0.549999 0.065624 0.062501
0 0.106249 0.479687 0.075000 0.062501
0 0.240624 0.505469 0.043751 0.045312
0 0.140624 0.622657 0.040625 0.051562
0 0.028125 0.769532 0.056251 0.057813
0 0.163280 0.870312 0.064064 0.059374
0 0.208595 0.778907 0.020313 0.023437
0 0.732030 0.928125 0.023439 0.021874
0 0.617188 0.980469 0.018749 0.014062
0 0.805470 0.975781 0.014063 0.014062
0 0.748436 0.494531 0.018749 0.020313
0 0.895313 0.767969 0.034375 0.035937