0 0.193750 0.016407 0.021876 0.032814
0 0.241408 0.009375 0.023439 0.018750
0 0.216405 0.073436 0.026562 0.028125
0 0.315625 0.085156 0.018749 0.023437
0 0.496874 0.078124 0.024999 0.028125
0 0.519533 0.012500 0.042188 0.025000
0 0.989063 0.048438 0.021874 0.025001
0 0.932033 0.421095 0.026562 0.023437
0 0.271876 0.416407 0.028126 0.020313
0 0.189063 0.857031 0.021876 0.026562
0 0.242967 0.781250 0.026562 0.034376
0 0.302345 0.776562 0.017186 0.025001
0 0.228125 0.913281 0.018749 0.020313
0 0.454689 0.766405 0.015626 0.029688
0 0.479688 0.798439 0.018749 0.021874
0 0.403908 0.857031 0.020313 0.017187
0 0.400001 0.887501 0.018749 0.018750
0 0.828907 0.758594 0.026562 0.026562
0 0.983594 0.728906 0.014063 0.017187
0 0.972658 0.819531 0.014063 0.029688