0 0.096874 0.078124 0.024999 0.028125
0 0.119533 0.012500 0.042188 0.025000
0 0.589063 0.048438 0.021876 0.025001
0 0.693749 0.014062 0.028126 0.028125
0 0.804688 0.092186 0.024999 0.018750
0 0.850783 0.010938 0.026562 0.021877
0 0.726561 0.449220 0.018749 0.026562
0 0.532033 0.421095 0.026562 0.023437
0 0.054689 0.766405 0.015626 0.029688
0 0.079688 0.798439 0.018749 0.021874
0 0.007032 0.857031 0.014064 0.017187
0 0.004688 0.887501 0.009376 0.018750
0 0.428907 0.758594 0.026562 0.026562
0 0.583594 0.728906 0.014063 0.017187
0 0.572658 0.819531 0.014063 0.029688
0 0.753123 0.810938 0.031249 0.025001
0 0.757813 0.866406 0.018749 0.020313
0 0.731251 0.891407 0.028126 0.017187