0 0.542188 0.975781 0.043751 0.045312
0 0.314061 0.671876 0.071874 0.078124
0 0.327344 0.570312 0.064064 0.062501
0 0.598436 0.522656 0.078123 0.067188
0 0.067968 0.373438 0.054688 0.049999
0 0.307032 0.390625 0.070314 0.075000
0 0.941405 0.257032 0.060937 0.073436
0 0.752343 0.242970 0.073437 0.073436
0 0.959375 0.088280 0.037499 0.035937
0 0.764063 0.075000 0.040625 0.037500
0 0.260937 0.109375 0.037499 0.028125
0 0.814064 0.976563 0.084376 0.046875
0 0.721875 0.613281 0.040625 0.035937
0 0.674220 0.639843 0.014063 0.017187
0 0.994531 0.466406 0.010938 0.026562
0 0.113283 0.696093 0.020313 0.020313
0 0.042189 0.853125 0.024999 0.028125
0 0.381249 0.219532 0.018749 0.017187