0 0.726561 0.049220 0.018749 0.026562
0 0.532033 0.016407 0.026562 0.032813
0 0.054689 0.366405 0.015626 0.029688
0 0.079688 0.398439 0.018749 0.021874
0 0.007032 0.457031 0.014064 0.017187
0 0.004688 0.487501 0.009376 0.018750
0 0.428907 0.358594 0.026562 0.026562
0 0.583594 0.328906 0.014063 0.017187
0 0.572658 0.419531 0.014063 0.029688
0 0.753123 0.410938 0.031249 0.025001
0 0.757813 0.466406 0.018749 0.020313
0 0.731251 0.491407 0.028126 0.017187
0 0.896874 0.713282 0.043751 0.035937
0 0.735158 0.711719 0.026562 0.026562
0 0.688283 0.780468 0.020313 0.026562
0 0.559375 0.822657 0.018749 0.026562
0 0.493751 0.730469 0.021876 0.026562
0 0.485158 0.693750 0.023439 0.018750
0 0.546875 0.677343 0.031249 0.023437
0 0.441406 0.678125 0.026562 0.018750
0 0.180470 0.803126 0.029689 0.043751
0 0.117970 0.835157 0.032812 0.020313
0 0.069532 0.720312 0.039062 0.034376
0 0.078124 0.683594 0.024999 0.020313
0 0.140625 0.684375 0.028126 0.028125
0 0.021875 0.867969 0.043751 0.026562