0 0.070311 0.026563 0.021876 0.053125
0 0.056251 0.096094 0.018749 0.017187
0 0.217968 0.078905 0.023439 0.023437
0 0.185936 0.096094 0.034375 0.029688
0 0.589063 0.057031 0.021876 0.026562
0 0.628125 0.113281 0.018749 0.020313
0 0.803907 0.057031 0.020313 0.017187
0 0.800001 0.087501 0.018749 0.018750
0 0.980470 0.403126 0.029689 0.043751
0 0.917970 0.435157 0.032812 0.020313
0 0.869532 0.320312 0.039062 0.034376
0 0.878124 0.283594 0.024999 0.020313
0 0.940625 0.284375 0.028126 0.028125
0 0.594533 0.368750 0.045311 0.040624
0 0.639061 0.425782 0.028126 0.042187
0 0.221095 0.310937 0.029689 0.031249
0 0.158594 0.416407 0.032812 0.039063
0 0.097657 0.689063 0.014063 0.015626
0 0.874218 0.747657 0.026562 0.026562
0 0.828127 0.467969 0.031249 0.026562