0 0.027343 0.649218 0.054686 0.035937
0 0.080470 0.437500 0.026562 0.037500
0 0.168750 0.372656 0.037499 0.039063
0 0.159374 0.493749 0.037499 0.037500
0 0.222658 0.622657 0.039062 0.032812
0 0.498437 0.750000 0.050001 0.043751
0 0.393751 0.802344 0.043751 0.029688
0 0.517969 0.493749 0.029689 0.037500
0 0.452345 0.427343 0.035938 0.023437
0 0.471874 0.537500 0.034375 0.037500
0 0.634374 0.317970 0.034375 0.042187
0 0.692189 0.488280 0.024999 0.048438
0 0.770312 0.492968 0.021876 0.032812
0 0.735937 0.650000 0.037499 0.031249
0 0.882814 0.557813 0.028126 0.034376
0 0.849219 0.528907 0.026562 0.023437
0 0.951561 0.345313 0.031249 0.034376
0 0.899220 0.617187 0.035938 0.028125