0 0.188280 0.359376 0.173436 0.162501
0 0.607030 0.357812 0.173436 0.171876
1 0.909374 0.742968 0.015626 0.014062
2 0.094531 0.485156 0.070314 0.073436
2 0.427344 0.371875 0.085936 0.081251
2 0.110157 0.291406 0.085936 0.082811
2 0.178907 0.953906 0.082813 0.092188
2 0.241405 0.669531 0.139061 0.076563
2 0.429687 0.092186 0.068750 0.062501
2 0.664064 0.196093 0.050001 0.051562
2 0.868749 0.860937 0.131251 0.075000
2 0.420314 0.931249 0.068750 0.093750
2 0.831250 0.305468 0.065624 0.064062
2 0.896094 0.539063 0.067187 0.068749
2 0.603126 0.634374 0.099999 0.103125