0 0.362499 0.157032 0.031249 0.029688
0 0.437499 0.317970 0.028126 0.026562
0 0.660937 0.170313 0.034375 0.034376
0 0.561717 0.123438 0.023439 0.021874
0 0.975000 0.582811 0.034375 0.040624
0 0.740626 0.653905 0.040625 0.039063
0 0.587500 0.576563 0.028126 0.028125
0 0.330470 0.557032 0.032812 0.032812
0 0.410937 0.624999 0.021876 0.025001
0 0.305468 0.672655 0.042188 0.032812
0 0.067968 0.487501 0.026562 0.018750
0 0.071874 0.595313 0.021876 0.021874
0 0.028126 0.647657 0.028126 0.029688
0 0.122655 0.603906 0.020313 0.029688