0 0.283593 0.673437 0.048438 0.046875
0 0.354687 0.688281 0.034375 0.039063
0 0.393751 0.660156 0.024999 0.029688
0 0.476562 0.607812 0.043751 0.059374
0 0.428123 0.575000 0.028126 0.040624
0 0.355470 0.545312 0.029689 0.028125
0 0.283593 0.539845 0.026562 0.023437
0 0.084374 0.946093 0.046875 0.048438
0 0.195313 0.985938 0.046875 0.028125
0 0.120313 0.760157 0.040625 0.039063
0 0.112500 0.787500 0.031249 0.021874
0 0.071095 0.753124 0.023439 0.031249
0 0.043749 0.742968 0.024999 0.035937
0 0.009374 0.818749 0.018749 0.028125
0 0.519530 0.971094 0.026562 0.029688
0 0.622656 0.942187 0.032812 0.034376
0 0.624999 0.970312 0.018749 0.018750
0 0.649218 0.930470 0.023439 0.026562
0 0.489061 0.896094 0.024999 0.026562
0 0.488281 0.846874 0.032812 0.037500
0 0.531249 0.855470 0.024999 0.029688
0 0.420314 0.768750 0.037499 0.031249
0 0.549219 0.703125 0.029689 0.031249
0 0.057812 0.533594 0.043751 0.039063
0 0.132032 0.437499 0.035938 0.037500
0 0.008593 0.553907 0.017185 0.026562
0 0.484374 0.444532 0.034375 0.039063
0 0.425780 0.457031 0.035938 0.026562
0 0.646875 0.549220 0.034375 0.029688
0 0.650781 0.472657 0.029689 0.032812
0 0.575781 0.496876 0.023439 0.025001
0 0.554688 0.455468 0.018749 0.023437
0 0.517186 0.496094 0.021876 0.020313
0 0.392188 0.958595 0.034375 0.035937
0 0.215625 0.877344 0.028126 0.032812
0 0.966405 0.588281 0.029689 0.029688
0 0.889844 0.464843 0.026562 0.029688
0 0.860939 0.458594 0.018749 0.020313
0 0.754687 0.557813 0.040625 0.056250
0 0.740624 0.598437 0.028126 0.021874
0 0.707812 0.639061 0.021876 0.025001
0 0.767186 0.803126 0.028126 0.031249
0 0.923436 0.636719 0.031249 0.035937
0 0.937499 0.716406 0.024999 0.026562
0 0.354687 0.995312 0.012500 0.009376
0 0.363283 0.974218 0.014063 0.017187
0 0.362499 0.869532 0.009376 0.014062
0 0.460155 0.897657 0.014063 0.017187
0 0.113280 0.860157 0.014063 0.014062
0 0.113280 0.728905 0.017186 0.017187
0 0.105470 0.698438 0.010936 0.012499
0 0.128126 0.658593 0.015626 0.014062
0 0.073438 0.585938 0.015626 0.018750
0 0.685936 0.828906 0.015626 0.017187
0 0.448436 0.785937 0.018749 0.021874
0 0.529686 0.953125 0.028126 0.028125