0 0.902343 0.842186 0.032812 0.034376
0 0.824220 0.811719 0.026562 0.035937
0 0.776562 0.789845 0.021876 0.023437
0 0.768749 0.660938 0.037499 0.043751
0 0.739063 0.892969 0.031249 0.023437
0 0.492187 0.892188 0.071874 0.028125
0 0.473438 0.868750 0.028126 0.021874
0 0.398437 0.871093 0.028126 0.029688
0 0.659376 0.828906 0.031249 0.035937
0 0.696875 0.788281 0.034375 0.035937
0 0.677342 0.751563 0.023439 0.025001
0 0.690625 0.708594 0.050001 0.039063
0 0.642967 0.682030 0.020313 0.032812
0 0.608595 0.716406 0.026562 0.026562
0 0.534375 0.495312 0.040625 0.034376
0 0.585936 0.509375 0.037499 0.040624
0 0.620312 0.441407 0.024999 0.032812
0 0.373438 0.679688 0.046875 0.049999
0 0.419530 0.761720 0.029689 0.023437
0 0.318750 0.776562 0.024999 0.025001
0 0.314064 0.799220 0.024999 0.023437
0 0.225001 0.788281 0.018749 0.026562
0 0.218751 0.665625 0.040625 0.034376
0 0.176563 0.665625 0.028126 0.034376
0 0.124219 0.739843 0.023439 0.026562
0 0.051562 0.615626 0.031249 0.028125
0 0.007031 0.528906 0.014063 0.026562
0 0.048438 0.809374 0.021876 0.028125
0 0.087500 0.820312 0.021876 0.025001
0 0.133595 0.878907 0.023439 0.020313
0 0.225781 0.895312 0.026562 0.025001
0 0.854688 0.730468 0.021876 0.023437
0 0.856249 0.628125 0.021876 0.018750
0 0.748436 0.291405 0.037499 0.039063
0 0.894530 0.257032 0.035938 0.035937
0 0.911720 0.201561 0.026562 0.071876
0 0.900780 0.103906 0.023439 0.032812
0 0.685939 0.257032 0.024999 0.026562
0 0.626561 0.144532 0.031249 0.032812
0 0.676562 0.103906 0.018749 0.020313
0 0.682812 0.126562 0.021876 0.018750
0 0.515626 0.061718 0.028126 0.026562
0 0.451562 0.032812 0.031249 0.015626
0 0.245314 0.050001 0.034375 0.028125
0 0.325780 0.024219 0.017186 0.017187
0 0.355469 0.032030 0.020313 0.020313
0 0.326564 0.054688 0.015626 0.018750
0 0.353906 0.157032 0.029689 0.029688
0 0.355469 0.184375 0.026562 0.031249
0 0.389844 0.181251 0.017186 0.018750
0 0.410937 0.178124 0.018749 0.021874
0 0.427343 0.306249 0.042188 0.043751
0 0.533595 0.313282 0.039062 0.039063
0 0.323437 0.240625 0.031249 0.034376
0 0.370312 0.257032 0.024999 0.023437
0 0.370312 0.311719 0.024999 0.029688
0 0.255470 0.321094 0.029689 0.026562
0 0.202345 0.343749 0.026562 0.025001
0 0.178126 0.445313 0.031249 0.031249
0 0.207032 0.555468 0.039062 0.039063
0 0.322657 0.583593 0.026562 0.023437
0 0.362499 0.474220 0.024999 0.032812
0 0.348436 0.451562 0.031249 0.031249
0 0.307811 0.412501 0.028126 0.018750
0 0.016406 0.412501 0.032812 0.028125
0 0.092186 0.300780 0.024999 0.032812
0 0.032812 0.305468 0.028126 0.029688
0 0.038282 0.275782 0.020313 0.023437
0 0.120312 0.216406 0.021876 0.020313
0 0.189843 0.192968 0.020313 0.020313
0 0.226561 0.224999 0.021876 0.028125
0 0.213281 0.172657 0.017186 0.017187
0 0.196876 0.146875 0.018749 0.012499
0 0.039845 0.040626 0.023439 0.025001
0 0.067187 0.046093 0.018749 0.017187
0 0.096876 0.053125 0.018749 0.018750
0 0.853125 0.310937 0.018749 0.018750
0 0.623438 0.222656 0.012500 0.020313
0 0.598439 0.175781 0.024999 0.032812
0 0.567187 0.078126 0.012500 0.015626
0 0.538282 0.125782 0.014063 0.014062
0 0.811720 0.060937 0.017186 0.018750
0 0.785155 0.038281 0.014063 0.014062
0 0.389844 0.053125 0.014063 0.012499
0 0.310158 0.304689 0.023439 0.018750
0 0.452345 0.713282 0.020313 0.020313
0 0.124998 0.678906 0.012500 0.014062
0 0.164063 0.776562 0.012500 0.012499
0 0.026562 0.857030 0.009376 0.014062
0 0.455468 0.513281 0.017186 0.017187
0 0.201562 0.867969 0.012500 0.017187
0 0.109376 0.385155 0.012500 0.010938
0 0.138281 0.350000 0.010936 0.009375
0 0.291405 0.596094 0.014063 0.020313
0 0.298438 0.951562 0.021876 0.021874