0 0.884374 0.546093 0.046875 0.048438
0 0.985938 0.596094 0.028124 0.048438
0 0.710938 0.845313 0.037499 0.040624
0 0.735937 0.813282 0.031249 0.032812
0 0.824220 0.778125 0.026562 0.031249
0 0.768749 0.702343 0.024999 0.023437
0 0.920313 0.360157 0.040625 0.039063
0 0.912500 0.387500 0.031249 0.021874
0 0.871095 0.353124 0.023439 0.031249
0 0.843749 0.342968 0.024999 0.035937
0 0.803124 0.418749 0.031249 0.028125
0 0.674220 0.528125 0.026562 0.037500
0 0.677343 0.687499 0.020313 0.021874
0 0.964061 0.858594 0.028126 0.026562
0 0.857812 0.133594 0.043751 0.039063
0 0.932032 0.028125 0.035938 0.056249
0 0.688282 0.338280 0.020313 0.023437
0 0.717188 0.356251 0.028126 0.037500
0 0.718751 0.289844 0.018749 0.023437
0 0.755469 0.234374 0.023439 0.021874
0 0.687499 0.239843 0.018749 0.023437
0 0.801561 0.153907 0.031249 0.026562
0 0.502343 0.842186 0.032812 0.034376
0 0.424220 0.811719 0.026562 0.035937
0 0.376562 0.789845 0.021876 0.023437
0 0.368749 0.660938 0.037499 0.043751
0 0.339063 0.892969 0.031249 0.023437
0 0.092187 0.892188 0.071874 0.028125
0 0.073438 0.868750 0.028126 0.021874
0 0.259376 0.828906 0.031249 0.035937
0 0.296875 0.788281 0.034375 0.035937
0 0.277342 0.751563 0.023439 0.025001
0 0.290625 0.708594 0.050001 0.039063
0 0.242967 0.682030 0.020313 0.032812
0 0.208595 0.716406 0.026562 0.026562
0 0.134375 0.495312 0.040625 0.034376
0 0.185936 0.509375 0.037499 0.040624
0 0.220312 0.441407 0.024999 0.032812
0 0.017187 0.761720 0.034374 0.023437
0 0.454688 0.730468 0.021876 0.023437
0 0.456249 0.628125 0.021876 0.018750
0 0.348436 0.291405 0.037499 0.039063
0 0.494530 0.257032 0.035938 0.035937
0 0.511720 0.201561 0.026562 0.071876
0 0.500780 0.103906 0.023439 0.032812
0 0.285939 0.257032 0.024999 0.026562
0 0.226561 0.144532 0.031249 0.032812
0 0.276562 0.103906 0.018749 0.020313
0 0.282812 0.126562 0.021876 0.018750
0 0.115626 0.061718 0.028126 0.026562
0 0.051562 0.032812 0.031249 0.015626
0 0.010156 0.178124 0.020311 0.021874
0 0.024218 0.306249 0.048437 0.043751
0 0.133595 0.313282 0.039062 0.039063
0 0.453125 0.310937 0.018749 0.018750
0 0.223438 0.222656 0.012500 0.020313
0 0.198439 0.175781 0.024999 0.032812
0 0.167187 0.078126 0.012500 0.015626
0 0.138282 0.125782 0.014063 0.014062
0 0.411720 0.060937 0.017186 0.018750
0 0.385155 0.038281 0.014063 0.014062
0 0.913280 0.460157 0.014063 0.014062
0 0.989843 0.885937 0.020313 0.021874
0 0.939062 0.875001 0.015626 0.015626
0 0.935939 0.912501 0.018749 0.018750
0 0.702345 0.890625 0.014063 0.012499
0 0.699218 0.467969 0.014063 0.017187
0 0.913280 0.328905 0.017186 0.017187
0 0.905470 0.298438 0.010936 0.012499
0 0.052345 0.713282 0.020313 0.020313
0 0.702345 0.153126 0.014063 0.015626
0 0.686719 0.038281 0.010936 0.010938
0 0.733594 0.024219 0.010936 0.014062
0 0.757033 0.172657 0.010936 0.014062
0 0.928126 0.258593 0.015626 0.014062
0 0.873438 0.185938 0.015626 0.018750
0 0.055468 0.513281 0.017186 0.017187
0 0.736720 0.708594 0.017186 0.017187