0 0.730468 0.799999 0.045311 0.065625
0 0.782033 0.765626 0.026562 0.031249
0 0.907814 0.857812 0.040625 0.046875
0 0.987500 0.939063 0.025000 0.021874
0 0.984376 0.541405 0.031249 0.045312
0 0.932030 0.399999 0.035938 0.034376
0 0.978124 0.335156 0.040625 0.042187
0 0.991407 0.705468 0.014063 0.026562
0 0.817188 0.154687 0.028126 0.028125
0 0.739844 0.114844 0.032812 0.045312
0 0.751564 0.048438 0.021876 0.025001
0 0.767186 0.011718 0.034375 0.023437
0 0.778906 0.153907 0.017186 0.020313
0 0.899218 0.139845 0.045311 0.035937
0 0.767186 0.352343 0.024999 0.026562
0 0.747657 0.335156 0.020313 0.020313
0 0.765627 0.309376 0.018749 0.021874
0 0.786719 0.923437 0.029689 0.025001
0 0.807032 0.898439 0.026562 0.025001
0 0.825001 0.325781 0.056251 0.073436
0 0.811718 0.733595 0.020313 0.020313
0 0.796875 0.708594 0.018749 0.020313
0 0.791406 0.678906 0.017186 0.014062
0 0.753124 0.650781 0.015626 0.020313
0 0.728905 0.657032 0.014063 0.023437
0 0.746874 0.574218 0.018749 0.023437
0 0.076562 0.207812 0.043751 0.059374
0 0.021093 0.175000 0.042186 0.040624
0 0.384376 0.828124 0.043751 0.046875
0 0.493751 0.729687 0.034375 0.037500
0 0.384376 0.732813 0.031249 0.037500
0 0.432813 0.625780 0.031249 0.039063
0 0.314845 0.672655 0.035938 0.032812
0 0.281250 0.726562 0.031249 0.037500
0 0.016406 0.675782 0.032812 0.032812
0 0.035937 0.738282 0.021876 0.026562
0 0.080468 0.730468 0.023439 0.023437
0 0.128126 0.869532 0.028126 0.032812
0 0.181251 0.871875 0.031249 0.028125
0 0.150782 0.914844 0.051561 0.023437
0 0.085158 0.907814 0.020313 0.018750
0 0.067968 0.890625 0.029689 0.028125
0 0.010156 0.882813 0.020312 0.025001
0 0.284376 0.838281 0.031249 0.032812
0 0.238282 0.803907 0.017186 0.020313
0 0.125000 0.563282 0.037499 0.045312
0 0.222656 0.542187 0.032812 0.034376
0 0.224999 0.570312 0.018749 0.018750
0 0.249218 0.530470 0.023439 0.026562
0 0.089061 0.496094 0.024999 0.026562
0 0.088281 0.446874 0.032812 0.037500
0 0.131249 0.455470 0.024999 0.029688
0 0.019532 0.368750 0.039063 0.031249
0 0.149219 0.303125 0.029689 0.031249
0 0.084374 0.044532 0.034375 0.039063
0 0.021875 0.057031 0.043750 0.026562
0 0.246875 0.149220 0.034375 0.029688
0 0.250781 0.072657 0.029689 0.032812
0 0.175781 0.096876 0.023439 0.025001
0 0.154688 0.055468 0.018749 0.023437
0 0.117187 0.096094 0.021876 0.020313
0 0.566405 0.188281 0.029689 0.029688
0 0.489844 0.064843 0.026562 0.029688
0 0.460939 0.058594 0.018749 0.020313
0 0.354687 0.157813 0.040625 0.056250
0 0.340624 0.198437 0.028126 0.021874
0 0.307812 0.239061 0.021876 0.025001
0 0.367186 0.403126 0.028126 0.031249
0 0.523437 0.236719 0.031249 0.035937
0 0.537499 0.316406 0.024999 0.026562
0 0.332811 0.879689 0.028126 0.031249
0 0.561718 0.753124 0.023439 0.028125
0 0.747657 0.546093 0.017186 0.017187
0 0.176564 0.641406 0.012500 0.010938
0 0.060155 0.497657 0.014063 0.017187
0 0.857813 0.160156 0.012500 0.017187
0 0.882812 0.117968 0.012500 0.014062
0 0.909374 0.911719 0.018749 0.020313
0 0.903124 0.892969 0.018749 0.020313
0 0.285936 0.428906 0.015626 0.017187
0 0.048436 0.385937 0.018749 0.021874
0 0.774999 0.642969 0.015626 0.017187
0 0.743751 0.705468 0.015626 0.017187
0 0.696876 0.982032 0.018749 0.020313