1 0.989063 0.432032 0.012500 0.010938
1 0.706251 0.007031 0.015626 0.014063
2 0.899220 0.050001 0.029689 0.028125
2 0.964844 0.305468 0.048438 0.051562
2 0.984375 0.599218 0.031250 0.032812
2 0.836719 0.749218 0.042188 0.051562
2 0.787501 0.535938 0.071874 0.128125
2 0.133595 0.154687 0.129688 0.309375
2 0.302344 0.198437 0.035938 0.031249
2 0.504686 0.206251 0.184376 0.140625
2 0.765625 0.185938 0.112499 0.371876
2 0.426563 0.424218 0.131251 0.110936
2 0.228907 0.573438 0.092186 0.184375
2 0.108592 0.905468 0.079687 0.067188
2 0.296095 0.977343 0.054688 0.045313
2 0.344533 0.807813 0.198439 0.096874
2 0.691405 0.844531 0.104689 0.226563
2 0.864845 0.956249 0.023439 0.034376
2 0.892187 0.854688 0.018749 0.018750