1 0.665624 0.970312 0.012500 0.015626
2 0.357813 0.028906 0.075000 0.057812
2 0.672657 0.189844 0.051561 0.054687
2 0.546095 0.075781 0.073437 0.057813
2 0.394532 0.246875 0.020313 0.021874
2 0.278126 0.207030 0.068750 0.045312
2 0.132032 0.237500 0.079687 0.071876
2 0.028124 0.792187 0.056249 0.078124
2 0.791405 0.074220 0.054688 0.051562
2 0.928906 0.237500 0.064064 0.103125
2 0.961718 0.635157 0.076563 0.082811
2 0.725781 0.657813 0.107812 0.071876
2 0.629688 0.383594 0.193749 0.129686
2 0.185937 0.678906 0.125002 0.073436
2 0.260157 0.529688 0.070314 0.071876
2 0.451562 0.482031 0.046875 0.045312
2 0.307812 0.377343 0.090626 0.070312
2 0.440626 0.682032 0.084376 0.089062
2 0.486718 0.833593 0.064064 0.073436
2 0.274220 0.891406 0.117189 0.070312
2 0.067968 0.924218 0.054688 0.051562
2 0.060156 0.513280 0.120311 0.070312
2 0.075781 0.364844 0.032812 0.023437
2 0.572658 0.521094 0.020313 0.017187
2 0.803125 0.346094 0.024999 0.026562