0 0.992968 0.175782 0.014063 0.023437
0 0.964844 0.119532 0.032812 0.035937
0 0.937499 0.073436 0.024999 0.021874
0 0.859375 0.050781 0.024999 0.023437
0 0.805468 0.060937 0.023439 0.025001
0 0.492187 0.052344 0.024999 0.023437
0 0.444532 0.045312 0.026562 0.018750
0 0.424220 0.113281 0.017186 0.026562
0 0.167187 0.153905 0.028126 0.023437
0 0.113282 0.156250 0.026562 0.021874
0 0.014844 0.428125 0.029688 0.037500
0 0.188283 0.325000 0.029689 0.037500
0 0.154688 0.362500 0.021876 0.037500
0 0.471875 0.346874 0.028126 0.028125
0 0.307811 0.524219 0.018749 0.026562
0 0.213282 0.503906 0.014063 0.020313
0 0.315624 0.789064 0.015626 0.021874
0 0.239064 0.796875 0.024999 0.031249
0 0.208595 0.855468 0.032812 0.032812
0 0.052345 0.761718 0.035938 0.032812
0 0.860155 0.697656 0.017186 0.029688
0 0.898437 0.323437 0.024999 0.031249
0 0.238281 0.961719 0.035938 0.026562