0 0.046875 0.915626 0.018749 0.021874
0 0.024220 0.989844 0.023439 0.020313
0 0.075001 0.767187 0.012500 0.012499
0 0.117186 0.887501 0.024999 0.025001
0 0.153908 0.803126 0.014063 0.015626
0 0.175000 0.825000 0.021876 0.021874
0 0.193750 0.820313 0.021876 0.021874
0 0.279686 0.842187 0.015626 0.021874
0 0.297655 0.922656 0.023439 0.032812
0 0.196876 0.889843 0.018749 0.020313
0 0.207812 0.932031 0.021876 0.023437
0 0.213282 0.960156 0.010936 0.010938
0 0.023437 0.182812 0.021876 0.021874
0 0.060938 0.022656 0.031249 0.045313
0 0.075781 0.085938 0.017186 0.018750
0 0.219532 0.005469 0.014063 0.010938
0 0.109376 0.003125 0.018749 0.006250
0 0.208592 0.174219 0.032812 0.032812
0 0.229688 0.160156 0.015626 0.017187
0 0.243751 0.175000 0.015626 0.015626
0 0.245314 0.192187 0.015626 0.015626
0 0.274220 0.137500 0.020313 0.018750
0 0.292969 0.105470 0.017186 0.014062
0 0.332814 0.160938 0.021876 0.025001
0 0.365626 0.107812 0.015626 0.015626
0 0.360936 0.195314 0.015626 0.015626
0 0.632812 0.053126 0.018749 0.018750
0 0.599220 0.149218 0.014063 0.017187
0 0.769533 0.056250 0.010936 0.009375
0 0.781249 0.110157 0.018749 0.017187
0 0.850782 0.072657 0.010936 0.010938
0 0.930469 0.092186 0.014063 0.015626
0 0.942189 0.117969 0.015626 0.017187
0 0.922656 0.143749 0.014063 0.015626
0 0.916406 0.171876 0.017186 0.018750
0 0.871875 0.164844 0.015626 0.017187
0 0.469532 0.899218 0.014063 0.014062
0 0.495314 0.900000 0.021876 0.018750
0 0.531249 0.753125 0.028126 0.025001
0 0.577344 0.792188 0.020313 0.015626
0 0.587500 0.832812 0.012500 0.015626
0 0.590626 0.905469 0.015626 0.014062
0 0.644531 0.786719 0.010936 0.014062
0 0.679686 0.759375 0.015626 0.015626
0 0.732814 0.726563 0.015626 0.012499
0 0.764843 0.743750 0.017186 0.015626
0 0.692969 0.992969 0.020313 0.014062
0 0.737500 0.900782 0.018749 0.020313
0 0.771876 0.969531 0.021876 0.023437
0 0.899217 0.878126 0.023439 0.018750
0 0.953905 0.878905 0.023439 0.020313
0 0.954688 0.907812 0.021876 0.021874
0 0.890624 0.953907 0.015626 0.014062
0 0.918750 0.754688 0.015626 0.012499
0 0.931249 0.739844 0.018749 0.014062
0 0.939842 0.725000 0.020313 0.018750