0 0.182032 0.026564 0.020313 0.025001
0 0.294531 0.007031 0.026562 0.014062
0 0.829686 0.267189 0.024999 0.031249
0 0.864061 0.379688 0.021876 0.025001
0 0.786718 0.358593 0.026562 0.023437
0 0.782811 0.384376 0.024999 0.018750
0 0.833592 0.583593 0.023439 0.029688
0 0.948438 0.682030 0.034375 0.039063
0 0.989062 0.664062 0.021875 0.025001
0 0.507812 0.618750 0.028126 0.028125
0 0.301561 0.749218 0.028126 0.017187
0 0.145314 0.666407 0.034375 0.032812
0 0.091406 0.640624 0.029689 0.021874
0 0.079687 0.525782 0.024999 0.026562
0 0.088280 0.340625 0.026562 0.025001
0 0.096093 0.224999 0.029689 0.025001
0 0.290625 0.263280 0.031249 0.029688
0 0.360938 0.257032 0.021876 0.017187
0 0.358595 0.227344 0.026562 0.020313
0 0.382811 0.209376 0.034375 0.028125
0 0.245313 0.417970 0.034375 0.026562
0 0.209375 0.445313 0.024999 0.028125
0 0.216408 0.664843 0.020313 0.023437
0 0.194532 0.882813 0.023439 0.021874
0 0.299218 0.884376 0.023439 0.028125
0 0.143751 0.941405 0.021876 0.020313
0 0.173436 0.964843 0.021876 0.017187
0 0.383594 0.914062 0.026562 0.021874
0 0.376561 0.964063 0.021876 0.025001
0 0.525782 0.993749 0.020313 0.012502
0 0.871874 0.958594 0.037499 0.042187