0 0.608595 0.055468 0.032812 0.032812
0 0.832813 0.638282 0.028126 0.032812
0 0.775782 0.221875 0.042188 0.034376
0 0.638281 0.161719 0.035938 0.026562
0 0.429686 0.267189 0.024999 0.031249
0 0.464061 0.379688 0.021876 0.025001
0 0.386718 0.358593 0.026562 0.023437
0 0.382811 0.384376 0.024999 0.018750
0 0.433592 0.583593 0.023439 0.029688
0 0.696875 0.421876 0.024999 0.031249
0 0.548438 0.682030 0.034375 0.039063
0 0.591406 0.664062 0.026562 0.025001
0 0.737500 0.710937 0.037499 0.028125
0 0.741407 0.739843 0.029689 0.020313
0 0.697655 0.774219 0.039062 0.017187
0 0.107813 0.618750 0.028126 0.028125
0 0.125782 0.993749 0.020313 0.012502
0 0.471874 0.958594 0.037499 0.042187
0 0.875001 0.987500 0.028126 0.025001
0 0.672656 0.842968 0.029689 0.023437
0 0.856249 0.911719 0.028126 0.029688