0 0.046875 0.115626 0.018749 0.021874
0 0.024220 0.189844 0.023439 0.020313
0 0.117186 0.087501 0.024999 0.025001
0 0.153908 0.005469 0.014063 0.010939
0 0.175000 0.025000 0.021876 0.021874
0 0.193750 0.015625 0.021876 0.031250
0 0.279686 0.042187 0.015626 0.021874
0 0.297655 0.122656 0.023439 0.032812
0 0.196876 0.089843 0.018749 0.020313
0 0.207812 0.132031 0.021876 0.023437
0 0.213282 0.160156 0.010936 0.010938
0 0.204689 0.204688 0.021876 0.021874
0 0.063281 0.235156 0.017186 0.020313
0 0.080467 0.460937 0.017186 0.015626
0 0.075781 0.506251 0.014063 0.012499
0 0.177344 0.565625 0.017186 0.018750
0 0.210155 0.557813 0.029689 0.028125
0 0.216405 0.578905 0.020313 0.020313
0 0.199999 0.575000 0.018749 0.018750
0 0.221095 0.667968 0.017186 0.017187
0 0.264843 0.652344 0.020313 0.020313
0 0.057812 0.664843 0.018749 0.017187
0 0.047656 0.759375 0.029689 0.037500
0 0.046875 0.791406 0.012500 0.010938
0 0.128125 0.803907 0.018749 0.014062
0 0.214062 0.776562 0.018749 0.021874
0 0.092187 0.671876 0.009376 0.009375
0 0.107813 0.776562 0.012500 0.012499
0 0.469532 0.099218 0.014063 0.014062
0 0.495314 0.100000 0.021876 0.018750
0 0.587500 0.032812 0.012500 0.015626
0 0.590626 0.105469 0.015626 0.014062
0 0.662500 0.213281 0.018749 0.023437
0 0.679686 0.206249 0.015626 0.018750
0 0.692969 0.196095 0.020313 0.020313
0 0.737500 0.100782 0.018749 0.020313
0 0.771876 0.169531 0.021876 0.023437
0 0.585937 0.253905 0.015626 0.020313
0 0.457032 0.411719 0.020313 0.020313
0 0.474218 0.566406 0.017186 0.017187
0 0.491407 0.571094 0.020313 0.023437
0 0.515626 0.528125 0.012500 0.015626
0 0.585937 0.440626 0.028126 0.025001
0 0.594530 0.384376 0.023439 0.021874
0 0.588280 0.335938 0.020313 0.018750
0 0.728124 0.322657 0.018749 0.020313
0 0.594530 0.514844 0.017186 0.020313
0 0.509377 0.682812 0.015626 0.015626
0 0.501563 0.785936 0.012500 0.015626
0 0.587500 0.797656 0.021876 0.020313
0 0.969531 0.588280 0.042188 0.048438
0 0.780469 0.785936 0.023439 0.015626
0 0.899217 0.078126 0.023439 0.018750
0 0.953905 0.078905 0.023439 0.020313
0 0.954688 0.107812 0.021876 0.021874
0 0.890624 0.153907 0.015626 0.014062
0 0.857812 0.232813 0.021876 0.021874
0 0.865625 0.253124 0.012500 0.012499
0 0.595313 0.572657 0.009376 0.010938
0 0.631252 0.631249 0.009376 0.009375
0 0.609376 0.628125 0.009376 0.012499
0 0.621875 0.656250 0.012500 0.012499
0 0.627345 0.697656 0.014063 0.010938
0 0.805468 0.668749 0.017186 0.018750
0 0.639061 0.473438 0.012500 0.012499