0 0.169531 0.588280 0.042188 0.048438
0 0.257031 0.532031 0.048438 0.045312
0 0.287499 0.783594 0.024999 0.023437
0 0.332811 0.803907 0.024999 0.026562
0 0.345314 0.791406 0.012500 0.014062
0 0.099217 0.078126 0.023439 0.018750
0 0.153905 0.078905 0.023439 0.020313
0 0.154688 0.107812 0.021876 0.021874
0 0.090624 0.153907 0.015626 0.014062
0 0.057812 0.232813 0.021876 0.021874
0 0.065625 0.253124 0.012500 0.012499
0 0.221092 0.135157 0.023439 0.020313
0 0.243751 0.163282 0.024999 0.023437
0 0.368749 0.026564 0.024999 0.025001
0 0.454686 0.010156 0.021876 0.020312
0 0.703906 0.009375 0.020313 0.018751
0 0.535936 0.038281 0.021876 0.020313
0 0.559375 0.125782 0.024999 0.023437
0 0.403125 0.131249 0.024999 0.031249
0 0.660158 0.532031 0.026562 0.026562
0 0.574218 0.650781 0.029689 0.032812
0 0.724218 0.787500 0.026562 0.028125
0 0.670314 0.723438 0.015626 0.018750
0 0.677343 0.823436 0.020313 0.021874
0 0.007030 0.668749 0.014061 0.018750