0 0.059375 0.400781 0.018749 0.029688
0 0.055468 0.011720 0.023439 0.023439
0 0.093750 0.051562 0.018749 0.018750
0 0.110156 0.076562 0.010936 0.012499
0 0.100000 0.098436 0.024999 0.021874
0 0.053905 0.107811 0.023439 0.021874
0 0.149218 0.089843 0.020313 0.020313
0 0.143751 0.188280 0.024999 0.026562
0 0.149218 0.204688 0.017186 0.015626
0 0.110156 0.296093 0.020313 0.020313
0 0.139061 0.285938 0.018749 0.018750
0 0.297655 0.122656 0.032812 0.026562
0 0.295312 0.139845 0.021876 0.020313
0 0.278906 0.239063 0.020313 0.021874
0 0.326564 0.342188 0.018749 0.018750
0 0.335937 0.265625 0.015626 0.018750
0 0.307031 0.217969 0.014063 0.014062
0 0.480467 0.060937 0.017186 0.015626
0 0.475781 0.106251 0.014063 0.012499
0 0.577344 0.165625 0.017186 0.018750
0 0.610155 0.157813 0.029689 0.028125
0 0.616405 0.178905 0.020313 0.020313
0 0.599999 0.175000 0.018749 0.018750
0 0.621095 0.267968 0.017186 0.017187
0 0.664843 0.252344 0.020313 0.020313
0 0.457812 0.264843 0.018749 0.017187
0 0.398438 0.261719 0.028126 0.020313
0 0.381251 0.291405 0.018749 0.020313
0 0.385155 0.332813 0.023439 0.018750
0 0.447656 0.359375 0.029689 0.037500
0 0.446875 0.391406 0.012500 0.010938
0 0.528126 0.403907 0.018749 0.014062
0 0.614062 0.376562 0.018749 0.021874
0 0.492187 0.271876 0.009376 0.009375
0 0.507813 0.376562 0.012500 0.012499
0 0.857032 0.010938 0.020313 0.021876
0 0.874218 0.166406 0.017186 0.017187
0 0.891407 0.171094 0.020313 0.023437
0 0.915626 0.128125 0.012500 0.015626
0 0.985937 0.040626 0.028126 0.025001
0 0.992968 0.114844 0.014063 0.020313
0 0.909377 0.282812 0.015626 0.015626
0 0.901563 0.385936 0.012500 0.015626
0 0.987500 0.397656 0.021876 0.020313
0 0.995312 0.172657 0.009375 0.010938
0 0.108593 0.894530 0.029689 0.029688
0 0.154688 0.846876 0.018749 0.021874
0 0.237501 0.908593 0.024999 0.032812
0 0.278126 0.928124 0.034375 0.034376
0 0.179687 0.960157 0.018749 0.020313
0 0.038282 0.948437 0.007813 0.009375
0 0.679686 0.946095 0.037499 0.045312
0 0.660937 0.977344 0.024999 0.032812
0 0.992188 0.925000 0.015623 0.015626