0 0.080467 0.060937 0.017186 0.015626
0 0.075781 0.106251 0.014063 0.012499
0 0.177344 0.165625 0.017186 0.018750
0 0.210155 0.157813 0.029689 0.028125
0 0.216405 0.178905 0.020313 0.020313
0 0.199999 0.175000 0.018749 0.018750
0 0.221095 0.267968 0.017186 0.017187
0 0.264843 0.252344 0.020313 0.020313
0 0.057812 0.264843 0.018749 0.017187
0 0.047656 0.359375 0.029689 0.037500
0 0.046875 0.391406 0.012500 0.010938
0 0.128125 0.403907 0.018749 0.014062
0 0.214062 0.376562 0.018749 0.021874
0 0.092187 0.271876 0.009376 0.009375
0 0.107813 0.376562 0.012500 0.012499
0 0.457032 0.010938 0.020313 0.021876
0 0.474218 0.166406 0.017186 0.017187
0 0.491407 0.171094 0.020313 0.023437
0 0.515626 0.128125 0.012500 0.015626
0 0.585937 0.040626 0.028126 0.025001
0 0.594530 0.114844 0.017186 0.020313
0 0.509377 0.282812 0.015626 0.015626
0 0.501563 0.385936 0.012500 0.015626
0 0.587500 0.397656 0.021876 0.020313
0 0.969531 0.188280 0.042188 0.048438
0 0.780469 0.385936 0.023439 0.015626
0 0.595313 0.172657 0.009376 0.010938
0 0.631252 0.231249 0.009376 0.009375
0 0.609376 0.228125 0.009376 0.012499
0 0.621875 0.256250 0.012500 0.012499
0 0.627345 0.297656 0.014063 0.010938
0 0.805468 0.268749 0.017186 0.018750
0 0.639061 0.073438 0.012500 0.012499
0 0.279686 0.946095 0.037499 0.045312
0 0.260937 0.977344 0.024999 0.032812
0 0.592970 0.925000 0.017186 0.015626
0 0.627345 0.883594 0.020313 0.014062
0 0.699219 0.904687 0.020313 0.021874
0 0.714062 0.924218 0.015626 0.020313
0 0.789845 0.885155 0.017186 0.017187
0 0.895314 0.925782 0.021876 0.020313
0 0.906250 0.864063 0.021876 0.018750
0 0.907030 0.957812 0.026562 0.021874