0 0.057032 0.010938 0.020313 0.021876
0 0.074218 0.166406 0.017186 0.017187
0 0.091407 0.171094 0.020313 0.023437
0 0.115626 0.128125 0.012500 0.015626
0 0.185937 0.040626 0.028126 0.025001
0 0.194530 0.114844 0.017186 0.020313
0 0.109377 0.282812 0.015626 0.015626
0 0.101563 0.385936 0.012500 0.015626
0 0.187500 0.397656 0.021876 0.020313
0 0.569531 0.188280 0.042188 0.048438
0 0.657031 0.132031 0.048438 0.045312
0 0.687499 0.383594 0.024999 0.023437
0 0.732811 0.403907 0.024999 0.026562
0 0.745314 0.391406 0.012500 0.014062
0 0.380469 0.385936 0.023439 0.015626
0 0.974218 0.250781 0.029689 0.032812
0 0.195313 0.172657 0.009376 0.010938
0 0.231252 0.231249 0.009376 0.009375
0 0.209376 0.228125 0.009376 0.012499
0 0.221875 0.256250 0.012500 0.012499
0 0.227345 0.297656 0.014063 0.010938
0 0.405468 0.268749 0.017186 0.018750
0 0.239061 0.073438 0.012500 0.012499
0 0.192970 0.925000 0.017186 0.015626
0 0.227345 0.883594 0.020313 0.014062
0 0.299219 0.904687 0.020313 0.021874
0 0.314062 0.924218 0.015626 0.020313
0 0.389845 0.885155 0.017186 0.017187
0 0.495314 0.925782 0.021876 0.020313
0 0.506250 0.864063 0.021876 0.018750
0 0.507030 0.957812 0.026562 0.021874
0 0.717188 0.875780 0.018749 0.020313
0 0.708595 0.896093 0.023439 0.023437
0 0.711718 0.923437 0.020313 0.021874
0 0.723438 0.969532 0.018749 0.017187
0 0.782812 0.921876 0.021876 0.025001
0 0.884375 0.971093 0.024999 0.026562