0 0.063282 0.589844 0.126565 0.179688
0 0.116405 0.801563 0.232811 0.184375
0 0.944531 0.307032 0.110938 0.154687
0 0.321874 0.908594 0.175000 0.182811
1 0.070314 0.052344 0.037499 0.035937
1 0.352342 0.060156 0.039062 0.035937
1 0.286718 0.076563 0.026562 0.028125
1 0.123438 0.113281 0.028126 0.026562
1 0.106249 0.200001 0.031249 0.031249
1 0.380468 0.224218 0.029689 0.029688
1 0.276562 0.253124 0.031249 0.031249
1 0.240624 0.344532 0.034375 0.029688
1 0.097656 0.359376 0.035938 0.031249
1 0.310157 0.385937 0.035938 0.034376
1 0.467968 0.357812 0.045311 0.043751
1 0.334376 0.320312 0.031249 0.034376
1 0.362499 0.271874 0.028126 0.028125
1 0.331250 0.253906 0.028126 0.023437
1 0.426563 0.208594 0.028126 0.029688
1 0.456251 0.127344 0.024999 0.023437
1 0.687499 0.100782 0.021876 0.023437
1 0.643750 0.213282 0.037499 0.035937
1 0.507812 0.246094 0.028126 0.026562
1 0.706251 0.250782 0.024999 0.026562
1 0.593749 0.382031 0.037499 0.042187
1 0.817187 0.276562 0.021876 0.021874
1 0.416406 0.428125 0.032812 0.031249
1 0.349219 0.542969 0.045311 0.045312
1 0.421093 0.595313 0.032812 0.028125
1 0.565623 0.543751 0.037499 0.037500
1 0.681249 0.557032 0.056251 0.057813
1 0.600782 0.621093 0.032812 0.032812
1 0.560937 0.651563 0.024999 0.025001
1 0.857812 0.638282 0.028126 0.026562
1 0.904686 0.525001 0.043751 0.040624
1 0.839842 0.424219 0.035938 0.035937
1 0.750782 0.410938 0.029689 0.031249
1 0.662500 0.467188 0.024999 0.028125
1 0.983594 0.596874 0.032811 0.040624
1 0.915626 0.603125 0.021876 0.021874
1 0.979687 0.710156 0.031249 0.029688
1 0.942188 0.686718 0.021876 0.020313
1 0.902343 0.697656 0.023439 0.026562
1 0.804687 0.689845 0.037499 0.035937
1 0.664063 0.680470 0.021876 0.020313
1 0.707811 0.842187 0.040625 0.043751
1 0.599999 0.853125 0.037499 0.034376
1 0.827343 0.857813 0.042188 0.043751
1 0.829686 0.754688 0.031249 0.031249
1 0.932812 0.809374 0.043751 0.043751
1 0.991407 0.803126 0.017185 0.034376
1 0.919532 0.921874 0.026562 0.025001
1 0.780468 0.895313 0.026562 0.028125
1 0.768748 0.940624 0.031249 0.031249
1 0.924999 0.971094 0.031249 0.032812
1 0.938282 0.342187 0.020313 0.021874
1 0.988282 0.364063 0.023437 0.021874
1 0.217968 0.667968 0.017186 0.017187