0 0.569530 0.307032 0.160937 0.154687
0 0.742186 0.253906 0.165627 0.167189
1 0.067968 0.357812 0.045311 0.043751
1 0.020313 0.208594 0.040625 0.029688
1 0.056251 0.127344 0.024999 0.023437
1 0.287499 0.100782 0.021876 0.023437
1 0.243750 0.213282 0.037499 0.035937
1 0.107813 0.246094 0.028126 0.026562
1 0.306251 0.250782 0.024999 0.026562
1 0.193749 0.382031 0.037499 0.042187
1 0.417187 0.276562 0.021876 0.021874
1 0.016406 0.428125 0.032812 0.031249
1 0.018749 0.595313 0.037499 0.028125
1 0.165623 0.543751 0.037499 0.037500
1 0.281249 0.557032 0.056251 0.057813
1 0.200782 0.621093 0.032812 0.032812
1 0.160937 0.651563 0.024999 0.025001
1 0.457812 0.638282 0.028126 0.026562
1 0.504686 0.525001 0.043751 0.040624
1 0.439842 0.424219 0.035938 0.035937
1 0.350782 0.410938 0.029689 0.031249
1 0.262499 0.467188 0.024999 0.028125
1 0.586719 0.596874 0.039062 0.040624
1 0.515626 0.603125 0.021876 0.021874
1 0.600782 0.471875 0.023439 0.021874
1 0.974220 0.566407 0.042188 0.045312
1 0.941405 0.522656 0.023439 0.023437
1 0.825000 0.600780 0.028126 0.029688
1 0.780468 0.724218 0.042188 0.048438
1 0.579686 0.710156 0.031249 0.029688
1 0.542188 0.686718 0.021876 0.020313
1 0.502343 0.697656 0.023439 0.026562
1 0.404687 0.689845 0.037499 0.035937
1 0.264063 0.680470 0.021876 0.020313
1 0.307811 0.842187 0.040625 0.043751
1 0.199999 0.853125 0.037499 0.034376
1 0.427343 0.857813 0.042188 0.043751
1 0.429686 0.754688 0.031249 0.031249
1 0.532812 0.809374 0.043751 0.043751
1 0.598439 0.803126 0.031249 0.034376
1 0.656250 0.791406 0.021876 0.023437
1 0.705468 0.785937 0.023439 0.021874
1 0.708595 0.840626 0.032812 0.037500
1 0.832813 0.801563 0.018749 0.018750
1 0.869531 0.728906 0.026562 0.029688
1 0.992187 0.752343 0.015627 0.023437
1 0.935155 0.841405 0.035938 0.039063
1 0.864845 0.832030 0.020313 0.020313
1 0.774219 0.914062 0.035938 0.040624
1 0.827343 0.914062 0.029689 0.031249
1 0.798438 0.973437 0.037499 0.043751
1 0.660156 0.913281 0.045311 0.042187
1 0.631251 0.939845 0.024999 0.026562
1 0.519532 0.921874 0.026562 0.025001
1 0.380468 0.895313 0.026562 0.028125
1 0.368748 0.940624 0.031249 0.031249
1 0.524999 0.971094 0.031249 0.032812
1 0.538282 0.342187 0.020313 0.021874
1 0.588283 0.364063 0.023439 0.021874
1 0.674219 0.364845 0.014063 0.014062