0 0.169530 0.307032 0.160937 0.154687
0 0.342186 0.253906 0.165627 0.167189
1 0.014062 0.276562 0.028124 0.021874
1 0.057812 0.638282 0.028126 0.026562
1 0.104686 0.525001 0.043751 0.040624
1 0.039842 0.424219 0.035938 0.035937
1 0.186719 0.596874 0.039062 0.040624
1 0.115626 0.603125 0.021876 0.021874
1 0.200782 0.471875 0.023439 0.021874
1 0.574220 0.566407 0.042188 0.045312
1 0.541405 0.522656 0.023439 0.023437
1 0.425000 0.600780 0.028126 0.029688
1 0.380468 0.724218 0.042188 0.048438
1 0.179687 0.710156 0.031249 0.029688
1 0.142188 0.686718 0.021876 0.020313
1 0.102343 0.697656 0.023439 0.026562
1 0.011718 0.689845 0.023436 0.035937
1 0.024218 0.857813 0.048437 0.043751
1 0.022655 0.754688 0.045310 0.031249
1 0.132812 0.809374 0.043751 0.043751
1 0.198439 0.803126 0.031249 0.034376
1 0.256250 0.791406 0.021876 0.023437
1 0.305468 0.785937 0.023439 0.021874
1 0.308595 0.840626 0.032812 0.037500
1 0.432813 0.801563 0.018749 0.018750
1 0.469531 0.728906 0.026562 0.029688
1 0.602343 0.683594 0.023439 0.026562
1 0.596093 0.752343 0.023439 0.023437
1 0.535155 0.841405 0.035938 0.039063
1 0.464845 0.832030 0.020313 0.020313
1 0.660157 0.850001 0.023439 0.028125
1 0.374219 0.914062 0.035938 0.040624
1 0.427343 0.914062 0.029689 0.031249
1 0.398438 0.973437 0.037499 0.043751
1 0.633595 0.941406 0.029689 0.032812
1 0.260156 0.913281 0.045311 0.042187
1 0.231251 0.939845 0.024999 0.026562
1 0.119532 0.921874 0.026562 0.025001
1 0.124999 0.971094 0.031249 0.032812
1 0.815624 0.990625 0.021876 0.018749
1 0.835156 0.915626 0.023439 0.025001
1 0.786718 0.835938 0.029689 0.031249
1 0.719531 0.696093 0.020313 0.023437
1 0.138282 0.342187 0.020313 0.021874
1 0.188283 0.364063 0.023439 0.021874
1 0.274219 0.364845 0.014063 0.014062