1 0.174220 0.566407 0.042188 0.045312
1 0.141405 0.522656 0.023439 0.023437
1 0.019531 0.600780 0.039063 0.029688
1 0.032813 0.801563 0.018749 0.018750
1 0.069531 0.728906 0.026562 0.029688
1 0.202342 0.683594 0.023439 0.026562
1 0.196093 0.752343 0.023439 0.023437
1 0.135155 0.841405 0.035938 0.039063
1 0.064845 0.832030 0.020313 0.020313
1 0.260157 0.850001 0.023439 0.028125
1 0.021094 0.914062 0.042187 0.031249
1 0.233595 0.941406 0.029689 0.032812
1 0.415624 0.990625 0.021876 0.018749
1 0.435156 0.915626 0.023439 0.025001
1 0.386718 0.835938 0.029689 0.031249
1 0.319531 0.696093 0.020313 0.023437
1 0.629688 0.991406 0.028126 0.017189
1 0.683593 0.810938 0.023439 0.028125
1 0.664843 0.947657 0.017186 0.017187
1 0.699219 0.678906 0.029689 0.026562