0 0.085158 0.053907 0.029689 0.032812
0 0.189063 0.057031 0.024999 0.039063
0 0.551562 0.092186 0.024999 0.025001
0 0.591407 0.145312 0.023439 0.034376
0 0.650781 0.175782 0.035938 0.026562
0 0.645312 0.283594 0.034375 0.032812
0 0.553125 0.349219 0.021876 0.029688
0 0.464062 0.676562 0.031249 0.028125
0 0.544532 0.760939 0.023439 0.028125
0 0.757813 0.867969 0.031249 0.026562
0 0.176564 0.401563 0.037499 0.037500
0 0.007030 0.288282 0.014061 0.035937
0 0.011719 0.883593 0.023439 0.023437
0 0.045313 0.975781 0.031249 0.039063