0 0.136718 0.935156 0.132811 0.129688
1 0.016406 0.021875 0.032812 0.043749
1 0.018749 0.195313 0.037499 0.028125
1 0.165623 0.143751 0.037499 0.037500
1 0.281249 0.157032 0.056251 0.057813
1 0.200782 0.221093 0.032812 0.032812
1 0.160937 0.251563 0.024999 0.025001
1 0.457812 0.238282 0.028126 0.026562
1 0.504686 0.125001 0.043751 0.040624
1 0.439842 0.021094 0.035938 0.042187
1 0.350782 0.013281 0.029689 0.026563
1 0.262499 0.067188 0.024999 0.028125
1 0.586719 0.196874 0.039062 0.040624
1 0.515626 0.203125 0.021876 0.021874
1 0.600782 0.071875 0.023439 0.021874
1 0.974220 0.166407 0.042188 0.045312
1 0.941405 0.122656 0.023439 0.023437
1 0.825000 0.200780 0.028126 0.029688
1 0.780468 0.324218 0.042188 0.048438
1 0.579686 0.310156 0.031249 0.029688
1 0.542188 0.286718 0.021876 0.020313
1 0.502343 0.297656 0.023439 0.026562
1 0.404687 0.289845 0.037499 0.035937
1 0.264063 0.280470 0.021876 0.020313
1 0.307811 0.442187 0.040625 0.043751
1 0.199999 0.453125 0.037499 0.034376
1 0.427343 0.457813 0.042188 0.043751
1 0.429686 0.354688 0.031249 0.031249
1 0.532812 0.409374 0.043751 0.043751
1 0.598439 0.403126 0.031249 0.034376
1 0.656250 0.391406 0.021876 0.023437
1 0.705468 0.385937 0.023439 0.021874
1 0.708595 0.440626 0.032812 0.037500
1 0.832813 0.401563 0.018749 0.018750
1 0.869531 0.328906 0.026562 0.029688
1 0.992187 0.352343 0.015627 0.023437
1 0.935155 0.441405 0.035938 0.039063
1 0.864845 0.432030 0.020313 0.020313
1 0.774219 0.514062 0.035938 0.040624
1 0.827343 0.514062 0.029689 0.031249
1 0.798438 0.573437 0.037499 0.043751
1 0.896093 0.653905 0.042188 0.042187
1 0.914843 0.811719 0.039062 0.042187
1 0.989062 0.746876 0.021876 0.025001
1 0.660156 0.513281 0.045311 0.042187
1 0.631251 0.539845 0.024999 0.026562
1 0.519532 0.521874 0.026562 0.025001
1 0.380468 0.495313 0.026562 0.028125
1 0.368748 0.540624 0.031249 0.031249
1 0.362499 0.621875 0.034375 0.037500
1 0.443749 0.625781 0.021876 0.023437
1 0.485157 0.653124 0.020313 0.025001
1 0.524999 0.571094 0.031249 0.032812
1 0.617188 0.631250 0.037499 0.034376
1 0.667970 0.624999 0.029689 0.028125
1 0.623438 0.701562 0.024999 0.025001
1 0.549218 0.757812 0.026562 0.028125
1 0.658593 0.782813 0.035938 0.037500
1 0.607032 0.804687 0.026562 0.025001
1 0.710158 0.762499 0.029689 0.031249
1 0.717187 0.718751 0.021876 0.021874
1 0.760156 0.704689 0.029689 0.031249
1 0.784375 0.740625 0.028126 0.028125
1 0.769532 0.782813 0.039062 0.040624
1 0.671876 0.868751 0.040625 0.046875
1 0.729687 0.905469 0.028126 0.029688
1 0.798438 0.940624 0.021876 0.025001
1 0.801564 0.975000 0.018749 0.021874
1 0.879687 0.857812 0.043751 0.043751