0 0.986718 0.176563 0.026563 0.028125
0 0.730470 0.157032 0.032812 0.032812
0 0.810937 0.224999 0.021876 0.025001
0 0.705468 0.272655 0.042188 0.032812
0 0.467968 0.087501 0.026562 0.018750
0 0.357812 0.120313 0.028126 0.021874
0 0.471874 0.195313 0.021876 0.021874
0 0.428126 0.247657 0.028126 0.029688
0 0.522655 0.203906 0.020313 0.029688
0 0.217968 0.135157 0.026562 0.042187
0 0.076563 0.232813 0.034375 0.040624
0 0.121095 0.261720 0.026562 0.023437
0 0.834376 0.917189 0.031249 0.031249
0 0.947658 0.984375 0.032812 0.031250