1 0.174220 0.166407 0.042188 0.045312
1 0.141405 0.122656 0.023439 0.023437
1 0.019531 0.200780 0.039063 0.029688
1 0.032813 0.401563 0.018749 0.018750
1 0.069531 0.328906 0.026562 0.029688
1 0.202342 0.283594 0.023439 0.026562
1 0.196093 0.352343 0.023439 0.023437
1 0.135155 0.441405 0.035938 0.039063
1 0.064845 0.432030 0.020313 0.020313
1 0.260157 0.450001 0.023439 0.028125
1 0.021094 0.514062 0.042187 0.031249
1 0.233595 0.541406 0.029689 0.032812
1 0.096093 0.653905 0.042188 0.042187
1 0.114843 0.811719 0.039062 0.042187
1 0.189843 0.746876 0.023439 0.025001
1 0.256250 0.733593 0.037499 0.029688
1 0.201563 0.694532 0.021876 0.020313
1 0.228905 0.672655 0.023439 0.023437
1 0.005469 0.975000 0.010939 0.021874
1 0.079687 0.857812 0.043751 0.043751
1 0.265626 0.942969 0.053124 0.054687
1 0.208592 0.842968 0.023439 0.020313
1 0.211719 0.785155 0.020313 0.023437
1 0.244531 0.811719 0.029689 0.029688
1 0.364842 0.717969 0.026562 0.023437
1 0.342187 0.636719 0.024999 0.020313
1 0.389062 0.746094 0.018749 0.020313
1 0.415624 0.649218 0.028126 0.029688
1 0.415624 0.591407 0.021876 0.020313
1 0.435156 0.515626 0.023439 0.025001
1 0.386718 0.435938 0.029689 0.031249
1 0.319531 0.296093 0.020313 0.023437
1 0.465625 0.715624 0.028126 0.031249
1 0.342187 0.939063 0.024999 0.028125
1 0.397658 0.959376 0.035938 0.037500
1 0.447656 0.896876 0.042188 0.043751
1 0.491407 0.789063 0.026562 0.031249
1 0.585157 0.740625 0.029689 0.028125
1 0.544532 0.708594 0.020313 0.023437
1 0.583593 0.657032 0.020313 0.020313
1 0.629688 0.596874 0.028126 0.028125
1 0.618749 0.679688 0.018749 0.018750
1 0.702345 0.738280 0.020313 0.020313
1 0.559374 0.838281 0.028126 0.026562
1 0.525783 0.856249 0.035938 0.037500
1 0.683593 0.410938 0.023439 0.028125
1 0.664843 0.547657 0.017186 0.017187
1 0.482811 0.989844 0.028126 0.020313
1 0.571094 0.978126 0.020313 0.031249
1 0.720311 0.674219 0.046875 0.048438
1 0.863282 0.722657 0.029689 0.026562
1 0.822657 0.803905 0.032812 0.035937
1 0.716405 0.893749 0.039062 0.037500
1 0.744530 0.840626 0.020313 0.021874
1 0.642968 0.925000 0.023439 0.025001
1 0.671876 0.989844 0.028126 0.020313
1 0.801561 0.947656 0.034375 0.029688
1 0.852343 0.937500 0.020313 0.018750
1 0.877345 0.886719 0.020313 0.023437
1 0.906250 0.867187 0.028126 0.028125
1 0.928126 0.923437 0.018749 0.021874
1 0.924220 0.991406 0.032812 0.017189
1 0.982814 0.989062 0.024999 0.021876
1 0.699219 0.278906 0.029689 0.026562