0 0.937499 0.249218 0.125001 0.189063
1 0.063282 0.722657 0.029689 0.026562
1 0.019532 0.803905 0.039063 0.035937
1 0.009374 0.947656 0.018749 0.029688
1 0.052342 0.937500 0.020313 0.018750
1 0.077345 0.886719 0.020313 0.023437
1 0.106250 0.867187 0.028126 0.028125
1 0.284376 0.832032 0.028126 0.026562
1 0.260157 0.873438 0.023439 0.025001
1 0.128126 0.923437 0.018749 0.021874
1 0.124220 0.991406 0.032812 0.017189
1 0.182814 0.989062 0.024999 0.021876
1 0.335158 0.719530 0.032812 0.035937
1 0.607030 0.785155 0.017186 0.017187