0 0.433593 0.736719 0.182812 0.185939
1 0.024218 0.057813 0.048437 0.043751
1 0.132812 0.015625 0.043751 0.031250
1 0.198439 0.010157 0.031249 0.020314
1 0.308595 0.040626 0.032812 0.037500
1 0.432813 0.005469 0.018749 0.010938
1 0.535155 0.041405 0.035938 0.039063
1 0.464845 0.032030 0.020313 0.020313
1 0.660157 0.050001 0.023439 0.028125
1 0.374219 0.114062 0.035938 0.040624
1 0.427343 0.114062 0.029689 0.031249
1 0.398438 0.173437 0.037499 0.043751
1 0.633595 0.141406 0.029689 0.032812
1 0.496093 0.253905 0.042188 0.042187
1 0.514843 0.411719 0.039062 0.042187
1 0.589843 0.346876 0.023439 0.025001
1 0.656250 0.333593 0.037499 0.029688
1 0.601562 0.294532 0.021876 0.020313
1 0.628905 0.272655 0.023439 0.023437
1 0.260156 0.113281 0.045311 0.042187
1 0.231251 0.139845 0.024999 0.026562
1 0.119532 0.121874 0.026562 0.025001
1 0.043749 0.225781 0.021876 0.023437
1 0.085157 0.253124 0.020313 0.025001
1 0.124999 0.171094 0.031249 0.032812
1 0.217188 0.231250 0.037499 0.034376
1 0.267970 0.224999 0.029689 0.028125
1 0.223438 0.301562 0.024999 0.025001
1 0.149218 0.357812 0.026562 0.028125
1 0.258593 0.382813 0.035938 0.037500
1 0.207032 0.404687 0.026562 0.025001
1 0.310158 0.362499 0.029689 0.031249
1 0.317188 0.318751 0.021876 0.021874
1 0.360156 0.304689 0.029689 0.031249
1 0.384375 0.340625 0.028126 0.028125
1 0.369532 0.382813 0.039062 0.040624
1 0.271876 0.468751 0.040625 0.046875
1 0.329687 0.505469 0.028126 0.029688
1 0.398438 0.540624 0.021876 0.025001
1 0.401564 0.575000 0.018749 0.021874
1 0.479687 0.457812 0.043751 0.043751
1 0.578907 0.610157 0.032812 0.032812
1 0.605469 0.645312 0.035938 0.040624
1 0.665626 0.542969 0.053124 0.054687
1 0.608592 0.442968 0.023439 0.020313
1 0.611719 0.385155 0.020313 0.023437
1 0.644531 0.411719 0.029689 0.029688
1 0.764842 0.317969 0.026562 0.023437
1 0.742187 0.236719 0.024999 0.020313
1 0.789062 0.346094 0.018749 0.020313
1 0.815624 0.249218 0.028126 0.029688
1 0.815624 0.191407 0.021876 0.020313
1 0.835156 0.115626 0.023439 0.025001
1 0.786718 0.035938 0.029689 0.031249
1 0.865625 0.315624 0.028126 0.031249
1 0.742187 0.539063 0.024999 0.028125
1 0.712501 0.609375 0.028126 0.028125
1 0.797658 0.559376 0.035938 0.037500
1 0.847656 0.496876 0.042188 0.043751
1 0.891407 0.389063 0.026562 0.031249
1 0.985156 0.340625 0.029688 0.028125
1 0.944532 0.308594 0.020313 0.023437
1 0.983593 0.257032 0.020313 0.020313
1 0.959374 0.438281 0.028126 0.026562
1 0.925783 0.456249 0.035938 0.037500
1 0.768749 0.657813 0.037499 0.037500
1 0.788282 0.698438 0.026562 0.028125
1 0.808594 0.741407 0.020313 0.023437
1 0.836719 0.635937 0.042188 0.046875
1 0.882811 0.594531 0.028126 0.029688
1 0.971094 0.578126 0.020313 0.031249
1 0.911720 0.696874 0.020313 0.015626
1 0.943748 0.695313 0.015626 0.015626
1 0.696875 0.750782 0.037499 0.042187
1 0.785938 0.813282 0.034375 0.035937
1 0.702345 0.828906 0.029689 0.032812
1 0.877344 0.826563 0.032812 0.034376
1 0.914843 0.764062 0.045311 0.053126
1 0.983594 0.787500 0.032813 0.046875
1 0.783595 0.919531 0.048438 0.045312
1 0.881251 0.945313 0.024999 0.025001
1 0.886717 0.978905 0.032812 0.029688
1 0.924999 0.989843 0.028126 0.020313
1 0.950002 0.985938 0.021876 0.028124