0 0.685156 0.637500 0.167187 0.171876
0 0.062500 0.736719 0.124999 0.185939
1 0.032813 0.005469 0.018749 0.010938
1 0.135155 0.041405 0.035938 0.039063
1 0.064845 0.032030 0.020313 0.020313
1 0.260157 0.050001 0.023439 0.028125
1 0.021094 0.114062 0.042187 0.031249
1 0.233595 0.141406 0.029689 0.032812
1 0.096093 0.253905 0.042188 0.042187
1 0.114843 0.411719 0.039062 0.042187
1 0.189843 0.346876 0.023439 0.025001
1 0.256250 0.333593 0.037499 0.029688
1 0.201563 0.294532 0.021876 0.020313
1 0.228905 0.272655 0.023439 0.023437
1 0.005469 0.575000 0.010939 0.021874
1 0.079687 0.457812 0.043751 0.043751
1 0.178907 0.610157 0.032812 0.032812
1 0.205469 0.645312 0.035938 0.040624
1 0.265626 0.542969 0.053124 0.054687
1 0.208592 0.442968 0.023439 0.020313
1 0.211719 0.385155 0.020313 0.023437
1 0.244531 0.411719 0.029689 0.029688
1 0.364842 0.317969 0.026562 0.023437
1 0.342187 0.236719 0.024999 0.020313
1 0.389062 0.346094 0.018749 0.020313
1 0.415624 0.249218 0.028126 0.029688
1 0.415624 0.191407 0.021876 0.020313
1 0.435156 0.115626 0.023439 0.025001
1 0.386718 0.035938 0.029689 0.031249
1 0.465625 0.315624 0.028126 0.031249
1 0.342187 0.539063 0.024999 0.028125
1 0.312501 0.609375 0.028126 0.028125
1 0.397658 0.559376 0.035938 0.037500
1 0.447656 0.496876 0.042188 0.043751
1 0.491407 0.389063 0.026562 0.031249
1 0.585157 0.340625 0.029689 0.028125
1 0.544532 0.308594 0.020313 0.023437
1 0.583593 0.257032 0.020313 0.020313
1 0.629688 0.196874 0.028126 0.028125
1 0.618749 0.279688 0.018749 0.018750
1 0.702345 0.338280 0.020313 0.020313
1 0.559374 0.438281 0.028126 0.026562
1 0.525783 0.456249 0.035938 0.037500
1 0.683593 0.012500 0.023439 0.025000
1 0.664843 0.147657 0.017186 0.017187
1 0.368749 0.657813 0.037499 0.037500
1 0.388282 0.698438 0.026562 0.028125
1 0.408594 0.741407 0.020313 0.023437
1 0.436719 0.635937 0.042188 0.046875
1 0.482811 0.594531 0.028126 0.029688
1 0.571094 0.578126 0.020313 0.031249
1 0.511720 0.696874 0.020313 0.015626
1 0.543748 0.695313 0.015626 0.015626
1 0.720311 0.274219 0.046875 0.048438
1 0.863282 0.322657 0.029689 0.026562
1 0.822657 0.403905 0.032812 0.035937
1 0.716405 0.493749 0.039062 0.037500
1 0.744530 0.440626 0.020313 0.021874
1 0.642968 0.525000 0.023439 0.025001
1 0.628905 0.602343 0.035938 0.032812
1 0.671876 0.593750 0.028126 0.028125
1 0.801561 0.547656 0.034375 0.029688
1 0.296875 0.750782 0.037499 0.042187
1 0.385938 0.813282 0.034375 0.035937
1 0.302345 0.828906 0.029689 0.032812
1 0.477344 0.826563 0.032812 0.034376
1 0.514843 0.764062 0.045311 0.053126
1 0.585937 0.787500 0.037499 0.046875
1 0.635155 0.796875 0.048438 0.059374
1 0.782032 0.736719 0.045311 0.051562
1 0.654687 0.670313 0.037499 0.043751
1 0.718751 0.643751 0.021876 0.025001
1 0.753127 0.630468 0.021876 0.023437
1 0.852343 0.537500 0.020313 0.018750
1 0.877345 0.486719 0.020313 0.023437
1 0.906250 0.467187 0.028126 0.028125
1 0.928126 0.523437 0.018749 0.021874
1 0.924220 0.597655 0.032812 0.029688
1 0.982814 0.592968 0.024999 0.029688
1 0.976564 0.692968 0.034375 0.035937
1 0.911720 0.747657 0.029689 0.026562
1 0.731251 0.953125 0.028126 0.028125
1 0.781249 0.854688 0.031249 0.037500
1 0.928906 0.793751 0.029689 0.034376
1 0.922656 0.859375 0.029689 0.028125
1 0.974218 0.850000 0.051563 0.059374
1 0.979687 0.961718 0.040627 0.042187
1 0.835157 0.907032 0.035938 0.042187
1 0.788282 0.966406 0.035938 0.035937
1 0.674220 0.975782 0.060937 0.048437
1 0.638281 0.867187 0.042188 0.043751
1 0.383595 0.919531 0.048438 0.045312
1 0.481251 0.945313 0.024999 0.025001
1 0.486717 0.978905 0.032812 0.029688
1 0.524999 0.989843 0.028126 0.020313
1 0.550002 0.985938 0.021876 0.028124