0 0.867969 0.605469 0.198439 0.182812
1 0.063282 0.322657 0.029689 0.026562
1 0.019532 0.403905 0.039063 0.035937
1 0.009374 0.547656 0.018749 0.029688
1 0.052342 0.537500 0.020313 0.018750
1 0.077345 0.486719 0.020313 0.023437
1 0.106250 0.467187 0.028126 0.028125
1 0.284376 0.432032 0.028126 0.026562
1 0.260157 0.473438 0.023439 0.025001
1 0.128126 0.523437 0.018749 0.021874
1 0.124220 0.597655 0.032812 0.029688
1 0.182814 0.592968 0.024999 0.029688
1 0.265624 0.610939 0.062501 0.056250
1 0.379689 0.664843 0.021876 0.023437
1 0.311718 0.722657 0.029689 0.032812
1 0.176564 0.692968 0.034375 0.035937
1 0.111720 0.747657 0.029689 0.026562
1 0.128906 0.793751 0.029689 0.034376
1 0.122656 0.859375 0.029689 0.028125
1 0.175781 0.850000 0.054688 0.059374
1 0.237502 0.847655 0.031249 0.029688
1 0.396095 0.802344 0.039062 0.042187
1 0.353907 0.874220 0.032812 0.039063
1 0.180467 0.961718 0.042188 0.042187
1 0.026563 0.907032 0.053126 0.042187
1 0.335158 0.319530 0.032812 0.035937
1 0.607030 0.385155 0.017186 0.017187