0 0.862499 0.285938 0.034375 0.025001
0 0.890624 0.121095 0.031249 0.023437
0 0.242188 0.310937 0.018749 0.021874
0 0.196876 0.182032 0.024999 0.029688
0 0.159374 0.120313 0.015626 0.018750
0 0.145311 0.214063 0.018749 0.025001
0 0.152344 0.257813 0.017186 0.015626
0 0.290625 0.590625 0.021876 0.021874
0 0.410157 0.917970 0.035938 0.026562
0 0.277343 0.960937 0.026562 0.021874
0 0.942189 0.681251 0.018749 0.021874
0 0.949998 0.895312 0.012500 0.034376
0 0.839063 0.481250 0.021876 0.012499
0 0.939842 0.229689 0.014063 0.018750
0 0.796875 0.154686 0.015626 0.018750
0 0.848436 0.132812 0.012500 0.015626