0 0.975001 0.262501 0.021876 0.018750
0 0.651561 0.258593 0.024999 0.026562
0 0.796095 0.288281 0.026562 0.032812
0 0.616406 0.172657 0.017186 0.020313
0 0.613283 0.225001 0.017186 0.028125
0 0.462499 0.285938 0.034375 0.025001
0 0.490624 0.121095 0.031249 0.023437
0 0.014063 0.917970 0.028126 0.026562
0 0.542189 0.681251 0.018749 0.021874
0 0.549998 0.895312 0.012500 0.034376
0 0.439063 0.481250 0.021876 0.012499
0 0.539842 0.229689 0.014063 0.018750
0 0.396875 0.154686 0.015626 0.018750
0 0.448436 0.132812 0.012500 0.015626
0 0.678126 0.217187 0.012500 0.015626
0 0.721095 0.111720 0.017186 0.017187