0 0.867969 0.205469 0.198439 0.182812
1 0.019532 0.010937 0.039063 0.021873
1 0.009374 0.147656 0.018749 0.029688
1 0.052342 0.137500 0.020313 0.018750
1 0.077345 0.086719 0.020313 0.023437
1 0.106250 0.067187 0.028126 0.028125
1 0.284376 0.032032 0.028126 0.026562
1 0.260157 0.073438 0.023439 0.025001
1 0.128126 0.123437 0.018749 0.021874
1 0.124220 0.197655 0.032812 0.029688
1 0.182814 0.192968 0.024999 0.029688
1 0.265624 0.210939 0.062501 0.056250
1 0.379689 0.264843 0.021876 0.023437
1 0.311718 0.322657 0.029689 0.032812
1 0.176564 0.292968 0.034375 0.035937
1 0.111720 0.347657 0.029689 0.026562
1 0.128906 0.393751 0.029689 0.034376
1 0.122656 0.459375 0.029689 0.028125
1 0.175781 0.450000 0.054688 0.059374
1 0.237502 0.447655 0.031249 0.029688
1 0.396095 0.402344 0.039062 0.042187
1 0.353907 0.474220 0.032812 0.039063
1 0.180467 0.561718 0.042188 0.042187
1 0.143749 0.614844 0.034375 0.035937
1 0.026563 0.507032 0.053126 0.042187
1 0.046876 0.828126 0.037499 0.040624
1 0.128906 0.771876 0.051561 0.053126
1 0.196093 0.766407 0.023439 0.026562
1 0.221875 0.717187 0.021876 0.025001
1 0.222656 0.645312 0.017186 0.018750
1 0.302342 0.654687 0.029689 0.031249
1 0.298439 0.772655 0.043751 0.048438
1 0.196876 0.824218 0.024999 0.020313
1 0.236718 0.807031 0.020313 0.017187
1 0.251561 0.878907 0.021876 0.023437
1 0.153125 0.919531 0.037499 0.042187
1 0.214842 0.964063 0.032812 0.040624
1 0.332031 0.865626 0.032812 0.037500
1 0.373436 0.828126 0.034375 0.031249
1 0.441407 0.786718 0.035938 0.039063
1 0.425781 0.671876 0.042188 0.049999