0 0.809374 0.043751 0.031249 0.037500
0 0.783594 0.064843 0.017186 0.026562
0 0.767969 0.132031 0.026562 0.020313
0 0.595312 0.009375 0.024999 0.018750
0 0.577343 0.048438 0.020313 0.018750
0 0.489063 0.033594 0.024999 0.026562
0 0.500783 0.178125 0.023439 0.025001
0 0.556250 0.178906 0.028126 0.020313
0 0.141407 0.084375 0.032812 0.034376
0 0.099219 0.157814 0.039062 0.037500
0 0.357032 0.810938 0.048438 0.037500
0 0.378908 0.894531 0.042188 0.035937
0 0.946094 0.817968 0.023439 0.026562
0 0.913282 0.880468 0.020313 0.023437
0 0.749219 0.928125 0.023439 0.021874
0 0.703125 0.948438 0.028126 0.021874
0 0.642970 0.928125 0.048438 0.043751
0 0.592969 0.888280 0.029689 0.023437
0 0.501563 0.924219 0.037499 0.020313
0 0.743750 0.974218 0.024999 0.029688
0 0.989063 0.937500 0.021873 0.028125
0 0.939061 0.146094 0.015626 0.017187
0 0.542188 0.962501 0.015626 0.015626
0 0.601562 0.955468 0.021876 0.017187