0 0.107033 0.465625 0.035938 0.034376
0 0.203905 0.180469 0.060937 0.067188
0 0.127345 0.927343 0.092186 0.089062
0 0.121875 0.769532 0.059374 0.067188
0 0.203905 0.043750 0.114062 0.087500
1 0.883594 0.513281 0.020313 0.026562
1 0.794531 0.517187 0.042188 0.034376
1 0.846876 0.403124 0.024999 0.025001
1 0.948438 0.736720 0.024999 0.026562
1 0.849219 0.777344 0.017186 0.014062
1 0.473438 0.150000 0.015626 0.018750
1 0.481250 0.278125 0.015626 0.012499
1 0.477344 0.311719 0.010936 0.014062
1 0.438282 0.292188 0.014063 0.012499
1 0.585936 0.951562 0.018749 0.025001
1 0.971093 0.949999 0.057813 0.062501
1 0.964064 0.588281 0.040625 0.039063
1 0.993749 0.467970 0.012502 0.023437
1 0.951561 0.439845 0.024999 0.023437
1 0.875001 0.346095 0.031249 0.032812
1 0.987499 0.359376 0.025001 0.034376
1 0.911720 0.025781 0.079687 0.051562
1 0.871874 0.117187 0.024999 0.028125
1 0.964844 0.135937 0.026562 0.025001
1 0.800001 0.098437 0.034375 0.034376
1 0.726564 0.042969 0.037499 0.029688
1 0.777345 0.179688 0.042188 0.043751
1 0.852345 0.201562 0.026562 0.028125
1 0.630468 0.613282 0.092186 0.095313
1 0.739063 0.428125 0.059374 0.053126
1 0.748436 0.318749 0.043751 0.040624
1 0.926562 0.250000 0.043751 0.043751
1 0.884374 0.271874 0.028126 0.028125
1 0.782032 0.875781 0.085936 0.060937
1 0.528905 0.046875 0.079687 0.093751