1 0.237501 0.528907 0.021876 0.020313
1 0.099220 0.672656 0.045311 0.039063
1 0.076561 0.785155 0.040625 0.039063
1 0.256251 0.698438 0.046875 0.040624
1 0.307812 0.863282 0.024999 0.029688
1 0.342187 0.965625 0.024999 0.028125
1 0.014063 0.259375 0.028126 0.040624
1 0.038283 0.315625 0.035938 0.037500
1 0.107030 0.239062 0.054688 0.053126
1 0.191407 0.185939 0.026562 0.025001
1 0.063282 0.145312 0.023439 0.021874
1 0.118750 0.399218 0.028126 0.023437
1 0.146875 0.479687 0.015626 0.018750
1 0.153125 0.530468 0.015626 0.017187
1 0.278906 0.480469 0.023439 0.023437
1 0.472655 0.741407 0.045311 0.045312
1 0.622656 0.955468 0.039062 0.039063
1 0.653124 0.858594 0.024999 0.026562
1 0.810938 0.745313 0.040625 0.040624
1 0.911720 0.902343 0.023439 0.029688
1 0.307812 0.057031 0.037499 0.032812
1 0.092187 0.073436 0.031249 0.028125
1 0.021094 0.011718 0.042188 0.023436
1 0.591407 0.021875 0.051561 0.043749
1 0.533592 0.112500 0.029689 0.031249
1 0.393751 0.147657 0.021876 0.023437
1 0.437500 0.203125 0.043751 0.043751
1 0.515627 0.310937 0.046875 0.049999
1 0.673437 0.456250 0.040625 0.040624
1 0.725781 0.363281 0.032812 0.045312
1 0.560938 0.525001 0.046875 0.040624
1 0.475782 0.882813 0.032812 0.043751