0 0.935936 0.059374 0.043751 0.053126
0 0.914844 0.134374 0.026562 0.028125
0 0.551562 0.106249 0.043751 0.040624
0 0.443750 0.076563 0.040625 0.031249
0 0.201563 0.137500 0.043751 0.046875
0 0.085938 0.049999 0.043751 0.028125
0 0.045313 0.145312 0.043751 0.025001
0 0.473438 0.939063 0.031249 0.025001
0 0.504687 0.810156 0.031249 0.032812
0 0.432030 0.832812 0.039062 0.021874
0 0.244531 0.874218 0.045311 0.039063
0 0.315625 0.921874 0.031249 0.025001
0 0.228905 0.756251 0.042188 0.021874
0 0.239062 0.987499 0.040625 0.025001
0 0.697656 0.752343 0.032812 0.026562
0 0.846877 0.826564 0.021876 0.018750
0 0.699219 0.868751 0.026562 0.028125
0 0.525000 0.935157 0.012500 0.017187