0 0.357032 0.410938 0.048438 0.037500
0 0.378908 0.494531 0.042188 0.035937
0 0.600782 0.762499 0.039062 0.034376
0 0.773438 0.928906 0.031249 0.026562
0 0.946094 0.417968 0.023439 0.026562
0 0.913282 0.480468 0.020313 0.023437
0 0.885937 0.639843 0.034375 0.029688
0 0.749219 0.528125 0.023439 0.021874
0 0.703125 0.548438 0.028126 0.021874
0 0.642970 0.528125 0.048438 0.043751
0 0.592969 0.488280 0.029689 0.023437
0 0.501563 0.524219 0.037499 0.020313
0 0.382811 0.714064 0.034375 0.025001
0 0.214061 0.726563 0.031249 0.028125
0 0.844532 0.878126 0.026562 0.034376
0 0.755469 0.693750 0.032812 0.021874
0 0.739843 0.617969 0.032812 0.039063
0 0.743750 0.574218 0.024999 0.029688
0 0.989063 0.537500 0.021873 0.028125
0 0.575780 0.906251 0.042188 0.031249
0 0.923439 0.916407 0.021876 0.029688
0 0.914843 0.772656 0.039062 0.026562
0 0.814063 0.694532 0.040625 0.032812
0 0.721874 0.818749 0.031249 0.021874
0 0.594532 0.986719 0.029689 0.026561
0 0.433592 0.728905 0.026562 0.032812
0 0.896093 0.891406 0.020313 0.023437
0 0.542188 0.562501 0.015626 0.015626
0 0.601562 0.555468 0.021876 0.017187
0 0.457031 0.632813 0.014063 0.015626