0 0.607032 0.117187 0.029689 0.031249
0 0.336720 0.107030 0.042188 0.026562
0 0.653907 0.030470 0.026562 0.017187
0 0.508593 0.873438 0.045311 0.025001
0 0.042189 0.651563 0.018749 0.012499
0 0.257813 0.875781 0.024999 0.026562
0 0.417187 0.837499 0.018749 0.018750
0 0.598439 0.862500 0.021876 0.021874
0 0.928125 0.891406 0.028126 0.032812
0 0.853125 0.807813 0.028126 0.037500
0 0.553907 0.271095 0.017186 0.020313
0 0.630468 0.254687 0.020313 0.015626
0 0.537501 0.652345 0.018749 0.017187
0 0.312501 0.797657 0.018749 0.014062
0 0.389844 0.817188 0.014063 0.012499
0 0.289845 0.944532 0.014063 0.014062
0 0.245314 0.749219 0.018749 0.014062