0 0.473438 0.539063 0.031249 0.025001
0 0.504687 0.410156 0.031249 0.032812
0 0.432030 0.432812 0.039062 0.021874
0 0.244531 0.474218 0.045311 0.039063
0 0.315625 0.521874 0.031249 0.025001
0 0.228905 0.356251 0.042188 0.021874
0 0.159375 0.782031 0.031249 0.039063
0 0.064845 0.950780 0.026562 0.023437
0 0.014063 0.657032 0.028127 0.026562
0 0.085158 0.771093 0.042188 0.026562
0 0.239062 0.592186 0.040625 0.034376
0 0.398438 0.989063 0.024999 0.021874
0 0.442187 0.973439 0.021876 0.021874
0 0.697656 0.352343 0.032812 0.026562
0 0.846877 0.426564 0.021876 0.018750
0 0.699219 0.468751 0.026562 0.028125
0 0.702342 0.747655 0.029689 0.042187
0 0.940626 0.657814 0.028126 0.028125
0 0.925000 0.905469 0.024999 0.026562
0 0.910157 0.964843 0.032812 0.035937
0 0.044533 0.703907 0.014063 0.017187
0 0.948439 0.907811 0.018749 0.018750
0 0.994531 0.683594 0.010938 0.017187
0 0.525000 0.535157 0.012500 0.017187