0 0.908593 0.473438 0.045311 0.025001
0 0.246093 0.289844 0.026562 0.020313
0 0.185939 0.426563 0.031249 0.037500
0 0.070314 0.981250 0.037499 0.015626
0 0.442189 0.251563 0.018749 0.012499
0 0.443748 0.653905 0.015626 0.035937
0 0.453125 0.831250 0.021876 0.031249
0 0.702344 0.964063 0.032812 0.028125
0 0.695311 0.644530 0.024999 0.026562
0 0.657813 0.475781 0.024999 0.026562
0 0.817187 0.437499 0.018749 0.018750
0 0.993751 0.462500 0.012499 0.021874
0 0.937501 0.252345 0.018749 0.017187
0 0.712501 0.397657 0.018749 0.014062
0 0.789844 0.417188 0.014063 0.012499
0 0.689845 0.544532 0.014063 0.014062
0 0.645314 0.349219 0.018749 0.014062