0 0.508593 0.473438 0.045311 0.025001
0 0.042189 0.251563 0.018749 0.012499
0 0.043748 0.653905 0.015626 0.035937
0 0.053125 0.831250 0.021876 0.031249
0 0.302344 0.964063 0.032812 0.028125
0 0.295311 0.644530 0.024999 0.026562
0 0.257813 0.475781 0.024999 0.026562
0 0.417187 0.437499 0.018749 0.018750
0 0.598439 0.462500 0.021876 0.021874
0 0.615625 0.713282 0.024999 0.026562
0 0.717187 0.726562 0.021876 0.028125
0 0.760156 0.832811 0.026562 0.025001
0 0.928125 0.491406 0.028126 0.032812
0 0.853125 0.407813 0.028126 0.037500
0 0.875001 0.962500 0.021876 0.018750
0 0.537501 0.252345 0.018749 0.017187
0 0.312501 0.397657 0.018749 0.014062
0 0.389844 0.417188 0.014063 0.012499
0 0.289845 0.544532 0.014063 0.014062
0 0.245314 0.349219 0.018749 0.014062