0 0.100780 0.710157 0.076563 0.082811
0 0.198436 0.636719 0.056251 0.060937
0 0.328124 0.705468 0.046875 0.048438
0 0.246874 0.675000 0.028126 0.031249
0 0.542188 0.575781 0.043751 0.045312
0 0.314061 0.271876 0.071874 0.078124
0 0.327344 0.170312 0.064064 0.062501
0 0.598436 0.122656 0.078123 0.067188
0 0.814064 0.596094 0.084376 0.085938
0 0.748437 0.694532 0.028126 0.026562
0 0.837500 0.758593 0.062501 0.064062
0 0.635938 0.894530 0.037499 0.032812
0 0.620312 0.973438 0.034375 0.034376
0 0.342187 0.896875 0.075000 0.084375
0 0.721875 0.213281 0.040625 0.035937
0 0.674220 0.239843 0.014063 0.017187
0 0.994531 0.066406 0.010938 0.026562
0 0.113283 0.296093 0.020313 0.020313
0 0.042189 0.453125 0.024999 0.028125