0 0.646874 0.350782 0.037499 0.029688
0 0.794532 0.271876 0.017186 0.018750
0 0.294532 0.415625 0.029689 0.025001
0 0.128125 0.491406 0.028126 0.032812
0 0.053125 0.407813 0.028126 0.037500
0 0.075001 0.962500 0.021876 0.018750
0 0.284376 0.980468 0.024999 0.032812
0 0.294532 0.882813 0.042188 0.028125
0 0.863282 0.566406 0.029689 0.039063
0 0.844533 0.650781 0.045311 0.029688
0 0.833593 0.750782 0.029689 0.035937
0 0.900001 0.814061 0.021876 0.025001
0 0.991407 0.956249 0.017186 0.031249
0 0.747657 0.917968 0.029689 0.026562