0 0.044532 0.078126 0.026562 0.034376
0 0.325780 0.280469 0.029689 0.020313
0 0.307811 0.194531 0.031249 0.045312
0 0.217968 0.217969 0.032812 0.026562
0 0.305468 0.391406 0.042188 0.045312
0 0.158594 0.268749 0.026562 0.034376
0 0.128125 0.359375 0.024999 0.028125
0 0.123439 0.116407 0.021876 0.029688
0 0.635158 0.133594 0.029689 0.054687
0 0.682813 0.273437 0.028126 0.034376
0 0.664843 0.336719 0.026562 0.032812
0 0.735937 0.298438 0.034375 0.034376
0 0.867188 0.096094 0.037499 0.035937
0 0.867188 0.211718 0.024999 0.045312
0 0.965624 0.125000 0.028126 0.025001
0 0.987500 0.213281 0.021876 0.032812
0 0.977344 0.946095 0.026562 0.035937
0 0.130468 0.978126 0.060937 0.031249
0 0.318751 0.935157 0.028126 0.023437
0 0.496093 0.954688 0.020313 0.021874
0 0.096093 0.091406 0.020313 0.023437
0 0.060155 0.209375 0.017186 0.018750
0 0.893751 0.185938 0.018749 0.021874
0 0.138282 0.421094 0.023439 0.023437
0 0.146094 0.387500 0.020313 0.021874
0 0.372655 0.238282 0.014063 0.017187
0 0.526562 0.976562 0.021876 0.018750
0 0.358592 0.974999 0.017186 0.018750
0 0.254687 0.943750 0.015626 0.012499