0 0.639062 0.783594 0.165627 0.170313
0 0.869532 0.912500 0.176563 0.175001
1 0.239062 0.601563 0.012500 0.015626
1 0.021094 0.332813 0.042188 0.031249
1 0.090624 0.267188 0.037499 0.043751
1 0.196093 0.260938 0.029689 0.034376
1 0.171874 0.416406 0.046875 0.039063
1 0.113280 0.031251 0.023439 0.028125
1 0.022656 0.762501 0.045313 0.043751
1 0.158595 0.850000 0.035938 0.040624
1 0.136719 0.751563 0.026562 0.031249
1 0.275780 0.772655 0.035938 0.029688
1 0.203126 0.938281 0.046875 0.035937
1 0.108593 0.544532 0.029689 0.032812
1 0.174217 0.603906 0.045311 0.054687