0 0.311718 0.702344 0.032812 0.023437
0 0.147658 0.733593 0.035938 0.029688
0 0.300782 0.810156 0.026562 0.029688
0 0.234374 0.549999 0.034375 0.025001
0 0.391408 0.134374 0.035938 0.025001
0 0.641408 0.577343 0.039062 0.039063
0 0.896874 0.802344 0.046875 0.029688
0 0.818750 0.803126 0.024999 0.040624
0 0.767189 0.777344 0.021876 0.017187
0 0.575780 0.631250 0.032812 0.037500
0 0.800001 0.930470 0.031249 0.023437
0 0.685939 0.967188 0.018749 0.015626
0 0.859375 0.949220 0.028126 0.023437
0 0.917186 0.910157 0.021876 0.032812
0 0.946875 0.870312 0.024999 0.018750