0 0.241408 0.577343 0.039062 0.039063
0 0.496874 0.802344 0.046875 0.029688
0 0.418750 0.803126 0.024999 0.040624
0 0.367189 0.777344 0.021876 0.017187
0 0.175780 0.631250 0.032812 0.037500
0 0.934376 0.634374 0.043751 0.028125
0 0.400001 0.930470 0.031249 0.023437
0 0.285939 0.967188 0.018749 0.015626
0 0.459375 0.949220 0.028126 0.023437
0 0.517186 0.910157 0.021876 0.032812
0 0.546875 0.870312 0.024999 0.018750
0 0.610156 0.840626 0.026562 0.028125
0 0.607033 0.792188 0.026562 0.028125
0 0.643751 0.760157 0.028126 0.023437
0 0.722658 0.833594 0.035938 0.042187
0 0.729688 0.911720 0.024999 0.029688
0 0.758593 0.983593 0.020313 0.023437
0 0.921093 0.878905 0.023439 0.026562
0 0.982032 0.697656 0.035935 0.023437