0 0.586717 0.619532 0.026562 0.032812
0 0.735938 0.524219 0.024999 0.017187
0 0.694533 0.744531 0.029689 0.032812
0 0.821874 0.943751 0.034375 0.037500
0 0.839063 0.920313 0.024999 0.028125
0 0.874219 0.928125 0.032812 0.037500
0 0.401562 0.806250 0.031249 0.025001
0 0.156252 0.767969 0.053124 0.051562
0 0.414844 0.673437 0.017186 0.018750
0 0.422657 0.845313 0.020313 0.021874
0 0.377342 0.547657 0.020313 0.020313
0 0.017968 0.546875 0.035936 0.025001
0 0.560155 0.253124 0.023439 0.025001
0 0.657811 0.310937 0.021876 0.021874