0 0.193749 0.879687 0.059374 0.049999
0 0.899220 0.139843 0.051561 0.064062
0 0.780468 0.164062 0.035938 0.034376
0 0.736720 0.220312 0.035938 0.034376
0 0.813280 0.385937 0.042188 0.046875
0 0.875001 0.514062 0.056251 0.096874
0 0.887500 0.575000 0.028126 0.034376
0 0.942188 0.532812 0.031249 0.043751
0 0.975780 0.739062 0.048438 0.043751
0 0.857031 0.738280 0.045311 0.051562
0 0.827343 0.787500 0.054688 0.053126
0 0.482813 0.932812 0.087500 0.043751
0 0.406250 0.867187 0.028126 0.025001
0 0.593749 0.855470 0.021876 0.017187
0 0.473437 0.418749 0.021876 0.018750
0 0.259376 0.258593 0.028126 0.020313
0 0.323437 0.233595 0.018749 0.023437
0 0.150001 0.929688 0.015626 0.018750
0 0.330470 0.952344 0.039062 0.042187
0 0.812500 0.962500 0.024999 0.025001
0 0.166406 0.459376 0.026562 0.040624