0 0.986719 0.812501 0.026563 0.043751
0 0.942188 0.745313 0.024999 0.031249
0 0.774999 0.319531 0.031249 0.045312
0 0.778125 0.376562 0.024999 0.043751
0 0.716407 0.399218 0.026562 0.029688
0 0.610938 0.207812 0.031249 0.028125
0 0.657813 0.165625 0.031249 0.028125
0 0.499220 0.139843 0.051561 0.064062
0 0.380468 0.164062 0.035938 0.034376
0 0.336720 0.220312 0.035938 0.034376
0 0.413280 0.385937 0.042188 0.046875
0 0.475001 0.514062 0.056251 0.096874
0 0.487500 0.575000 0.028126 0.034376
0 0.542188 0.532812 0.031249 0.043751
0 0.575780 0.739062 0.048438 0.043751
0 0.653124 0.744531 0.050001 0.029688
0 0.457031 0.738280 0.045311 0.051562
0 0.427343 0.787500 0.054688 0.053126
0 0.063282 0.932812 0.126563 0.043751
0 0.010156 0.867187 0.020313 0.025001
0 0.193749 0.855470 0.021876 0.017187
0 0.073437 0.418749 0.021876 0.018750
0 0.412500 0.962500 0.024999 0.025001
0 0.639064 0.919531 0.021876 0.026562