0 0.311718 0.302344 0.032812 0.023437
0 0.147658 0.333593 0.035938 0.029688
0 0.300782 0.410156 0.026562 0.029688
0 0.301562 0.739844 0.028126 0.035937
0 0.228125 0.902345 0.034375 0.029688
0 0.107813 0.964064 0.031249 0.031249
0 0.011719 0.936718 0.023438 0.026562
0 0.234374 0.149999 0.034375 0.025001
0 0.641408 0.177343 0.039062 0.039063
0 0.896874 0.402344 0.046875 0.029688
0 0.818750 0.403126 0.024999 0.040624
0 0.767189 0.377344 0.021876 0.017187
0 0.575780 0.231250 0.032812 0.037500
0 0.800001 0.530470 0.031249 0.023437
0 0.685939 0.567188 0.018749 0.015626
0 0.859375 0.549220 0.028126 0.023437
0 0.917186 0.510157 0.021876 0.032812
0 0.946875 0.470312 0.024999 0.018750
0 0.949218 0.624220 0.026562 0.026562
0 0.579687 0.940624 0.028126 0.049999
0 0.653907 0.988281 0.048438 0.023438
0 0.907813 0.757030 0.021876 0.023437
0 0.910937 0.680469 0.024999 0.017187
0 0.724218 0.630468 0.023439 0.017187
0 0.650000 0.830469 0.021876 0.023437
0 0.658593 0.877344 0.017186 0.017187
0 0.664843 0.927343 0.029689 0.026562
0 0.730467 0.897657 0.026562 0.023437
0 0.308595 0.984375 0.032812 0.025001
0 0.217188 0.967188 0.021876 0.015626
0 0.159374 0.982814 0.018749 0.018750