0 0.241408 0.177343 0.039062 0.039063
0 0.496874 0.402344 0.046875 0.029688
0 0.418750 0.403126 0.024999 0.040624
0 0.367189 0.377344 0.021876 0.017187
0 0.175780 0.231250 0.032812 0.037500
0 0.934376 0.234374 0.043751 0.028125
0 0.400001 0.530470 0.031249 0.023437
0 0.285939 0.567188 0.018749 0.015626
0 0.459375 0.549220 0.028126 0.023437
0 0.517186 0.510157 0.021876 0.032812
0 0.546875 0.470312 0.024999 0.018750
0 0.610156 0.440626 0.026562 0.028125
0 0.607033 0.392188 0.026562 0.028125
0 0.643751 0.360157 0.028126 0.023437
0 0.722658 0.433594 0.035938 0.042187
0 0.549218 0.624220 0.026562 0.026562
0 0.631252 0.707031 0.034375 0.023437
0 0.607812 0.765626 0.037499 0.031249
0 0.729688 0.511720 0.024999 0.029688
0 0.758593 0.583593 0.020313 0.023437
0 0.921093 0.478905 0.023439 0.026562
0 0.825780 0.656250 0.023439 0.021874
0 0.814064 0.692187 0.018749 0.021874
0 0.861719 0.703125 0.014063 0.015626
0 0.865625 0.950780 0.018749 0.026562
0 0.179687 0.940624 0.028126 0.049999
0 0.253907 0.988281 0.048438 0.023438
0 0.507813 0.757030 0.021876 0.023437
0 0.510937 0.680469 0.024999 0.017187
0 0.324218 0.630468 0.023439 0.017187
0 0.250000 0.830469 0.021876 0.023437
0 0.258593 0.877344 0.017186 0.017187
0 0.264843 0.927343 0.029689 0.026562
0 0.330467 0.897657 0.026562 0.023437
0 0.749220 0.985156 0.026562 0.014062
0 0.840626 0.989844 0.021876 0.020312
0 0.982032 0.297656 0.035935 0.023437
0 0.976564 0.992968 0.028126 0.014063