0 0.986717 0.219532 0.026562 0.032812
0 0.128126 0.488280 0.059374 0.064062
0 0.801562 0.406250 0.031249 0.025001
0 0.556252 0.367969 0.053124 0.051562
0 0.814844 0.273437 0.017186 0.018750
0 0.822657 0.445313 0.020313 0.021874
0 0.777342 0.147657 0.020313 0.020313
0 0.332814 0.327345 0.031249 0.029688
0 0.325781 0.292969 0.054688 0.045312
0 0.376562 0.325781 0.043751 0.039063
0 0.376562 0.364845 0.018749 0.020313
0 0.378126 0.210937 0.015626 0.018750
0 0.356250 0.263281 0.018749 0.020313
0 0.252344 0.242970 0.017186 0.020313
0 0.417187 0.146875 0.037499 0.025001
0 0.210156 0.364845 0.048438 0.039063
0 0.041406 0.530470 0.023439 0.026562
0 0.147655 0.537500 0.020313 0.021874
0 0.182813 0.548438 0.018749 0.025001
0 0.342187 0.801563 0.037499 0.034376
0 0.364063 0.792969 0.031249 0.035937
0 0.397655 0.757030 0.020313 0.017187
0 0.075001 0.849219 0.043751 0.045312
0 0.101563 0.827345 0.024999 0.023437
0 0.084374 0.916407 0.031249 0.026562
0 0.128906 0.922656 0.048438 0.032812
0 0.013281 0.991406 0.026562 0.017188
0 0.715625 0.746094 0.024999 0.023437
0 0.777342 0.799999 0.039062 0.040624
0 0.425000 0.939063 0.028126 0.025001
0 0.497657 0.877344 0.023439 0.020313
0 0.486718 0.928906 0.020313 0.020313
0 0.339844 0.988280 0.023439 0.017187
0 0.598437 0.667189 0.018749 0.025001