0 0.586717 0.219532 0.026562 0.032812
0 0.735938 0.124219 0.024999 0.017187
0 0.694533 0.344531 0.029689 0.032812
0 0.821874 0.543751 0.034375 0.037500
0 0.839063 0.520313 0.024999 0.028125
0 0.874219 0.528125 0.032812 0.037500
0 0.691406 0.838281 0.032812 0.032812
0 0.808595 0.959376 0.064064 0.046875
0 0.401562 0.406250 0.031249 0.025001
0 0.156252 0.367969 0.053124 0.051562
0 0.414844 0.273437 0.017186 0.018750
0 0.422657 0.445313 0.020313 0.021874
0 0.377342 0.147657 0.020313 0.020313
0 0.017968 0.146875 0.035936 0.025001
0 0.315625 0.746094 0.024999 0.023437
0 0.377342 0.799999 0.039062 0.040624
0 0.019532 0.939063 0.039063 0.025001
0 0.097657 0.877344 0.023439 0.020313
0 0.086718 0.928906 0.020313 0.020313
0 0.198437 0.667189 0.018749 0.025001