0 0.020313 0.060155 0.040625 0.032812
0 0.157814 0.006250 0.037499 0.012500
0 0.136718 0.024219 0.023439 0.023437
0 0.345313 0.101563 0.053124 0.037500
0 0.014844 0.131249 0.029689 0.021874
0 0.009376 0.223438 0.018751 0.034376
0 0.155467 0.166406 0.017186 0.026562
0 0.186719 0.184375 0.023439 0.037500
0 0.150781 0.228125 0.032812 0.028125
0 0.103126 0.221093 0.021876 0.020313
0 0.337500 0.274219 0.031249 0.026562
0 0.700782 0.012500 0.026562 0.025000
0 0.701562 0.339844 0.028126 0.035937
0 0.628124 0.502345 0.034375 0.029688
0 0.507813 0.564064 0.031249 0.031249
0 0.410157 0.536718 0.026562 0.026562
0 0.231251 0.317969 0.024999 0.023437
0 0.979687 0.540624 0.028126 0.049999
0 0.209375 0.406250 0.028126 0.031249
0 0.046095 0.385937 0.026562 0.031249
0 0.169530 0.292187 0.020313 0.018750
0 0.708595 0.584375 0.032812 0.025001
0 0.617188 0.567188 0.021876 0.015626
0 0.559374 0.582814 0.018749 0.018750