0 0.300782 0.012500 0.026562 0.025000
0 0.301562 0.339844 0.028126 0.035937
0 0.228125 0.502345 0.034375 0.029688
0 0.107813 0.564064 0.031249 0.031249
0 0.011719 0.536718 0.023438 0.026562
0 0.896874 0.008594 0.046875 0.017189
0 0.818750 0.011719 0.024999 0.023438
0 0.800001 0.130470 0.031249 0.023437
0 0.685939 0.167188 0.018749 0.015626
0 0.859375 0.149220 0.028126 0.023437
0 0.917186 0.110157 0.021876 0.032812
0 0.946875 0.070312 0.024999 0.018750
0 0.949218 0.224220 0.026562 0.026562
0 0.579687 0.540624 0.028126 0.049999
0 0.653907 0.597655 0.048438 0.042187
0 0.907813 0.357030 0.021876 0.023437
0 0.910937 0.280469 0.024999 0.017187
0 0.724218 0.230468 0.023439 0.017187
0 0.650000 0.430469 0.021876 0.023437
0 0.658593 0.477344 0.017186 0.017187
0 0.664843 0.527343 0.029689 0.026562
0 0.730467 0.497657 0.026562 0.023437
0 0.308595 0.584375 0.032812 0.025001
0 0.217188 0.567188 0.021876 0.015626
0 0.159374 0.582814 0.018749 0.018750