0 0.228125 0.102345 0.034375 0.029688
0 0.107813 0.164064 0.031249 0.031249
0 0.011719 0.136718 0.023438 0.026562
0 0.579687 0.140624 0.028126 0.049999
0 0.653907 0.197655 0.048438 0.042187
0 0.650000 0.030469 0.021876 0.023437
0 0.658593 0.077344 0.017186 0.017187
0 0.664843 0.127343 0.029689 0.026562
0 0.730467 0.097657 0.026562 0.023437
0 0.308595 0.184375 0.032812 0.025001
0 0.217188 0.167188 0.021876 0.015626
0 0.159374 0.182814 0.018749 0.018750
0 0.980470 0.777343 0.032812 0.017187
0 0.831250 0.848437 0.028126 0.018750
0 0.710938 0.762501 0.015626 0.015626
0 0.778125 0.839062 0.024999 0.021874
0 0.701562 0.957812 0.028126 0.031249
0 0.433593 0.923437 0.035938 0.028125
0 0.404687 0.833593 0.037499 0.026562
0 0.342186 0.953907 0.024999 0.023437
0 0.264063 0.926563 0.028126 0.021874
0 0.321874 0.786718 0.024999 0.020313
0 0.410157 0.749218 0.060937 0.045312
0 0.212498 0.801562 0.024999 0.025001
0 0.242187 0.808594 0.018749 0.023437
0 0.174220 0.695313 0.039062 0.025001