0 0.865625 0.150780 0.018749 0.026562
0 0.179687 0.140624 0.028126 0.049999
0 0.253907 0.197655 0.048438 0.042187
0 0.250000 0.030469 0.021876 0.023437
0 0.258593 0.077344 0.017186 0.017187
0 0.264843 0.127343 0.029689 0.026562
0 0.330467 0.097657 0.026562 0.023437
0 0.749220 0.185156 0.026562 0.014062
0 0.804688 0.210157 0.021876 0.017187
0 0.840626 0.190625 0.021876 0.021874
0 0.976564 0.193750 0.028126 0.015626
0 0.954688 0.714063 0.021876 0.028125
0 0.753907 0.703906 0.023439 0.026562
0 0.667187 0.714845 0.037499 0.026562
0 0.613282 0.675781 0.020313 0.014062
0 0.580470 0.777343 0.032812 0.017187
0 0.431250 0.848437 0.028126 0.018750
0 0.310938 0.762501 0.015626 0.015626
0 0.378125 0.839062 0.024999 0.021874
0 0.301562 0.957812 0.028126 0.031249
0 0.025781 0.923437 0.051562 0.028125
0 0.011718 0.833593 0.023436 0.026562
0 0.020313 0.749218 0.040626 0.045312