0 0.342187 0.009375 0.037499 0.018750
0 0.075001 0.049219 0.043751 0.045312
0 0.101563 0.027345 0.024999 0.023437
0 0.084374 0.116407 0.031249 0.026562
0 0.128906 0.122656 0.048438 0.032812
0 0.175001 0.218750 0.031249 0.025001
0 0.013281 0.199219 0.026562 0.032812
0 0.782032 0.215626 0.039062 0.031249
0 0.425000 0.139063 0.028126 0.025001
0 0.497657 0.077344 0.023439 0.020313
0 0.486718 0.128906 0.020313 0.020313
0 0.318751 0.203124 0.037499 0.021874
0 0.339844 0.188280 0.023439 0.017187
0 0.182813 0.749218 0.050001 0.051562
0 0.221095 0.733595 0.026562 0.029688
0 0.071095 0.880468 0.026562 0.023437
0 0.412501 0.939062 0.050001 0.031249
0 0.433593 0.985937 0.026562 0.028125
0 0.602343 0.879688 0.032812 0.034376
0 0.653124 0.708594 0.053124 0.029688
0 0.904687 0.711718 0.056251 0.039063
0 0.687499 0.964063 0.040625 0.053126
0 0.218749 0.403126 0.034375 0.018750