1 0.974220 0.662499 0.017186 0.018750
1 0.942188 0.690624 0.012500 0.012499
1 0.596092 0.795312 0.020313 0.021874
1 0.557814 0.419531 0.018749 0.017187
1 0.563280 0.491407 0.010936 0.014062
1 0.573436 0.563280 0.012500 0.014062
1 0.834376 0.250782 0.021876 0.020313
1 0.800780 0.522656 0.014063 0.017187
1 0.742186 0.546875 0.012500 0.015626
1 0.328126 0.214843 0.015626 0.014062
1 0.381251 0.124220 0.015626 0.014062
1 0.808593 0.042187 0.020313 0.018750
1 0.882814 0.082032 0.012500 0.014062
1 0.787501 0.174219 0.015626 0.017187
1 0.043751 0.874218 0.015626 0.017187
1 0.067967 0.821876 0.014063 0.015626
1 0.139061 0.778907 0.012500 0.010938
1 0.028126 0.666407 0.012500 0.014062
1 0.534375 0.668750 0.018749 0.021874
1 0.602345 0.679688 0.020313 0.018750
1 0.915626 0.054687 0.012500 0.015626