1 0.174220 0.662499 0.017186 0.018750
1 0.142188 0.690624 0.012500 0.012499
1 0.458595 0.568749 0.014063 0.015626
1 0.505470 0.635937 0.014063 0.015626
1 0.280469 0.808593 0.014063 0.014062
1 0.328124 0.803126 0.028126 0.015626
1 0.378905 0.841405 0.014063 0.014062
1 0.212498 0.896094 0.015626 0.014062
1 0.034376 0.250782 0.021876 0.020313
1 0.003906 0.522656 0.007812 0.017187
1 0.208595 0.558593 0.010936 0.017187
1 0.247657 0.511718 0.014063 0.017187
1 0.433593 0.469530 0.017186 0.017187
1 0.420313 0.387501 0.012500 0.015626
1 0.009375 0.042187 0.018750 0.018750
1 0.082814 0.082032 0.012500 0.014062
1 0.213282 0.831251 0.014063 0.018750
1 0.201562 0.259375 0.018749 0.018750
1 0.221875 0.224999 0.015626 0.018750
1 0.115626 0.054687 0.012500 0.015626