0 0.609375 0.039844 0.046875 0.079688
0 0.660156 0.142188 0.029689 0.031249
0 0.763282 0.223438 0.048438 0.049999
0 0.918749 0.149999 0.065624 0.062501
0 0.106249 0.079687 0.075000 0.062501
0 0.240624 0.105469 0.043751 0.045312
0 0.140624 0.222657 0.040625 0.051562
0 0.028125 0.369532 0.056251 0.057813
0 0.163280 0.470312 0.064064 0.059374
0 0.208595 0.378907 0.020313 0.023437
0 0.978125 0.855470 0.043751 0.051562
0 0.696095 0.639061 0.054688 0.049999
0 0.674219 0.744531 0.054688 0.070312
0 0.732030 0.528125 0.023439 0.021874
0 0.706251 0.953907 0.012500 0.010938
0 0.617188 0.580469 0.018749 0.014062
0 0.805470 0.575781 0.014063 0.014062
0 0.767188 0.692969 0.018749 0.014062
0 0.748436 0.094531 0.018749 0.020313