0 0.050000 0.517186 0.100000 0.165625
1 0.680469 0.007812 0.014063 0.015624
1 0.728124 0.005469 0.028126 0.010939
1 0.778905 0.041405 0.014063 0.014062
1 0.612498 0.096094 0.015626 0.014062
1 0.404687 0.217969 0.018749 0.017187
1 0.257030 0.257032 0.020313 0.017187
1 0.007812 0.592189 0.015625 0.015626
1 0.648437 0.481250 0.015626 0.021874
1 0.284375 0.471093 0.015626 0.014062
1 0.504686 0.592189 0.018749 0.015626
1 0.585936 0.589062 0.012500 0.015626
1 0.653124 0.403126 0.009376 0.012499
1 0.721094 0.434375 0.014063 0.012499
1 0.811720 0.445313 0.020313 0.018750
1 0.613282 0.232031 0.010936 0.010938
1 0.689062 0.292187 0.015626 0.015626
1 0.783595 0.243749 0.014063 0.015626
1 0.974220 0.442187 0.026562 0.025001
1 0.785938 0.615626 0.015626 0.015626
1 0.921876 0.717969 0.012500 0.014062
1 0.994531 0.758593 0.010939 0.014062
1 0.826563 0.880468 0.009376 0.014062
1 0.613282 0.031251 0.014063 0.018750