1 0.280469 0.007812 0.014063 0.015624
1 0.328124 0.005469 0.028126 0.010939
1 0.378905 0.041405 0.014063 0.014062
1 0.212498 0.096094 0.015626 0.014062
1 0.007031 0.217969 0.014062 0.017187
1 0.248437 0.481250 0.015626 0.021874
1 0.104686 0.592189 0.018749 0.015626
1 0.185936 0.589062 0.012500 0.015626
1 0.253124 0.403126 0.009376 0.012499
1 0.321094 0.434375 0.014063 0.012499
1 0.411720 0.445313 0.020313 0.018750
1 0.213282 0.232031 0.010936 0.010938
1 0.289062 0.292187 0.015626 0.015626
1 0.383595 0.243749 0.014063 0.015626
1 0.642967 0.315624 0.010936 0.012499
1 0.601562 0.378125 0.009376 0.015626
1 0.574220 0.442187 0.026562 0.025001
1 0.832813 0.574218 0.021876 0.023437
1 0.892967 0.677343 0.014063 0.014062
1 0.385938 0.615626 0.015626 0.015626
1 0.521876 0.717969 0.012500 0.014062
1 0.596093 0.758593 0.014063 0.014062
1 0.622655 0.728907 0.010936 0.014062
1 0.830470 0.875780 0.017186 0.017187
1 0.872655 0.782031 0.014063 0.017187
1 0.685156 0.853906 0.014063 0.020313
1 0.426563 0.880468 0.009376 0.014062
1 0.213282 0.031251 0.014063 0.018750