0 0.142188 0.575781 0.043751 0.045312
0 0.198436 0.122656 0.078123 0.067188
0 0.785939 0.039843 0.059374 0.079687
0 0.925000 0.143751 0.062501 0.068749
0 0.414064 0.596094 0.084376 0.085938
0 0.348437 0.694532 0.028126 0.026562
0 0.437500 0.758593 0.062501 0.064062
0 0.235938 0.894530 0.037499 0.032812
0 0.220312 0.973438 0.034375 0.034376
0 0.321875 0.213281 0.040625 0.035937
0 0.274220 0.239843 0.014063 0.017187
0 0.600000 0.066406 0.021876 0.026562
0 0.713282 0.348437 0.039062 0.046875
0 0.728908 0.721093 0.026562 0.026562
0 0.712498 0.678124 0.024999 0.025001
0 0.807811 0.928906 0.024999 0.026562
0 0.851563 0.986719 0.037499 0.026563