0 0.050000 0.100000 0.100000 0.199999
1 0.007812 0.192189 0.015625 0.015626
1 0.292968 0.692968 0.014063 0.017187
1 0.328907 0.754687 0.023439 0.021874
1 0.389061 0.800780 0.018749 0.017187
1 0.466408 0.782812 0.014063 0.015626
1 0.652343 0.682032 0.023439 0.020313
1 0.714061 0.670312 0.012500 0.015626
1 0.857032 0.700782 0.017186 0.017187
1 0.789844 0.749218 0.017186 0.017187
1 0.648437 0.081250 0.015626 0.021874
1 0.284375 0.071093 0.015626 0.014062
1 0.504686 0.192189 0.018749 0.015626
1 0.585936 0.189062 0.012500 0.015626
1 0.653124 0.004688 0.009376 0.009375
1 0.721094 0.034375 0.014063 0.012499
1 0.811720 0.045313 0.020313 0.018750
1 0.974220 0.042187 0.026562 0.025001
1 0.785938 0.215626 0.015626 0.015626
1 0.921876 0.317969 0.012500 0.014062
1 0.994531 0.358593 0.010939 0.014062
1 0.826563 0.480468 0.009376 0.014062