0 0.142188 0.175781 0.043751 0.045312
0 0.414064 0.196094 0.084376 0.085938
0 0.348437 0.294532 0.028126 0.026562
0 0.437500 0.358593 0.062501 0.064062
0 0.235938 0.494530 0.037499 0.032812
0 0.220312 0.573438 0.034375 0.034376
0 0.728908 0.321093 0.026562 0.026562
0 0.712498 0.278124 0.024999 0.025001
0 0.807811 0.528906 0.024999 0.026562
0 0.851563 0.590625 0.037499 0.034376
0 0.728125 0.646875 0.034375 0.037500
0 0.621092 0.600000 0.057811 0.062501
0 0.040625 0.677345 0.081249 0.073436
0 0.161718 0.700001 0.082813 0.065625
0 0.229688 0.678906 0.040625 0.035937
0 0.298439 0.973437 0.068750 0.053126
0 0.425000 0.925782 0.068750 0.060937
0 0.939063 0.881249 0.043751 0.040624
0 0.943749 0.955470 0.065624 0.048438
0 0.021093 0.860157 0.020313 0.020313
0 0.861719 0.910156 0.029689 0.026562
0 0.491408 0.638282 0.023439 0.020313