0 0.817188 0.954687 0.028126 0.028125
0 0.739844 0.914844 0.032812 0.045312
0 0.751564 0.848438 0.021876 0.025001
0 0.767186 0.808593 0.034375 0.029688
0 0.778906 0.953907 0.017186 0.020313
0 0.899218 0.939845 0.045311 0.035937
0 0.021093 0.975000 0.042186 0.040624
0 0.084374 0.844532 0.034375 0.039063
0 0.021875 0.857031 0.043750 0.026562
0 0.246875 0.949220 0.034375 0.029688
0 0.250781 0.872657 0.029689 0.032812
0 0.175781 0.896876 0.023439 0.025001
0 0.154688 0.855468 0.018749 0.023437
0 0.117187 0.896094 0.021876 0.020313
0 0.566405 0.986718 0.029689 0.026563
0 0.489844 0.864843 0.026562 0.029688
0 0.460939 0.858594 0.018749 0.020313
0 0.354687 0.957813 0.040625 0.056250
0 0.340624 0.993750 0.028126 0.012500
0 0.975782 0.160938 0.048436 0.071876
0 0.968752 0.263281 0.024999 0.035937
0 0.792969 0.128125 0.029689 0.034376
0 0.794532 0.168750 0.035938 0.031249
0 0.779686 0.254688 0.031249 0.034376
0 0.813281 0.301563 0.042188 0.028125
0 0.619533 0.228905 0.039062 0.045312
0 0.547655 0.206249 0.035938 0.034376
0 0.617969 0.100782 0.042188 0.042187
0 0.411718 0.146875 0.023439 0.028125
0 0.371876 0.139061 0.028126 0.031249
0 0.396875 0.171876 0.021876 0.025001
0 0.371093 0.202344 0.020313 0.026562
0 0.327345 0.253906 0.026562 0.026562
0 0.300782 0.253906 0.023439 0.023437
0 0.289843 0.224999 0.026562 0.025001
0 0.208593 0.244531 0.026562 0.023437
0 0.080468 0.262499 0.029689 0.028125
0 0.075001 0.223439 0.028126 0.028125
0 0.085158 0.200001 0.026562 0.021874
0 0.137499 0.208594 0.018749 0.017187
0 0.479688 0.012500 0.028126 0.025000
0 0.857813 0.960156 0.012500 0.017187
0 0.882812 0.917968 0.012500 0.014062
0 0.385939 0.297657 0.018749 0.014062
0 0.464062 0.293751 0.015626 0.015626
0 0.360937 0.281249 0.009376 0.012499
0 0.171094 0.325782 0.017186 0.017187
0 0.068749 0.014062 0.015626 0.028125
0 0.117970 0.097656 0.010936 0.010938
0 0.117970 0.139843 0.014063 0.010938