0 0.892187 0.892188 0.071874 0.028125
0 0.873437 0.868750 0.028126 0.021874
0 0.798437 0.871093 0.028126 0.029688
0 0.934375 0.495312 0.040625 0.034376
0 0.983594 0.509375 0.032813 0.040624
0 0.773438 0.679688 0.046875 0.049999
0 0.819530 0.761720 0.029689 0.023437
0 0.718750 0.776562 0.024999 0.025001
0 0.714064 0.799220 0.024999 0.023437
0 0.625001 0.788281 0.018749 0.026562
0 0.618751 0.665625 0.040625 0.034376
0 0.576563 0.665625 0.028126 0.034376
0 0.524219 0.739843 0.023439 0.026562
0 0.451562 0.615626 0.031249 0.028125
0 0.371875 0.585156 0.031249 0.035937
0 0.401563 0.528906 0.024999 0.026562
0 0.249220 0.594531 0.023439 0.048438
0 0.258593 0.706249 0.029689 0.031249
0 0.297658 0.671876 0.029689 0.025001
0 0.332030 0.689844 0.020313 0.023437
0 0.382811 0.782031 0.031249 0.026562
0 0.261719 0.778125 0.020313 0.031249
0 0.319530 0.789063 0.017186 0.018750
0 0.448438 0.809374 0.021876 0.028125
0 0.487500 0.820312 0.021876 0.025001
0 0.533595 0.878907 0.023439 0.020313
0 0.625781 0.895312 0.026562 0.025001
0 0.915626 0.061718 0.028126 0.026562
0 0.851562 0.032812 0.031249 0.015626
0 0.645314 0.050001 0.034375 0.028125
0 0.725780 0.024219 0.017186 0.017187
0 0.755469 0.032030 0.020313 0.020313
0 0.726564 0.054688 0.015626 0.018750
0 0.753906 0.157032 0.029689 0.029688
0 0.755469 0.184375 0.026562 0.031249
0 0.789844 0.181251 0.017186 0.018750
0 0.810937 0.178124 0.018749 0.021874
0 0.827343 0.306249 0.042188 0.043751
0 0.933595 0.313282 0.039062 0.039063
0 0.723437 0.240625 0.031249 0.034376
0 0.770312 0.257032 0.024999 0.023437
0 0.770312 0.311719 0.024999 0.029688
0 0.655470 0.321094 0.029689 0.026562
0 0.602345 0.343749 0.026562 0.025001
0 0.578126 0.445313 0.031249 0.031249
0 0.607032 0.555468 0.039062 0.039063
0 0.722657 0.583593 0.026562 0.023437
0 0.762499 0.474220 0.024999 0.032812
0 0.748436 0.451562 0.031249 0.031249
0 0.707811 0.412501 0.028126 0.018750
0 0.420313 0.412501 0.024999 0.028125
0 0.363282 0.384376 0.035938 0.031249
0 0.345313 0.427345 0.015626 0.023437
0 0.492186 0.300780 0.024999 0.032812
0 0.432812 0.305468 0.028126 0.029688
0 0.386717 0.328126 0.017186 0.021874
0 0.438282 0.275782 0.020313 0.023437
0 0.520312 0.216406 0.021876 0.020313
0 0.589843 0.192968 0.020313 0.020313
0 0.626561 0.224999 0.021876 0.028125
0 0.613282 0.172657 0.017186 0.017187
0 0.596876 0.146875 0.018749 0.012499
0 0.282812 0.055468 0.037499 0.029688
0 0.292188 0.219532 0.037499 0.035937
0 0.332813 0.194531 0.024999 0.029688
0 0.255469 0.410156 0.023439 0.023437
0 0.246876 0.364844 0.015626 0.023437
0 0.372655 0.035938 0.017186 0.021874
0 0.253126 0.032812 0.015626 0.015626
0 0.439845 0.040626 0.023439 0.025001
0 0.467187 0.046093 0.018749 0.017187
0 0.496876 0.053125 0.018749 0.018750
0 0.992970 0.175781 0.014061 0.032812
0 0.967187 0.078126 0.012500 0.015626
0 0.938282 0.125782 0.014063 0.014062
0 0.789844 0.053125 0.014063 0.012499
0 0.710157 0.304689 0.023439 0.018750
0 0.852345 0.713282 0.020313 0.020313
0 0.524998 0.678906 0.012500 0.014062
0 0.564063 0.776562 0.012500 0.012499
0 0.426563 0.857030 0.009376 0.014062
0 0.392967 0.817970 0.014063 0.014062
0 0.381251 0.869532 0.015626 0.010938
0 0.311717 0.888282 0.014063 0.014062
0 0.268749 0.838281 0.015626 0.017187
0 0.321874 0.750000 0.015626 0.018750
0 0.855468 0.513281 0.017186 0.017187
0 0.601562 0.867969 0.012500 0.017187
0 0.509376 0.385155 0.012500 0.010938
0 0.538281 0.350000 0.010936 0.009375