0 0.559375 0.328126 0.024999 0.034376
0 0.756250 0.514844 0.028126 0.029688
0 0.701562 0.692968 0.031249 0.035937
0 0.782032 0.704688 0.032812 0.031249
0 0.692186 0.507814 0.040625 0.018750
0 0.014844 0.682812 0.029688 0.031249
0 0.088281 0.903126 0.035938 0.031249
0 0.189843 0.910156 0.026562 0.023437
0 0.747657 0.568751 0.032812 0.034376
0 0.436720 0.903126 0.023439 0.028125
0 0.376562 0.882031 0.018749 0.029688
0 0.592187 0.879688 0.024999 0.031249
0 0.828124 0.965624 0.024999 0.037500
0 0.782032 0.989844 0.029689 0.020312
0 0.867189 0.974220 0.024999 0.032812