0 0.336720 0.984374 0.026562 0.031249
0 0.262499 0.984374 0.021876 0.021874
0 0.587499 0.951562 0.024999 0.028125
0 0.501563 0.958594 0.024999 0.023437
0 0.674219 0.935157 0.035938 0.035937
0 0.757812 0.933593 0.046875 0.032812
0 0.778125 0.974220 0.028126 0.023437
0 0.872658 0.985937 0.029689 0.028125
0 0.992970 0.978126 0.014061 0.021874
0 0.892187 0.492188 0.071874 0.028125
0 0.873437 0.468750 0.028126 0.021874
0 0.798437 0.471093 0.028126 0.029688
0 0.934375 0.095312 0.040625 0.034376
0 0.983594 0.109375 0.032813 0.040624
0 0.773438 0.279688 0.046875 0.049999
0 0.819530 0.361720 0.029689 0.023437
0 0.718750 0.376562 0.024999 0.025001
0 0.714064 0.399220 0.024999 0.023437
0 0.625001 0.388281 0.018749 0.026562
0 0.618751 0.265625 0.040625 0.034376
0 0.576563 0.265625 0.028126 0.034376
0 0.524219 0.339843 0.023439 0.026562
0 0.451562 0.215626 0.031249 0.028125
0 0.371875 0.185156 0.031249 0.035937
0 0.401563 0.128906 0.024999 0.026562
0 0.249220 0.194531 0.023439 0.048438
0 0.258593 0.306249 0.029689 0.031249
0 0.297658 0.271876 0.029689 0.025001
0 0.332030 0.289844 0.020313 0.023437
0 0.382811 0.382031 0.031249 0.026562
0 0.261719 0.378125 0.020313 0.031249
0 0.319530 0.389063 0.017186 0.018750
0 0.448438 0.409374 0.021876 0.028125
0 0.487500 0.420312 0.021876 0.025001
0 0.533595 0.478907 0.023439 0.020313
0 0.625781 0.495312 0.026562 0.025001
0 0.578126 0.045313 0.031249 0.031249
0 0.607032 0.155468 0.039062 0.039063
0 0.722657 0.183593 0.026562 0.023437
0 0.762499 0.074220 0.024999 0.032812
0 0.748436 0.051562 0.031249 0.031249
0 0.707811 0.010938 0.028126 0.021876
0 0.420313 0.013282 0.024999 0.026563
0 0.345313 0.027345 0.015626 0.023437
0 0.255469 0.010937 0.023439 0.021875
0 0.852345 0.313282 0.020313 0.020313
0 0.524998 0.278906 0.012500 0.014062
0 0.564063 0.376562 0.012500 0.012499
0 0.426563 0.457030 0.009376 0.014062
0 0.392967 0.417970 0.014063 0.014062
0 0.381251 0.469532 0.015626 0.010938
0 0.311717 0.488282 0.014063 0.014062
0 0.268749 0.438281 0.015626 0.017187
0 0.321874 0.350000 0.015626 0.018750
0 0.855468 0.113281 0.017186 0.017187
0 0.601562 0.467969 0.012500 0.017187