0 0.056249 0.985156 0.024999 0.026562
0 0.465625 0.985156 0.037499 0.029687
0 0.767969 0.963282 0.039062 0.039063
0 0.484374 0.146093 0.046875 0.048438
0 0.595313 0.196094 0.046875 0.048438
0 0.310938 0.445313 0.037499 0.040624
0 0.335937 0.413282 0.031249 0.032812
0 0.424220 0.378125 0.026562 0.031249
0 0.368749 0.302343 0.024999 0.023437
0 0.403124 0.016406 0.031249 0.032812
0 0.274220 0.128125 0.026562 0.037500
0 0.277343 0.287499 0.020313 0.021874
0 0.564061 0.458594 0.028126 0.026562
0 0.668750 0.396093 0.031249 0.026562
0 0.652344 0.351563 0.039062 0.037500
0 0.662500 0.278906 0.024999 0.026562
0 0.631252 0.314063 0.015626 0.018750
0 0.728908 0.322657 0.020313 0.020313
0 0.763283 0.309376 0.020313 0.018750
0 0.817967 0.275782 0.029689 0.032812
0 0.835937 0.338282 0.021876 0.026562
0 0.880468 0.330468 0.023439 0.023437
0 0.928126 0.469532 0.028126 0.032812
0 0.981251 0.471875 0.031249 0.028125
0 0.950782 0.514844 0.051561 0.023437
0 0.885158 0.507814 0.020313 0.018750
0 0.867968 0.490625 0.029689 0.028125
0 0.805468 0.482813 0.029689 0.025001
0 0.925000 0.163282 0.037499 0.045312
0 0.889061 0.096094 0.024999 0.026562
0 0.888281 0.046874 0.032812 0.037500
0 0.931249 0.055470 0.024999 0.029688
0 0.792188 0.158595 0.034375 0.035937
0 0.615625 0.077344 0.028126 0.032812
0 0.102343 0.442186 0.032812 0.034376
0 0.018750 0.411719 0.037501 0.035937
0 0.054688 0.330468 0.021876 0.023437
0 0.056249 0.228125 0.021876 0.018750
0 0.976564 0.241406 0.012500 0.010938
0 0.754687 0.197655 0.012500 0.014062
0 0.763283 0.174218 0.014063 0.017187
0 0.762499 0.069532 0.009376 0.014062
0 0.860155 0.097657 0.014063 0.017187
0 0.513280 0.060157 0.014063 0.014062
0 0.589843 0.485937 0.020313 0.021874
0 0.539062 0.475001 0.015626 0.015626
0 0.535939 0.512501 0.018749 0.018750
0 0.302345 0.490625 0.014063 0.012499
0 0.860939 0.989843 0.024999 0.020313
0 0.812501 0.992188 0.018749 0.015624
0 0.635155 0.989062 0.023439 0.021876
0 0.532812 0.985937 0.021876 0.018750
0 0.498437 0.981250 0.015626 0.015626
0 0.942189 0.957812 0.018749 0.018750
0 0.299218 0.067969 0.014063 0.017187
0 0.336720 0.308594 0.017186 0.017187