0 0.063281 0.296093 0.026562 0.023437
0 0.093749 0.399218 0.024999 0.023437
0 0.105469 0.416407 0.026562 0.026562
0 0.088280 0.679688 0.020313 0.018750
0 0.096093 0.790625 0.020313 0.018750
0 0.052344 0.728906 0.017186 0.020313
0 0.069530 0.900782 0.035938 0.032812
0 0.099219 0.829688 0.017186 0.018750
0 0.464844 0.812501 0.020313 0.021874
0 0.552344 0.782031 0.026562 0.026562
0 0.475000 0.921095 0.015626 0.017187
0 0.514062 0.944532 0.018749 0.017187
0 0.496876 0.962501 0.015626 0.018750
0 0.472657 0.970312 0.020313 0.018750
0 0.755469 0.735156 0.017186 0.014062
0 0.899220 0.728906 0.014063 0.014062
0 0.947658 0.747655 0.007813 0.010938
0 0.732030 0.789843 0.020313 0.014062
0 0.618751 0.986720 0.018749 0.014062
0 0.873437 0.971876 0.012500 0.012499
0 0.950781 0.981251 0.020313 0.018750
0 0.940625 0.849219 0.021876 0.020313
0 0.486720 0.064843 0.039062 0.039063
0 0.447655 0.142970 0.026562 0.029688
0 0.513282 0.014062 0.029689 0.028125
0 0.548438 0.018750 0.024999 0.037500
0 0.646093 0.081251 0.048438 0.031249
0 0.515625 0.128907 0.012500 0.014062
0 0.605468 0.139843 0.014063 0.017187
0 0.625001 0.165625 0.024999 0.025001
0 0.916406 0.210155 0.023439 0.026562
0 0.992969 0.163280 0.014062 0.010938
0 0.996875 0.124220 0.006249 0.010938
0 0.920312 0.128125 0.012500 0.009375