0 0.064844 0.412501 0.020313 0.021874
0 0.152344 0.382031 0.026562 0.026562
0 0.075000 0.521095 0.015626 0.017187
0 0.114062 0.544532 0.018749 0.017187
0 0.096876 0.562501 0.015626 0.018750
0 0.072657 0.570312 0.020313 0.018750
0 0.355469 0.335156 0.017186 0.014062
0 0.499220 0.328906 0.014063 0.014062
0 0.547658 0.347655 0.007813 0.010938
0 0.332030 0.389843 0.020313 0.014062
0 0.218751 0.586720 0.018749 0.014062
0 0.217968 0.617187 0.017186 0.018750
0 0.221874 0.670313 0.028126 0.025001
0 0.264063 0.632031 0.021876 0.023437
0 0.291405 0.613281 0.020313 0.020313
0 0.346876 0.608594 0.031249 0.029688
0 0.153124 0.713282 0.018749 0.014062
0 0.040625 0.787500 0.012500 0.012499
0 0.027342 0.879687 0.014063 0.015626
0 0.163280 0.817188 0.017186 0.018750
0 0.309374 0.747655 0.018749 0.020313
0 0.408593 0.713282 0.020313 0.023437
0 0.256250 0.828124 0.015626 0.012499
0 0.184376 0.879687 0.018749 0.018750
0 0.221094 0.879687 0.020313 0.025001
0 0.230467 0.937500 0.029689 0.034376
0 0.057811 0.980469 0.021876 0.017187
0 0.106249 0.971875 0.018749 0.021874
0 0.309374 0.995312 0.015626 0.009376
0 0.349219 0.946093 0.017186 0.017187
0 0.387501 0.937500 0.021876 0.021874
0 0.333593 0.858594 0.023439 0.023437
0 0.455468 0.813282 0.023439 0.020313
0 0.459375 0.789063 0.021876 0.021874
0 0.421093 0.743749 0.017186 0.018750
0 0.555468 0.777343 0.029689 0.032812
0 0.539845 0.755469 0.023439 0.023437
0 0.587500 0.722657 0.021876 0.020313
0 0.493750 0.851562 0.018749 0.018750
0 0.510156 0.876562 0.010936 0.012499
0 0.500000 0.898436 0.024999 0.021874
0 0.453905 0.907811 0.023439 0.021874
0 0.549218 0.889843 0.020313 0.020313
0 0.543751 0.987500 0.024999 0.025000
0 0.697655 0.922656 0.032812 0.026562
0 0.695312 0.939845 0.021876 0.020313
0 0.473438 0.571876 0.012500 0.012499
0 0.550781 0.581251 0.020313 0.018750
0 0.540625 0.449219 0.021876 0.020313
0 0.634374 0.562501 0.018749 0.018750
0 0.679689 0.572657 0.018749 0.017187
0 0.694532 0.533594 0.020313 0.020313
0 0.623438 0.659375 0.024999 0.031249
0 0.672656 0.706249 0.020313 0.018750
0 0.689062 0.696874 0.021876 0.018750
0 0.846876 0.515626 0.018749 0.021874
0 0.824220 0.589844 0.023439 0.020313
0 0.693749 0.391406 0.024999 0.023437
0 0.760939 0.359375 0.024999 0.021874
0 0.875001 0.367187 0.012500 0.012499
0 0.917186 0.487501 0.024999 0.025001
0 0.953908 0.403126 0.014063 0.015626
0 0.975000 0.425000 0.021876 0.021874
0 0.991406 0.420313 0.017188 0.021874
0 0.993751 0.489843 0.012499 0.020313
0 0.863281 0.635156 0.017186 0.020313
0 0.880467 0.860937 0.017186 0.015626
0 0.875781 0.906251 0.014063 0.012499
0 0.776562 0.788282 0.015626 0.017187
0 0.977344 0.965625 0.017186 0.018750
0 0.995312 0.975000 0.009375 0.018750