0 0.472657 0.114845 0.048438 0.035937
0 0.350782 0.027343 0.048438 0.023437
0 0.200782 0.034376 0.029689 0.025001
0 0.296095 0.078124 0.035938 0.021874
0 0.682812 0.218751 0.046875 0.031249
0 0.616405 0.215624 0.029689 0.021874
0 0.936718 0.811719 0.035938 0.042187
0 0.933595 0.718749 0.039062 0.034376
0 0.972657 0.693751 0.026562 0.028125
0 0.564844 0.792188 0.054688 0.043751
0 0.489063 0.805469 0.031249 0.035937
0 0.317970 0.878905 0.051561 0.039063
0 0.643750 0.885938 0.031249 0.028125
0 0.617188 0.989062 0.028126 0.021876