0 0.046875 0.515626 0.018749 0.021874
0 0.024220 0.589844 0.023439 0.020313
0 0.075001 0.367187 0.012500 0.012499
0 0.117186 0.487501 0.024999 0.025001
0 0.153908 0.403126 0.014063 0.015626
0 0.175000 0.425000 0.021876 0.021874
0 0.193750 0.420313 0.021876 0.021874
0 0.279686 0.442187 0.015626 0.021874
0 0.297655 0.522656 0.023439 0.032812
0 0.196876 0.489843 0.018749 0.020313
0 0.207812 0.532031 0.021876 0.023437
0 0.213282 0.560156 0.010936 0.010938
0 0.204689 0.604688 0.021876 0.021874
0 0.063281 0.635156 0.017186 0.020313
0 0.080467 0.860937 0.017186 0.015626
0 0.075781 0.906251 0.014063 0.012499
0 0.177344 0.965625 0.017186 0.018750
0 0.210155 0.957813 0.029689 0.028125
0 0.216405 0.978905 0.020313 0.020313
0 0.199999 0.975000 0.018749 0.018750
0 0.469532 0.499218 0.014063 0.014062
0 0.495314 0.500000 0.021876 0.018750
0 0.531249 0.353125 0.028126 0.025001
0 0.577344 0.392188 0.020313 0.015626
0 0.587500 0.432812 0.012500 0.015626
0 0.590626 0.505469 0.015626 0.014062
0 0.644531 0.386719 0.010936 0.014062
0 0.679686 0.359375 0.015626 0.015626
0 0.732814 0.326563 0.015626 0.012499
0 0.764843 0.343750 0.017186 0.015626
0 0.662500 0.613281 0.018749 0.023437
0 0.679686 0.606249 0.015626 0.018750
0 0.692969 0.596095 0.020313 0.020313
0 0.737500 0.500782 0.018749 0.020313
0 0.771876 0.569531 0.021876 0.023437
0 0.585937 0.653905 0.015626 0.020313
0 0.457032 0.811719 0.020313 0.020313
0 0.474218 0.966406 0.017186 0.017187
0 0.491407 0.971094 0.020313 0.023437
0 0.515626 0.928125 0.012500 0.015626
0 0.585937 0.840626 0.028126 0.025001
0 0.594530 0.784376 0.023439 0.021874
0 0.588280 0.735938 0.020313 0.018750
0 0.728124 0.722657 0.018749 0.020313
0 0.594530 0.914844 0.017186 0.020313
0 0.969531 0.982031 0.042188 0.035939
0 0.899217 0.478126 0.023439 0.018750
0 0.953905 0.478905 0.023439 0.020313
0 0.954688 0.507812 0.021876 0.021874
0 0.890624 0.553907 0.015626 0.014062
0 0.857812 0.632813 0.021876 0.021874
0 0.865625 0.653124 0.012500 0.012499
0 0.918750 0.354688 0.015626 0.012499
0 0.931249 0.339844 0.018749 0.014062
0 0.939842 0.325000 0.020313 0.018750
0 0.595313 0.972657 0.009376 0.010938
0 0.639061 0.873438 0.012500 0.012499