0 0.169531 0.188280 0.042188 0.048438
0 0.257031 0.132031 0.048438 0.045312
0 0.287499 0.383594 0.024999 0.023437
0 0.332811 0.403907 0.024999 0.026562
0 0.345314 0.391406 0.012500 0.014062
0 0.660158 0.132031 0.026562 0.026562
0 0.574218 0.250781 0.029689 0.032812
0 0.724218 0.387500 0.026562 0.028125
0 0.670314 0.323438 0.015626 0.018750
0 0.677343 0.423436 0.020313 0.021874
0 0.007030 0.268749 0.014061 0.018750
0 0.095314 0.925782 0.021876 0.020313
0 0.106250 0.864063 0.021876 0.018750
0 0.107030 0.957812 0.026562 0.021874
0 0.317188 0.875780 0.018749 0.020313
0 0.308595 0.896093 0.023439 0.023437
0 0.311718 0.923437 0.020313 0.021874
0 0.323438 0.969532 0.018749 0.017187
0 0.382812 0.921876 0.021876 0.025001
0 0.484375 0.971093 0.024999 0.026562
0 0.690626 0.959376 0.024999 0.021874
0 0.624999 0.903905 0.024999 0.020313
0 0.862499 0.942968 0.021876 0.023437