0 0.103124 0.295312 0.028126 0.018750
0 0.365626 0.306250 0.031249 0.025001
0 0.162501 0.403124 0.024999 0.015626
0 0.754687 0.389061 0.024999 0.018750
0 0.796875 0.278125 0.021876 0.028125
0 0.902344 0.422656 0.042188 0.020313
0 0.967188 0.237501 0.024999 0.028125
0 0.983594 0.607812 0.029689 0.018750
0 0.917187 0.624999 0.018749 0.025001
0 0.963282 0.771875 0.023439 0.021874
0 0.988281 0.647657 0.017186 0.020313
0 0.846093 0.707031 0.014063 0.017187
0 0.846877 0.654687 0.015626 0.028125
0 0.671094 0.596874 0.023439 0.018750
0 0.321875 0.624220 0.021876 0.017187
0 0.344530 0.681249 0.020313 0.028125
0 0.275000 0.599219 0.021876 0.020313
0 0.224999 0.607812 0.012500 0.018750
0 0.013282 0.725000 0.026563 0.018750
0 0.041406 0.327345 0.026562 0.017187
0 0.741407 0.990625 0.020313 0.018751