0 0.588281 0.237500 0.023439 0.021874
0 0.620313 0.485156 0.034375 0.032812
0 0.622656 0.427345 0.026562 0.029688
0 0.230468 0.239843 0.020313 0.020313
0 0.232812 0.680469 0.037499 0.029688
0 0.516407 0.414843 0.026562 0.020313
0 0.063282 0.566406 0.029689 0.039063
0 0.033594 0.650781 0.067188 0.029688
0 0.033593 0.750782 0.029689 0.035937
0 0.100001 0.814061 0.021876 0.025001
0 0.245311 0.771095 0.021876 0.023437
0 0.319531 0.778125 0.020313 0.015626
0 0.356250 0.798438 0.018749 0.015626
0 0.196876 0.956249 0.028126 0.031249
0 0.361720 0.919531 0.026562 0.026562
0 0.674220 0.953907 0.020313 0.020313
0 0.788282 0.947656 0.026562 0.020313
0 0.230468 0.849219 0.014063 0.014062