0 0.108593 0.073438 0.045311 0.025001
0 0.013281 0.037499 0.026561 0.018750
0 0.198439 0.062500 0.021876 0.021874
0 0.215625 0.313282 0.024999 0.026562
0 0.317188 0.326562 0.021876 0.028125
0 0.360156 0.432811 0.026562 0.025001
0 0.694532 0.014063 0.029689 0.028125
0 0.528126 0.091406 0.028126 0.032812
0 0.453125 0.013282 0.028126 0.026563
0 0.438283 0.705470 0.026562 0.026562
0 0.475001 0.562500 0.021876 0.018750
0 0.697655 0.721093 0.020313 0.026562
0 0.684376 0.580468 0.024999 0.032812
0 0.694532 0.482813 0.042188 0.028125
0 0.910156 0.602343 0.020313 0.029688