0 0.934375 0.895312 0.040625 0.034376
0 0.983594 0.909375 0.032813 0.040624
0 0.371875 0.983594 0.031249 0.032812
0 0.401563 0.928906 0.024999 0.026562
0 0.249220 0.985156 0.023439 0.029688
0 0.915626 0.461718 0.028126 0.026562
0 0.851562 0.432812 0.031249 0.015626
0 0.645314 0.450001 0.034375 0.028125
0 0.725780 0.424219 0.017186 0.017187
0 0.755469 0.432030 0.020313 0.020313
0 0.726564 0.454688 0.015626 0.018750
0 0.753906 0.557032 0.029689 0.029688
0 0.755469 0.584375 0.026562 0.031249
0 0.789844 0.581251 0.017186 0.018750
0 0.810937 0.578124 0.018749 0.021874
0 0.827343 0.706249 0.042188 0.043751
0 0.933595 0.713282 0.039062 0.039063
0 0.723437 0.640625 0.031249 0.034376
0 0.770312 0.657032 0.024999 0.023437
0 0.770312 0.711719 0.024999 0.029688
0 0.655470 0.721094 0.029689 0.026562
0 0.602345 0.743749 0.026562 0.025001
0 0.578126 0.845313 0.031249 0.031249
0 0.607032 0.955468 0.039062 0.039063
0 0.722657 0.983593 0.026562 0.023437
0 0.762499 0.874220 0.024999 0.032812
0 0.748436 0.851562 0.031249 0.031249
0 0.707811 0.812501 0.028126 0.018750
0 0.420313 0.812501 0.024999 0.028125
0 0.363282 0.784376 0.035938 0.031249
0 0.345313 0.827345 0.015626 0.023437
0 0.492186 0.700780 0.024999 0.032812
0 0.432812 0.705468 0.028126 0.029688
0 0.386717 0.728126 0.017186 0.021874
0 0.438282 0.675782 0.020313 0.023437
0 0.520312 0.616406 0.021876 0.020313
0 0.589843 0.592968 0.020313 0.020313
0 0.626561 0.624999 0.021876 0.028125
0 0.613282 0.572657 0.017186 0.017187
0 0.596876 0.546875 0.018749 0.012499
0 0.282812 0.455468 0.037499 0.029688
0 0.292188 0.619532 0.037499 0.035937
0 0.332813 0.594531 0.024999 0.029688
0 0.255469 0.810156 0.023439 0.023437
0 0.246876 0.764844 0.015626 0.023437
0 0.372655 0.435938 0.017186 0.021874
0 0.253126 0.432812 0.015626 0.015626
0 0.439845 0.440626 0.023439 0.025001
0 0.467187 0.446093 0.018749 0.017187
0 0.496876 0.453125 0.018749 0.018750
0 0.992970 0.575781 0.014061 0.032812
0 0.967187 0.478126 0.012500 0.015626
0 0.938282 0.525782 0.014063 0.014062
0 0.789844 0.453125 0.014063 0.012499
0 0.710157 0.704689 0.023439 0.018750
0 0.855468 0.913281 0.017186 0.017187
0 0.509376 0.785155 0.012500 0.010938
0 0.538281 0.750000 0.010936 0.009375