0 0.921093 0.950781 0.020313 0.017187
0 0.752343 0.705468 0.017186 0.014062
0 0.542188 0.546094 0.021876 0.020313
0 0.464062 0.436718 0.018749 0.010938
0 0.136718 0.437500 0.029689 0.018750
0 0.333594 0.396094 0.023439 0.020313
0 0.110936 0.460155 0.028126 0.014062
0 0.228905 0.752343 0.029689 0.020313
0 0.342970 0.898437 0.020313 0.015626
0 0.225002 0.827343 0.015626 0.020313
0 0.126562 0.950781 0.012500 0.010938
0 0.054688 0.721875 0.018749 0.018750
0 0.124999 0.830469 0.021876 0.014062
0 0.010156 0.822655 0.020312 0.020313
0 0.497657 0.607812 0.017186 0.012499
0 0.554688 0.599219 0.012500 0.014062
0 0.547655 0.564843 0.014063 0.010938
0 0.203906 0.418750 0.014063 0.012499