0 0.925780 0.919532 0.023439 0.020313
0 0.622656 0.408593 0.014063 0.020313
0 0.892188 0.858594 0.021876 0.023437
0 0.964845 0.605470 0.023439 0.026562
0 0.824217 0.639062 0.035938 0.031249
0 0.794532 0.769532 0.017186 0.020313
0 0.771093 0.762500 0.014063 0.018750
0 0.779689 0.987501 0.037499 0.024999
0 0.874218 0.935157 0.014063 0.014062
0 0.521093 0.950781 0.020313 0.017187
0 0.678907 0.864843 0.014063 0.014062
0 0.675780 0.800781 0.020313 0.017187
0 0.352343 0.705468 0.017186 0.014062
0 0.142188 0.546094 0.021876 0.020313
0 0.064062 0.436718 0.018749 0.010938
0 0.832813 0.792188 0.018749 0.015626
0 0.097657 0.607812 0.017186 0.012499
0 0.154688 0.599219 0.012500 0.014062
0 0.147655 0.564843 0.014063 0.010938