0 0.942186 0.614845 0.034375 0.026562
0 0.525780 0.919532 0.023439 0.020313
0 0.814845 0.407032 0.023439 0.026562
0 0.222656 0.408593 0.014063 0.020313
0 0.492188 0.858594 0.021876 0.023437
0 0.611720 0.721094 0.010936 0.017187
0 0.689063 0.782813 0.012500 0.012499
0 0.675780 0.937500 0.010936 0.018750
0 0.564845 0.605470 0.023439 0.026562
0 0.424217 0.639062 0.035938 0.031249
0 0.394532 0.769532 0.017186 0.020313
0 0.371093 0.762500 0.014063 0.018750
0 0.379689 0.987501 0.037499 0.024999
0 0.474218 0.935157 0.014063 0.014062
0 0.121093 0.950781 0.020313 0.017187
0 0.278907 0.864843 0.014063 0.014062
0 0.275780 0.800781 0.020313 0.017187
0 0.432813 0.792188 0.018749 0.015626
0 0.630469 0.746095 0.017186 0.017187