0 0.936718 0.037500 0.029689 0.018750
0 0.910936 0.060155 0.028126 0.014062
0 0.391408 0.033594 0.017186 0.010938
0 0.353906 0.041405 0.017186 0.014062
0 0.349219 0.152344 0.020313 0.023437
0 0.617968 0.145312 0.017186 0.018750
0 0.967187 0.821094 0.024999 0.023437
0 0.671093 0.882031 0.014063 0.017187
0 0.697655 0.886719 0.014063 0.017187
0 0.926562 0.550781 0.012500 0.010938
0 0.738280 0.291406 0.014063 0.014062
0 0.854688 0.321875 0.018749 0.018750
0 0.924999 0.430469 0.021876 0.014062
0 0.632031 0.272656 0.017186 0.014062
0 0.646874 0.180469 0.018749 0.017187
0 0.435156 0.378907 0.023439 0.017187
0 0.279689 0.389843 0.015626 0.020313
0 0.279689 0.511720 0.021876 0.020313
0 0.810937 0.422655 0.018749 0.020313
0 0.681249 0.432030 0.015626 0.014062
0 0.646094 0.414062 0.014063 0.018750
0 0.867188 0.669531 0.015626 0.010938
0 0.586719 0.618750 0.014063 0.012499
0 0.639064 0.574218 0.015626 0.014062
0 0.628908 0.664062 0.017186 0.018750
0 0.767969 0.721094 0.014063 0.017187
0 0.717187 0.631250 0.012500 0.012499
0 0.098436 0.133594 0.018749 0.014062
0 0.020313 0.869532 0.018749 0.014062