0 0.942188 0.146094 0.021876 0.020313
0 0.864062 0.036718 0.018749 0.010938
0 0.536718 0.037500 0.029689 0.018750
0 0.510936 0.060155 0.028126 0.014062
0 0.217968 0.145312 0.017186 0.018750
0 0.628905 0.352343 0.029689 0.020313
0 0.857032 0.672655 0.023439 0.029688
0 0.813281 0.707813 0.017186 0.015626
0 0.782812 0.745313 0.024999 0.018750
0 0.713281 0.650781 0.014063 0.014062
0 0.742970 0.498437 0.020313 0.015626
0 0.625002 0.427343 0.015626 0.020313
0 0.676563 0.865624 0.012500 0.015626
0 0.567187 0.821094 0.024999 0.023437
0 0.271093 0.882031 0.014063 0.017187
0 0.297655 0.886719 0.014063 0.017187
0 0.526562 0.550781 0.012500 0.010938
0 0.338280 0.291406 0.014063 0.014062
0 0.454688 0.321875 0.018749 0.018750
0 0.524999 0.430469 0.021876 0.014062
0 0.232031 0.272656 0.017186 0.014062
0 0.246874 0.180469 0.018749 0.017187
0 0.035156 0.378907 0.023439 0.017187
0 0.410937 0.422655 0.018749 0.020313
0 0.281249 0.432030 0.015626 0.014062
0 0.246094 0.414062 0.014063 0.018750
0 0.467188 0.669531 0.015626 0.010938
0 0.186719 0.618750 0.014063 0.012499
0 0.239064 0.574218 0.015626 0.014062
0 0.228908 0.664062 0.017186 0.018750
0 0.367969 0.721094 0.014063 0.017187
0 0.317188 0.631250 0.012500 0.012499
0 0.681249 0.798438 0.018749 0.015626
0 0.897657 0.207812 0.017186 0.012499
0 0.954688 0.199219 0.012500 0.014062
0 0.947655 0.164843 0.014063 0.010938
0 0.603906 0.018750 0.014063 0.012499