0 0.679689 0.111720 0.021876 0.020313
0 0.986719 0.218750 0.014063 0.012499
0 0.060157 0.068751 0.017186 0.018750
0 0.582813 0.979687 0.031249 0.034376
0 0.396094 0.321875 0.032812 0.040624
0 0.083593 0.204688 0.026562 0.025001
0 0.153124 0.179687 0.024999 0.028125
0 0.013281 0.288281 0.026562 0.032812
0 0.085936 0.283594 0.040625 0.017187
0 0.206252 0.431251 0.034375 0.031249
0 0.289845 0.367968 0.026562 0.035937
0 0.310157 0.423437 0.035938 0.031249
0 0.131251 0.037499 0.018749 0.018750
0 0.144531 0.034375 0.020313 0.018750
0 0.287501 0.107032 0.018749 0.017187
0 0.420313 0.469532 0.018749 0.014062