0 0.950781 0.446875 0.023439 0.021874
0 0.692189 0.571876 0.028126 0.043751
0 0.960938 0.499219 0.021876 0.029688
0 0.910156 0.646094 0.029689 0.026562
0 0.900780 0.469530 0.029689 0.035937
0 0.313281 0.593750 0.032812 0.034376
0 0.550781 0.586718 0.023439 0.032812
0 0.625781 0.320312 0.026562 0.018750
0 0.879687 0.207031 0.024999 0.029688
0 0.385938 0.371093 0.043751 0.023437
0 0.207812 0.277343 0.034375 0.026562
0 0.236717 0.102343 0.026562 0.020313
0 0.346093 0.037500 0.035938 0.034376
0 0.535938 0.014063 0.034375 0.028126
0 0.497657 0.169531 0.029689 0.023437
0 0.414063 0.224218 0.031249 0.023437
0 0.111719 0.329687 0.029689 0.034376