0 0.683592 0.425000 0.032812 0.025001
0 0.509376 0.617187 0.031249 0.028125
0 0.989843 0.550780 0.020313 0.020313
0 0.946095 0.615626 0.029689 0.037500
0 0.723437 0.471093 0.024999 0.029688
0 0.439062 0.752345 0.043751 0.039063
0 0.394531 0.588280 0.026562 0.029688
0 0.578907 0.617969 0.032812 0.026562
0 0.609375 0.911719 0.021876 0.023437
0 0.393751 0.854688 0.024999 0.018750
0 0.318750 0.655468 0.028126 0.023437
0 0.326564 0.723438 0.021876 0.018750
0 0.261720 0.956249 0.023439 0.025001
0 0.329687 0.929688 0.031249 0.028125
0 0.323437 0.984375 0.024999 0.031250
0 0.320314 0.760938 0.031249 0.025001
0 0.246873 0.790624 0.028126 0.025001
0 0.250780 0.414843 0.023439 0.020313