0 0.909376 0.217187 0.031249 0.028125
0 0.839062 0.352345 0.043751 0.039063
0 0.794531 0.188280 0.026562 0.029688
0 0.978907 0.217969 0.032812 0.026562
0 0.928125 0.649220 0.037499 0.026562
0 0.945311 0.685156 0.034375 0.029688
0 0.793751 0.454688 0.024999 0.018750
0 0.718750 0.255468 0.028126 0.023437
0 0.726564 0.323438 0.021876 0.018750
0 0.661720 0.556249 0.023439 0.025001
0 0.729687 0.529688 0.031249 0.028125
0 0.676562 0.617968 0.024999 0.032812
0 0.723437 0.585156 0.024999 0.032812
0 0.459375 0.840625 0.031249 0.028125
0 0.720314 0.360938 0.031249 0.025001
0 0.646873 0.390624 0.028126 0.025001
0 0.325780 0.789063 0.029689 0.028125
0 0.121875 0.086719 0.021876 0.023437
0 0.383594 0.014063 0.023439 0.028127
0 0.650780 0.012500 0.023439 0.025000
0 0.087500 0.110938 0.021876 0.021874
0 0.083593 0.142969 0.020313 0.023437
0 0.092969 0.186719 0.029689 0.035937
0 0.046095 0.292968 0.020313 0.023437
0 0.107032 0.436720 0.026562 0.020313
0 0.175783 0.638282 0.020313 0.026562
0 0.139844 0.683593 0.017186 0.020313
0 0.135938 0.724999 0.021876 0.021874
0 0.124218 0.539844 0.001563 0.004687