0 0.283592 0.018750 0.032812 0.037500
0 0.109376 0.217187 0.031249 0.028125
0 0.592186 0.150780 0.024999 0.020313
0 0.546095 0.215626 0.029689 0.037500
0 0.323437 0.071093 0.024999 0.029688
0 0.030469 0.352345 0.060938 0.039063
0 0.178907 0.217969 0.032812 0.026562
0 0.209375 0.511719 0.021876 0.023437
0 0.128125 0.649220 0.037499 0.026562
0 0.145311 0.685156 0.034375 0.029688
0 0.274999 0.807813 0.021876 0.028125
0 0.840626 0.752345 0.043751 0.032812
0 0.318751 0.818751 0.024999 0.018750
0 0.952345 0.600782 0.023439 0.026562
0 0.907030 0.771095 0.020313 0.020313