0 0.445312 0.275780 0.021876 0.023437
0 0.839842 0.255469 0.029689 0.026562
0 0.952344 0.203125 0.017186 0.015626
0 0.978126 0.097656 0.021876 0.017187
0 0.900000 0.163280 0.015626 0.017187
0 0.964064 0.282813 0.024999 0.015626
0 0.957031 0.257030 0.020313 0.017187
0 0.684375 0.303126 0.028126 0.015626
0 0.668749 0.348437 0.028126 0.018750
0 0.277345 0.199219 0.023439 0.020313
0 0.203125 0.247655 0.021876 0.020313
0 0.249220 0.275780 0.017186 0.017187
0 0.432812 0.225781 0.018749 0.023437
0 0.590626 0.337499 0.015626 0.018750
0 0.579686 0.227344 0.015626 0.010938
0 0.964844 0.156250 0.020313 0.018750
0 0.333593 0.896094 0.023439 0.017187
0 0.980470 0.961719 0.017186 0.017187
0 0.936718 0.963282 0.017186 0.014062
0 0.604688 0.867969 0.034375 0.020313
0 0.307814 0.958595 0.018749 0.017187
0 0.271876 0.975000 0.034375 0.021874
0 0.247657 0.916407 0.026562 0.017187