0 0.759376 0.484374 0.031249 0.018750
0 0.718751 0.557813 0.018749 0.018750
0 0.746876 0.535937 0.012500 0.018750
0 0.146874 0.936718 0.031249 0.020313
0 0.036719 0.975781 0.026562 0.017187
0 0.005469 0.876562 0.010938 0.018750
0 0.114842 0.862500 0.029689 0.018750
0 0.069531 0.832812 0.026562 0.018750
0 0.118749 0.821876 0.024999 0.021874
0 0.082030 0.799999 0.017186 0.015626
0 0.009375 0.771093 0.018750 0.020313
0 0.044532 0.700780 0.023439 0.017187
0 0.154687 0.724999 0.034375 0.021874
0 0.114062 0.735938 0.018749 0.012499
0 0.356249 0.700780 0.018749 0.014062
0 0.385938 0.657814 0.018749 0.012499
0 0.329687 0.760938 0.018749 0.025001
0 0.225781 0.717969 0.029689 0.029688
0 0.052345 0.607031 0.026562 0.017187
0 0.078907 0.656250 0.020313 0.012499
0 0.157030 0.617969 0.023439 0.017187
0 0.132812 0.630468 0.009376 0.010938
0 0.296875 0.685157 0.012500 0.020313
0 0.246094 0.655469 0.020313 0.010938
0 0.193749 0.693750 0.018749 0.012499
0 0.190626 0.637500 0.021876 0.018750
0 0.389844 0.744531 0.023439 0.017187
0 0.431249 0.757030 0.018749 0.014062
0 0.442969 0.782031 0.017186 0.020313
0 0.397657 0.785937 0.010936 0.012499
0 0.435156 0.814062 0.026562 0.021874
0 0.342969 0.794530 0.026562 0.014062
0 0.226561 0.817970 0.018749 0.014062
0 0.301561 0.805468 0.018749 0.014062
0 0.318750 0.831251 0.015626 0.015626
0 0.335937 0.854688 0.015626 0.009375
0 0.251563 0.883595 0.021876 0.017187
0 0.242970 0.914844 0.017186 0.014062
0 0.491407 0.871093 0.017186 0.010938
0 0.454688 0.892970 0.015626 0.017187
0 0.478907 0.907032 0.014063 0.020313
0 0.229687 0.971094 0.021876 0.020313
0 0.262499 0.975781 0.012500 0.017187
0 0.297655 0.885156 0.014063 0.010938
0 0.332030 0.892188 0.010936 0.012499
0 0.352343 0.914062 0.017186 0.015626
0 0.415627 0.873438 0.021876 0.015626
0 0.580470 0.561719 0.017186 0.017187
0 0.536718 0.563282 0.017186 0.014062
0 0.663280 0.558595 0.026562 0.017187
0 0.613282 0.656250 0.014063 0.015626
0 0.766405 0.596874 0.020313 0.018750
0 0.785938 0.539845 0.018749 0.010938
0 0.718751 0.663280 0.018749 0.020313
0 0.689845 0.687500 0.020313 0.021874
0 0.622655 0.693750 0.032812 0.025001
0 0.753126 0.730469 0.021876 0.023437
0 0.801564 0.696874 0.015626 0.012499
0 0.674219 0.599219 0.020313 0.017187
0 0.204688 0.467969 0.034375 0.020313
0 0.975000 0.587499 0.015626 0.025001
0 0.981250 0.704689 0.024999 0.021874