0 0.387501 0.501563 0.034375 0.031249
0 0.004688 0.696874 0.009377 0.012499
0 0.264063 0.539845 0.024999 0.020313
0 0.223438 0.569531 0.018749 0.023437
0 0.175000 0.587499 0.015626 0.025001
0 0.219532 0.647657 0.023439 0.023437
0 0.181250 0.704689 0.024999 0.021874
0 0.949219 0.493749 0.026562 0.021874
0 0.975001 0.555468 0.021876 0.014062
0 0.883594 0.759375 0.023439 0.021874
0 0.624218 0.692969 0.057811 0.048438
0 0.567187 0.753906 0.028126 0.029688
0 0.536719 0.779688 0.029689 0.028125
0 0.792188 0.789063 0.021876 0.025001
0 0.748437 0.797657 0.021876 0.017187
0 0.739064 0.819531 0.015626 0.014062
0 0.718751 0.819531 0.009376 0.014062
0 0.687499 0.826563 0.018749 0.015626
0 0.430470 0.825000 0.035938 0.031249
0 0.498437 0.641406 0.040625 0.026562
0 0.350000 0.741407 0.028126 0.023437
0 0.798438 0.927343 0.024999 0.029688
0 0.779689 0.870312 0.031249 0.021874
0 0.865625 0.975000 0.021876 0.025001
0 0.904687 0.978905 0.024999 0.032812
0 0.732814 0.932812 0.024999 0.015626
0 0.645311 0.896094 0.037499 0.023437
0 0.628125 0.937500 0.028126 0.028125
0 0.367969 0.965625 0.029689 0.025001
0 0.351563 0.891406 0.028126 0.017187
0 0.442186 0.904687 0.031249 0.028125
0 0.468751 0.860157 0.021876 0.017187
0 0.621095 0.865624 0.023439 0.021874
0 0.724218 0.741407 0.017186 0.020313
0 0.787499 0.677343 0.024999 0.017187
0 0.817187 0.676564 0.018749 0.021874
0 0.564061 0.942969 0.015626 0.023437