0 0.549219 0.493749 0.026562 0.021874
0 0.601563 0.516407 0.028126 0.017187
0 0.650001 0.496094 0.018749 0.020313
0 0.575001 0.555468 0.021876 0.014062
0 0.852343 0.534376 0.017186 0.025001
0 0.723438 0.535937 0.018749 0.018750
0 0.770313 0.565625 0.018749 0.025001
0 0.694532 0.689063 0.035938 0.037500
0 0.810938 0.710937 0.031249 0.021874
0 0.665624 0.628125 0.021876 0.021874
0 0.483594 0.759375 0.023439 0.021874
0 0.224218 0.692969 0.057811 0.048438
0 0.167187 0.753906 0.028126 0.029688
0 0.136719 0.779688 0.029689 0.028125
0 0.392188 0.789063 0.021876 0.025001
0 0.348437 0.797657 0.021876 0.017187
0 0.339064 0.819531 0.015626 0.014062
0 0.318751 0.819531 0.009376 0.014062
0 0.287499 0.826563 0.018749 0.015626
0 0.024219 0.825000 0.048439 0.031249
0 0.098437 0.641406 0.040625 0.026562
0 0.398438 0.927343 0.024999 0.029688
0 0.379689 0.870312 0.031249 0.021874
0 0.465625 0.975000 0.021876 0.025001
0 0.504687 0.978905 0.024999 0.032812
0 0.332814 0.932812 0.024999 0.015626
0 0.245311 0.896094 0.037499 0.023437
0 0.228125 0.937500 0.028126 0.028125
0 0.042186 0.904687 0.031249 0.028125
0 0.068751 0.860157 0.021876 0.017187
0 0.221095 0.865624 0.023439 0.021874
0 0.324218 0.741407 0.017186 0.020313
0 0.387499 0.677343 0.024999 0.017187
0 0.417187 0.676564 0.018749 0.021874
0 0.611719 0.587499 0.026562 0.015626
0 0.693749 0.593750 0.031249 0.028125
0 0.164061 0.942969 0.015626 0.023437
0 0.809374 0.610157 0.018749 0.023437