0 0.149219 0.493749 0.026562 0.021874
0 0.201563 0.516407 0.028126 0.017187
0 0.250001 0.496094 0.018749 0.020313
0 0.175001 0.555468 0.021876 0.014062
0 0.452343 0.534376 0.017186 0.025001
0 0.323438 0.535937 0.018749 0.018750
0 0.370313 0.565625 0.018749 0.025001
0 0.294533 0.689063 0.035938 0.037500
0 0.410938 0.710937 0.031249 0.021874
0 0.265624 0.628125 0.021876 0.021874
0 0.083594 0.759375 0.023439 0.021874
0 0.065625 0.975000 0.021876 0.025001
0 0.104687 0.978905 0.024999 0.032812
0 0.013281 0.676564 0.026562 0.021874
0 0.211719 0.587499 0.026562 0.015626
0 0.293749 0.593750 0.031249 0.028125
0 0.409374 0.610157 0.018749 0.023437
0 0.625782 0.528125 0.023439 0.031249
0 0.748437 0.450780 0.031249 0.020313
0 0.704689 0.543751 0.018749 0.021874
0 0.657811 0.644530 0.018749 0.026562
0 0.621092 0.718751 0.020313 0.025001
0 0.653908 0.742188 0.026562 0.021874
0 0.733595 0.564843 0.014063 0.020313
0 0.872655 0.487501 0.020313 0.018750
0 0.907814 0.494531 0.021876 0.020313
0 0.926563 0.647657 0.021876 0.017187
0 0.836720 0.805468 0.026562 0.023437
0 0.908594 0.817970 0.014063 0.023437
0 0.961719 0.853125 0.042188 0.021874
0 0.882032 0.742968 0.014063 0.017187