0 0.333593 0.096094 0.023439 0.017187
0 0.170313 0.237500 0.028126 0.025001
0 0.196875 0.700001 0.024999 0.025001
0 0.239064 0.793751 0.028126 0.040624
0 0.273439 0.801562 0.015626 0.015626
0 0.342186 0.850000 0.021876 0.012499
0 0.299218 0.907032 0.029689 0.029688
0 0.546874 0.536718 0.031249 0.020313
0 0.291405 0.528906 0.010936 0.020313
0 0.292968 0.488282 0.020313 0.020313
0 0.351562 0.476562 0.021876 0.015626
0 0.436719 0.575781 0.026562 0.017187
0 0.366405 0.536718 0.023439 0.023437
0 0.400000 0.476562 0.021876 0.018750
0 0.514842 0.462500 0.029689 0.018750
0 0.469531 0.432812 0.026562 0.018750
0 0.518749 0.421876 0.024999 0.021874
0 0.482030 0.399999 0.017186 0.015626
0 0.406250 0.371093 0.024999 0.020313
0 0.314844 0.390624 0.017186 0.031249
0 0.444532 0.300780 0.023439 0.017187
0 0.554687 0.324999 0.034375 0.021874
0 0.514062 0.335938 0.018749 0.012499
0 0.756249 0.300780 0.018749 0.014062
0 0.785938 0.257814 0.018749 0.012499
0 0.729687 0.360938 0.018749 0.025001
0 0.625781 0.317969 0.029689 0.029688
0 0.452345 0.207031 0.026562 0.017187
0 0.478907 0.256250 0.020313 0.012499
0 0.557030 0.217969 0.023439 0.017187
0 0.532811 0.230468 0.009376 0.010938
0 0.382811 0.319530 0.021876 0.014062
0 0.696875 0.285157 0.012500 0.020313
0 0.646093 0.255469 0.020313 0.010938
0 0.593749 0.293750 0.018749 0.012499
0 0.590626 0.237500 0.021876 0.018750
0 0.789844 0.344531 0.023439 0.017187
0 0.831249 0.357030 0.018749 0.014062
0 0.842969 0.382031 0.017186 0.020313
0 0.797657 0.385937 0.010936 0.012499
0 0.835156 0.414062 0.026562 0.021874
0 0.742969 0.394530 0.026562 0.014062
0 0.626561 0.417970 0.018749 0.014062
0 0.701561 0.405468 0.018749 0.014062
0 0.718750 0.431251 0.015626 0.015626
0 0.735936 0.454688 0.015626 0.009375
0 0.651563 0.483595 0.021876 0.017187
0 0.642970 0.514844 0.017186 0.014062
0 0.891407 0.471093 0.017186 0.010938
0 0.854688 0.492970 0.015626 0.017187
0 0.878907 0.507032 0.014063 0.020313
0 0.629687 0.571094 0.021876 0.020313
0 0.662500 0.575781 0.012500 0.017187
0 0.697655 0.485156 0.014063 0.010938
0 0.732030 0.492188 0.010936 0.012499
0 0.752343 0.514062 0.017186 0.015626
0 0.815627 0.473438 0.021876 0.015626
0 0.591406 0.638282 0.017186 0.014062
0 0.402344 0.729687 0.020313 0.012499
0 0.376561 0.625001 0.018749 0.015626
0 0.389064 0.592189 0.015626 0.015626
0 0.423436 0.611718 0.018749 0.017187
0 0.563280 0.664843 0.023439 0.014062
0 0.478907 0.733595 0.017186 0.020313
0 0.632031 0.696874 0.014063 0.018750
0 0.608595 0.717187 0.017186 0.018750
0 0.626561 0.797656 0.021876 0.017187
0 0.792188 0.718751 0.024999 0.015626
0 0.980470 0.161719 0.017186 0.017187
0 0.936718 0.163282 0.017186 0.014062
0 0.604688 0.067969 0.034375 0.020313
0 0.307814 0.158595 0.018749 0.017187
0 0.271876 0.175000 0.034375 0.021874
0 0.247657 0.116407 0.026562 0.017187
0 0.910156 0.796875 0.020313 0.021874
0 0.897657 0.847655 0.029689 0.032812
0 0.985157 0.857030 0.029686 0.026562
0 0.978907 0.633594 0.020313 0.017187
0 0.969530 0.743749 0.017186 0.018750