0 0.387501 0.101563 0.034375 0.031249
0 0.004688 0.296874 0.009377 0.012499
0 0.264063 0.139845 0.024999 0.020313
0 0.223438 0.169531 0.018749 0.023437
0 0.175000 0.187499 0.015626 0.025001
0 0.219532 0.247657 0.023439 0.023437
0 0.181250 0.304689 0.024999 0.021874
0 0.949219 0.093749 0.026562 0.021874
0 0.975001 0.155468 0.021876 0.014062
0 0.883594 0.359375 0.023439 0.021874
0 0.624218 0.292969 0.057811 0.048438
0 0.567187 0.353906 0.028126 0.029688
0 0.536719 0.379688 0.029689 0.028125
0 0.792188 0.389063 0.021876 0.025001
0 0.748437 0.397657 0.021876 0.017187
0 0.739064 0.419531 0.015626 0.014062
0 0.718751 0.419531 0.009376 0.014062
0 0.687499 0.426563 0.018749 0.015626
0 0.430470 0.425000 0.035938 0.031249
0 0.498437 0.241406 0.040625 0.026562
0 0.350000 0.341407 0.028126 0.023437
0 0.798438 0.527343 0.024999 0.029688
0 0.779689 0.470312 0.031249 0.021874
0 0.865625 0.575000 0.021876 0.025001
0 0.904687 0.578905 0.024999 0.032812
0 0.853126 0.621093 0.028126 0.014062
0 0.858592 0.651563 0.023439 0.015626
0 0.817187 0.688281 0.021876 0.017187
0 0.832030 0.722657 0.017186 0.014062
0 0.734374 0.712500 0.021876 0.018750
0 0.746873 0.750782 0.021876 0.020313
0 0.720311 0.649218 0.018749 0.020313
0 0.732814 0.532812 0.024999 0.015626
0 0.695312 0.632813 0.015626 0.018750
0 0.645311 0.496094 0.037499 0.023437
0 0.628125 0.537500 0.028126 0.028125
0 0.607812 0.600000 0.018749 0.018750
0 0.639061 0.629689 0.018749 0.018750
0 0.624218 0.651563 0.017186 0.018750
0 0.665624 0.655468 0.018749 0.023437
0 0.626562 0.724999 0.018749 0.018750
0 0.617969 0.699219 0.017186 0.017187
0 0.656251 0.688281 0.015626 0.020313
0 0.414064 0.640624 0.021876 0.021874
0 0.367969 0.565625 0.029689 0.025001
0 0.351563 0.491406 0.028126 0.017187
0 0.442186 0.504687 0.031249 0.028125
0 0.468751 0.460157 0.021876 0.017187
0 0.621095 0.465624 0.023439 0.021874
0 0.724218 0.341407 0.017186 0.020313
0 0.787499 0.277343 0.024999 0.017187
0 0.817187 0.276564 0.018749 0.021874
0 0.564061 0.542969 0.015626 0.023437
0 0.984374 0.734374 0.024999 0.021874
0 0.236718 0.795311 0.029689 0.034376
0 0.560938 0.738282 0.015626 0.020313
0 0.593750 0.771874 0.024999 0.021874
0 0.207032 0.839062 0.017186 0.018750
0 0.404687 0.742970 0.028126 0.023437
0 0.236718 0.865626 0.020313 0.021874