0 0.549219 0.093749 0.026562 0.021874
0 0.601563 0.116407 0.028126 0.017187
0 0.650001 0.096094 0.018749 0.020313
0 0.575001 0.155468 0.021876 0.014062
0 0.852343 0.134376 0.017186 0.025001
0 0.723438 0.135937 0.018749 0.018750
0 0.770313 0.165625 0.018749 0.025001
0 0.694532 0.289063 0.035938 0.037500
0 0.810938 0.310937 0.031249 0.021874
0 0.665624 0.228125 0.021876 0.021874
0 0.483594 0.359375 0.023439 0.021874
0 0.224218 0.292969 0.057811 0.048438
0 0.167187 0.353906 0.028126 0.029688
0 0.136719 0.379688 0.029689 0.028125
0 0.392188 0.389063 0.021876 0.025001
0 0.348437 0.397657 0.021876 0.017187
0 0.339064 0.419531 0.015626 0.014062
0 0.318751 0.419531 0.009376 0.014062
0 0.287499 0.426563 0.018749 0.015626
0 0.731251 0.698438 0.040625 0.037500
0 0.024219 0.425000 0.048439 0.031249
0 0.098437 0.241406 0.040625 0.026562
0 0.398438 0.527343 0.024999 0.029688
0 0.379689 0.470312 0.031249 0.021874
0 0.465625 0.575000 0.021876 0.025001
0 0.504687 0.578905 0.024999 0.032812
0 0.453126 0.621093 0.028126 0.014062
0 0.458592 0.651563 0.023439 0.015626
0 0.417187 0.688281 0.021876 0.017187
0 0.432030 0.722657 0.017186 0.014062
0 0.334374 0.712500 0.021876 0.018750
0 0.346873 0.750782 0.021876 0.020313
0 0.320311 0.649218 0.018749 0.020313
0 0.332814 0.532812 0.024999 0.015626
0 0.295312 0.632813 0.015626 0.018750
0 0.245311 0.496094 0.037499 0.023437
0 0.228125 0.537500 0.028126 0.028125
0 0.207813 0.600000 0.018749 0.018750
0 0.239061 0.629689 0.018749 0.018750
0 0.224218 0.651563 0.017186 0.018750
0 0.265624 0.655468 0.018749 0.023437
0 0.226562 0.724999 0.018749 0.018750
0 0.217969 0.699219 0.017186 0.017187
0 0.256251 0.688281 0.015626 0.020313
0 0.012501 0.640624 0.025002 0.021874
0 0.042186 0.504687 0.031249 0.028125
0 0.068751 0.460157 0.021876 0.017187
0 0.221095 0.465624 0.023439 0.021874
0 0.324218 0.341407 0.017186 0.020313
0 0.387499 0.277343 0.024999 0.017187
0 0.417187 0.276564 0.018749 0.021874
0 0.611719 0.187499 0.026562 0.015626
0 0.693749 0.193750 0.031249 0.028125
0 0.164061 0.542969 0.015626 0.023437
0 0.584374 0.734374 0.024999 0.021874
0 0.160938 0.738282 0.015626 0.020313
0 0.193750 0.771874 0.024999 0.021874
0 0.009375 0.742970 0.018750 0.023437
0 0.809374 0.210157 0.018749 0.023437
0 0.857812 0.733595 0.015626 0.014062
0 0.842970 0.762499 0.017186 0.015626
0 0.812501 0.768750 0.018749 0.018750
0 0.823437 0.821875 0.015626 0.018750
0 0.780469 0.822657 0.014063 0.014062
0 0.779689 0.917189 0.012500 0.015626
0 0.805468 0.905469 0.017186 0.017187