0 0.149219 0.093749 0.026562 0.021874
0 0.201563 0.116407 0.028126 0.017187
0 0.250001 0.096094 0.018749 0.020313
0 0.175001 0.155468 0.021876 0.014062
0 0.452343 0.134376 0.017186 0.025001
0 0.323438 0.135937 0.018749 0.018750
0 0.370313 0.165625 0.018749 0.025001
0 0.294533 0.289063 0.035938 0.037500
0 0.410938 0.310937 0.031249 0.021874
0 0.265624 0.228125 0.021876 0.021874
0 0.083594 0.359375 0.023439 0.021874
0 0.331251 0.698438 0.040625 0.037500
0 0.065625 0.575000 0.021876 0.025001
0 0.104687 0.578905 0.024999 0.032812
0 0.053126 0.621093 0.028126 0.014062
0 0.058592 0.651563 0.023439 0.015626
0 0.014063 0.688281 0.028125 0.017187
0 0.032030 0.722657 0.017186 0.014062
0 0.013281 0.276564 0.026562 0.021874
0 0.211719 0.187499 0.026562 0.015626
0 0.293749 0.193750 0.031249 0.028125
0 0.184374 0.734374 0.024999 0.021874
0 0.409374 0.210157 0.018749 0.023437
0 0.625782 0.128125 0.023439 0.031249
0 0.748437 0.050780 0.031249 0.020313
0 0.704689 0.143751 0.018749 0.021874
0 0.657811 0.244530 0.018749 0.026562
0 0.621092 0.318751 0.020313 0.025001
0 0.653908 0.342188 0.026562 0.021874
0 0.733595 0.164843 0.014063 0.020313
0 0.872655 0.087501 0.020313 0.018750
0 0.907814 0.094531 0.021876 0.020313
0 0.926563 0.247657 0.021876 0.017187
0 0.836720 0.405468 0.026562 0.023437
0 0.908594 0.417970 0.014063 0.023437
0 0.961719 0.453125 0.042188 0.021874
0 0.882032 0.342968 0.014063 0.017187
0 0.952342 0.667188 0.029689 0.028125
0 0.667187 0.695313 0.018749 0.015626
0 0.632032 0.770313 0.020313 0.021874
0 0.706249 0.822657 0.024999 0.014062
0 0.905467 0.941405 0.017186 0.017187
0 0.853906 0.907814 0.023439 0.021874
0 0.687500 0.925782 0.024999 0.020313
0 0.957812 0.825781 0.031249 0.026562
0 0.771876 0.927343 0.024999 0.017187
0 0.457813 0.733595 0.015626 0.014062
0 0.442970 0.762499 0.017186 0.015626
0 0.412501 0.768750 0.018749 0.018750
0 0.423437 0.821875 0.015626 0.018750
0 0.380469 0.822657 0.014063 0.014062
0 0.379689 0.917189 0.012500 0.015626
0 0.405468 0.905469 0.017186 0.017187