0 0.146874 0.136718 0.031249 0.020313
0 0.036719 0.175781 0.026562 0.017187
0 0.005469 0.076562 0.010938 0.018750
0 0.114842 0.062500 0.029689 0.018750
0 0.069531 0.032812 0.026562 0.018750
0 0.118749 0.021876 0.024999 0.021874
0 0.435156 0.012499 0.026562 0.024999
0 0.226561 0.017970 0.018749 0.014062
0 0.301561 0.006250 0.018749 0.012500
0 0.318750 0.031251 0.015626 0.015626
0 0.335937 0.054688 0.015626 0.009375
0 0.251563 0.083595 0.021876 0.017187
0 0.242970 0.114844 0.017186 0.014062
0 0.491407 0.071093 0.017186 0.010938
0 0.454688 0.092970 0.015626 0.017187
0 0.478907 0.107032 0.014063 0.020313
0 0.229687 0.171094 0.021876 0.020313
0 0.262499 0.175781 0.012500 0.017187
0 0.297655 0.085156 0.014063 0.010938
0 0.332030 0.092188 0.010936 0.012499
0 0.352343 0.114062 0.017186 0.015626
0 0.415627 0.073438 0.021876 0.015626
0 0.191406 0.238282 0.017186 0.014062
0 0.006250 0.329687 0.012500 0.012499
0 0.023436 0.211718 0.018749 0.017187
0 0.163280 0.264843 0.023439 0.014062
0 0.078907 0.333595 0.017186 0.020313
0 0.232031 0.296874 0.014063 0.018750
0 0.208595 0.317187 0.017186 0.018750
0 0.226561 0.397656 0.021876 0.017187
0 0.392188 0.318751 0.024999 0.015626
0 0.014063 0.994531 0.028126 0.010937
0 0.200782 0.989843 0.014063 0.010938
0 0.744530 0.408595 0.020313 0.026562
0 0.651563 0.335937 0.024999 0.012499
0 0.510156 0.396875 0.020313 0.021874
0 0.497657 0.447655 0.029689 0.032812
0 0.590626 0.457030 0.040625 0.026562
0 0.628908 0.406250 0.023439 0.028125
0 0.689062 0.387500 0.021876 0.015626
0 0.660937 0.359375 0.018749 0.015626
0 0.710938 0.300001 0.018749 0.018750
0 0.671093 0.289063 0.020313 0.018750
0 0.162500 0.995312 0.018749 0.009375
0 0.728124 0.417188 0.021876 0.021874
0 0.681249 0.268749 0.021876 0.018750
0 0.713281 0.246094 0.020313 0.014062
0 0.753126 0.268749 0.015626 0.018750
0 0.792968 0.367968 0.014063 0.014062
0 0.578907 0.233594 0.020313 0.017187
0 0.569530 0.343749 0.017186 0.018750