0 0.739064 0.019531 0.015626 0.014062
0 0.718751 0.019531 0.009376 0.014062
0 0.687499 0.026563 0.018749 0.015626
0 0.430470 0.020312 0.035938 0.040625
0 0.798438 0.127343 0.024999 0.029688
0 0.779689 0.070312 0.031249 0.021874
0 0.865625 0.175000 0.021876 0.025001
0 0.904687 0.178905 0.024999 0.032812
0 0.853126 0.221093 0.028126 0.014062
0 0.858592 0.251563 0.023439 0.015626
0 0.817187 0.288281 0.021876 0.017187
0 0.832030 0.322657 0.017186 0.014062
0 0.734374 0.312500 0.021876 0.018750
0 0.746873 0.350782 0.021876 0.020313
0 0.720311 0.249218 0.018749 0.020313
0 0.732814 0.132812 0.024999 0.015626
0 0.695312 0.232813 0.015626 0.018750
0 0.645311 0.096094 0.037499 0.023437
0 0.628125 0.137500 0.028126 0.028125
0 0.607812 0.200000 0.018749 0.018750
0 0.639061 0.229689 0.018749 0.018750
0 0.624218 0.251563 0.017186 0.018750
0 0.665624 0.255468 0.018749 0.023437
0 0.626562 0.324999 0.018749 0.018750
0 0.617969 0.299219 0.017186 0.017187
0 0.656251 0.288281 0.015626 0.020313
0 0.414064 0.240624 0.021876 0.021874
0 0.367969 0.165625 0.029689 0.025001
0 0.351563 0.091406 0.028126 0.017187
0 0.442186 0.104687 0.031249 0.028125
0 0.468751 0.060157 0.021876 0.017187
0 0.621095 0.065624 0.023439 0.021874
0 0.564061 0.142969 0.015626 0.023437
0 0.984374 0.334374 0.024999 0.021874
0 0.236718 0.395311 0.029689 0.034376
0 0.560938 0.338282 0.015626 0.020313
0 0.593750 0.371874 0.024999 0.021874
0 0.207032 0.439062 0.017186 0.018750
0 0.404687 0.342970 0.028126 0.023437
0 0.737500 0.992188 0.024999 0.015625
0 0.861719 0.992969 0.020313 0.014063
0 0.236718 0.465626 0.020313 0.021874