0 0.331251 0.298438 0.040625 0.037500
0 0.065625 0.175000 0.021876 0.025001
0 0.104687 0.178905 0.024999 0.032812
0 0.053126 0.221093 0.028126 0.014062
0 0.058592 0.251563 0.023439 0.015626
0 0.014063 0.288281 0.028125 0.017187
0 0.032030 0.322657 0.017186 0.014062
0 0.184374 0.334374 0.024999 0.021874
0 0.836720 0.008594 0.026562 0.017187
0 0.908594 0.014844 0.014063 0.029689
0 0.961719 0.053125 0.042188 0.021874
0 0.952342 0.267188 0.029689 0.028125
0 0.667187 0.295313 0.018749 0.015626
0 0.632032 0.370313 0.020313 0.021874
0 0.706249 0.422657 0.024999 0.014062
0 0.905467 0.541405 0.017186 0.017187
0 0.853906 0.507814 0.023439 0.021874
0 0.687500 0.525782 0.024999 0.020313
0 0.957812 0.425781 0.031249 0.026562
0 0.771876 0.527343 0.024999 0.017187
0 0.061719 0.992969 0.020313 0.014063
0 0.457813 0.333595 0.015626 0.014062
0 0.442970 0.362499 0.017186 0.015626
0 0.412501 0.368750 0.018749 0.018750
0 0.423437 0.421875 0.015626 0.018750
0 0.380469 0.422657 0.014063 0.014062
0 0.379689 0.517189 0.012500 0.015626
0 0.405468 0.505469 0.017186 0.017187