0 0.928126 0.888280 0.059374 0.064062
0 0.772655 0.635156 0.064064 0.054687
0 0.841406 0.930470 0.023439 0.026562
0 0.947655 0.937500 0.020313 0.021874
0 0.982814 0.948438 0.018749 0.025001
0 0.658593 0.932031 0.023439 0.029688
0 0.374999 0.719531 0.031249 0.045312
0 0.378125 0.776562 0.024999 0.043751
0 0.316407 0.799218 0.026562 0.029688
0 0.210938 0.607812 0.031249 0.028125
0 0.257813 0.565625 0.031249 0.028125
0 0.099220 0.539843 0.051561 0.064062
0 0.017187 0.785937 0.034374 0.046875
0 0.075001 0.914062 0.056251 0.096874
0 0.087500 0.975000 0.028126 0.034376
0 0.142188 0.932812 0.031249 0.043751
0 0.782032 0.141406 0.029689 0.026562
0 0.583593 0.193750 0.042188 0.031249
0 0.478124 0.344532 0.021876 0.039063
0 0.393751 0.195314 0.028126 0.025001
0 0.443749 0.181251 0.024999 0.025001
0 0.210938 0.195314 0.034375 0.021874