0 0.683593 0.273437 0.048438 0.046875
0 0.754687 0.288281 0.034375 0.039063
0 0.793751 0.260156 0.024999 0.029688
0 0.876561 0.207812 0.043751 0.059374
0 0.828123 0.175000 0.028126 0.040624
0 0.755470 0.145312 0.029689 0.028125
0 0.683593 0.139845 0.026562 0.023437
0 0.484374 0.546093 0.046875 0.048438
0 0.595313 0.596094 0.046875 0.048438
0 0.310938 0.845313 0.037499 0.040624
0 0.335937 0.813282 0.031249 0.032812
0 0.424220 0.778125 0.026562 0.031249
0 0.368749 0.702343 0.024999 0.023437
0 0.520313 0.360157 0.040625 0.039063
0 0.512500 0.387500 0.031249 0.021874
0 0.471095 0.353124 0.023439 0.031249
0 0.443749 0.342968 0.024999 0.035937
0 0.403124 0.418749 0.031249 0.028125
0 0.274220 0.528125 0.026562 0.037500
0 0.277343 0.687499 0.020313 0.021874
0 0.564061 0.858594 0.028126 0.026562
0 0.668750 0.796093 0.031249 0.026562
0 0.652344 0.751563 0.039062 0.037500
0 0.662500 0.678906 0.024999 0.026562
0 0.631252 0.714063 0.015626 0.018750
0 0.728908 0.722657 0.020313 0.020313
0 0.763283 0.709376 0.020313 0.018750
0 0.817967 0.675782 0.029689 0.032812
0 0.835937 0.738282 0.021876 0.026562
0 0.880468 0.730468 0.023439 0.023437
0 0.928126 0.869532 0.028126 0.032812
0 0.981251 0.871875 0.031249 0.028125
0 0.950782 0.914844 0.051561 0.023437
0 0.885158 0.907814 0.020313 0.018750
0 0.867968 0.890625 0.029689 0.028125
0 0.805468 0.882813 0.029689 0.025001
0 0.925000 0.563282 0.037499 0.045312
0 0.889061 0.496094 0.024999 0.026562
0 0.888281 0.446874 0.032812 0.037500
0 0.931249 0.455470 0.024999 0.029688
0 0.820314 0.368750 0.037499 0.031249
0 0.949219 0.303125 0.029689 0.031249
0 0.457812 0.133594 0.043751 0.039063
0 0.532032 0.028125 0.035938 0.056249
0 0.288282 0.338280 0.020313 0.023437
0 0.317188 0.356251 0.028126 0.037500
0 0.318751 0.289844 0.018749 0.023437
0 0.355469 0.234374 0.023439 0.021874
0 0.287499 0.239843 0.018749 0.023437
0 0.401561 0.153907 0.031249 0.026562
0 0.884374 0.044532 0.034375 0.039063
0 0.825780 0.057031 0.035938 0.026562
0 0.975781 0.096876 0.023439 0.025001
0 0.954688 0.055468 0.018749 0.023437
0 0.917187 0.096094 0.021876 0.020313
0 0.792188 0.558595 0.034375 0.035937
0 0.615625 0.477344 0.028126 0.032812
0 0.102343 0.842186 0.032812 0.034376
0 0.018750 0.811719 0.037501 0.035937
0 0.054688 0.730468 0.021876 0.023437
0 0.056249 0.628125 0.021876 0.018750
0 0.094530 0.257032 0.035938 0.035937
0 0.111720 0.201561 0.026562 0.071876
0 0.100780 0.103906 0.023439 0.032812
0 0.053125 0.310937 0.018749 0.018750
0 0.010157 0.060937 0.020313 0.018750
0 0.976564 0.641406 0.012500 0.010938
0 0.754687 0.597655 0.012500 0.014062
0 0.763283 0.574218 0.014063 0.017187
0 0.762499 0.469532 0.009376 0.014062
0 0.860155 0.497657 0.014063 0.017187
0 0.513280 0.460157 0.014063 0.014062
0 0.589843 0.885937 0.020313 0.021874
0 0.539062 0.875001 0.015626 0.015626
0 0.535939 0.912501 0.018749 0.018750
0 0.302345 0.890625 0.014063 0.012499
0 0.299218 0.467969 0.014063 0.017187
0 0.513280 0.328905 0.017186 0.017187
0 0.505470 0.298438 0.010936 0.012499
0 0.302345 0.153126 0.014063 0.015626
0 0.286719 0.038281 0.010936 0.010938
0 0.333594 0.024219 0.010936 0.014062
0 0.357033 0.172657 0.010936 0.014062
0 0.528126 0.258593 0.015626 0.014062
0 0.473438 0.185938 0.015626 0.018750
0 0.848436 0.385937 0.018749 0.021874
0 0.336720 0.708594 0.017186 0.017187