0 0.528126 0.088280 0.059374 0.064062
0 0.441406 0.130470 0.023439 0.026562
0 0.547655 0.137500 0.020313 0.021874
0 0.582813 0.148438 0.018749 0.025001
0 0.742187 0.401563 0.037499 0.034376
0 0.764063 0.392969 0.031249 0.035937
0 0.797655 0.357030 0.020313 0.017187
0 0.475001 0.449219 0.043751 0.045312
0 0.501563 0.427345 0.024999 0.023437
0 0.484374 0.516407 0.031249 0.026562
0 0.528906 0.522656 0.048438 0.032812
0 0.575001 0.618750 0.031249 0.025001
0 0.407031 0.599219 0.039062 0.032812
0 0.825000 0.539063 0.028126 0.025001
0 0.897657 0.477344 0.023439 0.020313
0 0.886718 0.528906 0.020313 0.020313
0 0.718751 0.603124 0.037499 0.021874
0 0.739844 0.588280 0.023439 0.017187
0 0.193750 0.412501 0.040625 0.043751
0 0.232031 0.433593 0.042188 0.045312
0 0.142188 0.345313 0.024999 0.031249
0 0.267187 0.285939 0.024999 0.034376
0 0.372655 0.439062 0.026562 0.028125
0 0.258593 0.132031 0.023439 0.029688
0 0.994531 0.267189 0.010938 0.025001
0 0.249217 0.557031 0.017186 0.020313
0 0.209375 0.805468 0.028126 0.023437
0 0.236718 0.803126 0.020313 0.018750
0 0.618749 0.803126 0.034375 0.018750