0 0.821874 0.143751 0.034375 0.037500
0 0.839063 0.120313 0.024999 0.028125
0 0.874219 0.128125 0.032812 0.037500
0 0.691406 0.438281 0.032812 0.032812
0 0.808595 0.559376 0.064064 0.046875
0 0.401562 0.009375 0.031249 0.018751
0 0.422657 0.045313 0.020313 0.021874
0 0.315625 0.346094 0.024999 0.023437
0 0.377342 0.399999 0.039062 0.040624
0 0.382032 0.615626 0.039062 0.031249
0 0.019532 0.539063 0.039063 0.025001
0 0.097657 0.477344 0.023439 0.020313
0 0.086718 0.528906 0.020313 0.020313
0 0.198437 0.267189 0.018749 0.025001