0 0.875001 0.049219 0.043751 0.045312
0 0.901563 0.027345 0.024999 0.023437
0 0.884374 0.116407 0.031249 0.026562
0 0.928906 0.122656 0.048438 0.032812
0 0.975001 0.218750 0.031249 0.025001
0 0.807031 0.199219 0.039062 0.032812
0 0.593750 0.017188 0.040625 0.034376
0 0.632031 0.028125 0.042188 0.056249
0 0.772655 0.039062 0.026562 0.028125
0 0.012500 0.162500 0.025000 0.025001
0 0.239064 0.119531 0.021876 0.026562
0 0.319531 0.201564 0.017186 0.021874
0 0.473438 0.774219 0.024999 0.035937
0 0.005468 0.725781 0.010937 0.020313
0 0.735937 0.992187 0.034375 0.015626
0 0.978906 0.749218 0.042187 0.051562
0 0.871095 0.880468 0.026562 0.023437
0 0.649217 0.157031 0.017186 0.020313
0 0.609375 0.405468 0.028126 0.023437
0 0.636718 0.403126 0.020313 0.018750