0 0.292969 0.469532 0.026562 0.026562
0 0.338280 0.372656 0.035938 0.042187
0 0.445313 0.659374 0.024999 0.031249
0 0.516406 0.537500 0.029689 0.031249
0 0.667187 0.008594 0.028126 0.017187
0 0.725001 0.490625 0.037499 0.043751
0 0.718752 0.427345 0.031249 0.026562
0 0.607813 0.409374 0.031249 0.034376
0 0.664844 0.653126 0.032812 0.034376
0 0.583594 0.647657 0.042188 0.032812
0 0.067188 0.430469 0.040625 0.042187
0 0.217969 0.022657 0.035938 0.045313
0 0.168751 0.216406 0.043751 0.042187
0 0.124999 0.162501 0.034375 0.028125
0 0.178907 0.154687 0.032812 0.018750