0 0.072658 0.985937 0.029689 0.028125
0 0.282032 0.989844 0.039062 0.020312
0 0.198439 0.978126 0.024999 0.021874
0 0.456249 0.985156 0.024999 0.026562
0 0.384375 0.978126 0.021876 0.021874
0 0.865625 0.985156 0.037499 0.029687
0 0.884374 0.146093 0.046875 0.048438
0 0.985938 0.196094 0.028124 0.048438
0 0.710938 0.445313 0.037499 0.040624
0 0.735937 0.413282 0.031249 0.032812
0 0.824220 0.378125 0.026562 0.031249
0 0.768749 0.302343 0.024999 0.023437
0 0.803124 0.016406 0.031249 0.032812
0 0.674220 0.128125 0.026562 0.037500
0 0.677343 0.287499 0.020313 0.021874
0 0.964061 0.458594 0.028126 0.026562
0 0.502343 0.442186 0.032812 0.034376
0 0.424220 0.411719 0.026562 0.035937
0 0.376562 0.389845 0.021876 0.023437
0 0.368749 0.260938 0.037499 0.043751
0 0.339063 0.492969 0.031249 0.023437
0 0.092187 0.492188 0.071874 0.028125
0 0.073438 0.468750 0.028126 0.021874
0 0.259376 0.428906 0.031249 0.035937
0 0.296875 0.388281 0.034375 0.035937
0 0.277342 0.351563 0.023439 0.025001
0 0.290625 0.308594 0.050001 0.039063
0 0.242967 0.282030 0.020313 0.032812
0 0.208595 0.316406 0.026562 0.026562
0 0.134375 0.095312 0.040625 0.034376
0 0.185936 0.109375 0.037499 0.040624
0 0.220312 0.041407 0.024999 0.032812
0 0.017187 0.361720 0.034374 0.023437
0 0.454688 0.330468 0.021876 0.023437
0 0.456249 0.228125 0.021876 0.018750
0 0.913280 0.060157 0.014063 0.014062
0 0.989843 0.485937 0.020313 0.021874
0 0.939062 0.475001 0.015626 0.015626
0 0.935939 0.512501 0.018749 0.018750
0 0.702345 0.490625 0.014063 0.012499
0 0.932812 0.985937 0.021876 0.018750
0 0.898437 0.981250 0.015626 0.015626
0 0.699218 0.067969 0.014063 0.017187
0 0.052345 0.313282 0.020313 0.020313
0 0.055468 0.113281 0.017186 0.017187
0 0.736720 0.308594 0.017186 0.017187