0 0.105469 0.014844 0.026562 0.029688
0 0.088280 0.279688 0.020313 0.018750
0 0.096093 0.390625 0.020313 0.018750
0 0.052344 0.328906 0.017186 0.020313
0 0.069530 0.500782 0.035938 0.032812
0 0.099219 0.429688 0.017186 0.018750
0 0.464844 0.412501 0.020313 0.021874
0 0.552344 0.382031 0.026562 0.026562
0 0.475000 0.521095 0.015626 0.017187
0 0.514062 0.544532 0.018749 0.017187
0 0.496876 0.562501 0.015626 0.018750
0 0.472657 0.570312 0.020313 0.018750
0 0.755469 0.335156 0.017186 0.014062
0 0.899220 0.328906 0.014063 0.014062
0 0.947658 0.347655 0.007813 0.010938
0 0.732030 0.389843 0.020313 0.014062
0 0.618751 0.586720 0.018749 0.014062
0 0.617968 0.617187 0.017186 0.018750
0 0.621874 0.670313 0.028126 0.025001
0 0.664063 0.632031 0.021876 0.023437
0 0.691405 0.613281 0.020313 0.020313
0 0.746876 0.608594 0.031249 0.029688
0 0.553124 0.713282 0.018749 0.014062
0 0.440625 0.787500 0.012500 0.012499
0 0.427342 0.879687 0.014063 0.015626
0 0.563280 0.817188 0.017186 0.018750
0 0.709374 0.747655 0.018749 0.020313
0 0.808593 0.713282 0.020313 0.023437
0 0.656250 0.828124 0.015626 0.012499
0 0.584376 0.879687 0.018749 0.018750
0 0.621094 0.879687 0.020313 0.025001
0 0.630467 0.937500 0.029689 0.034376
0 0.457811 0.980469 0.021876 0.017187
0 0.506249 0.971875 0.018749 0.021874
0 0.709374 0.995312 0.015626 0.009376
0 0.749219 0.946093 0.017186 0.017187
0 0.787501 0.937500 0.021876 0.021874
0 0.733593 0.858594 0.023439 0.023437
0 0.855468 0.813282 0.023439 0.020313
0 0.859375 0.789063 0.021876 0.021874
0 0.821093 0.743749 0.017186 0.018750
0 0.955467 0.777343 0.029689 0.032812
0 0.939845 0.755469 0.023439 0.023437
0 0.987499 0.722657 0.021876 0.020313
0 0.893750 0.851562 0.018749 0.018750
0 0.910156 0.876562 0.010936 0.012499
0 0.900000 0.898436 0.024999 0.021874
0 0.853905 0.907811 0.023439 0.021874
0 0.949218 0.889843 0.020313 0.020313
0 0.943751 0.987500 0.024999 0.025000
0 0.059374 0.808595 0.024999 0.020313
0 0.128905 0.813282 0.023439 0.029688
0 0.122655 0.907811 0.017186 0.018750
0 0.873437 0.571876 0.012500 0.012499
0 0.950781 0.581251 0.020313 0.018750
0 0.940625 0.449219 0.021876 0.020313