0 0.923439 0.567188 0.040625 0.046875
0 0.867188 0.588281 0.043751 0.039063
0 0.622655 0.610157 0.035938 0.042187
0 0.135155 0.567970 0.073437 0.042187
0 0.868751 0.796875 0.043751 0.040624
0 0.202345 0.792969 0.067187 0.067188
0 0.104686 0.776562 0.024999 0.040624
0 0.072657 0.867187 0.042188 0.028125
0 0.385158 0.974218 0.039062 0.042187
0 0.393751 0.869532 0.043751 0.067188
0 0.314844 0.910938 0.048438 0.046875
0 0.475001 0.758593 0.046875 0.039063
0 0.548438 0.834375 0.046875 0.046875
0 0.345313 0.723439 0.037499 0.034376
0 0.773438 0.571876 0.021876 0.018750
0 0.673436 0.582811 0.018749 0.015626