0 0.646874 0.539063 0.040625 0.037500
0 0.635938 0.614063 0.040625 0.043751
0 0.428906 0.485156 0.048438 0.045312
0 0.303125 0.857812 0.028126 0.037500
0 0.216405 0.833593 0.035938 0.045312
0 0.142968 0.762499 0.026562 0.018750
0 0.145311 0.804687 0.015626 0.025001
0 0.306251 0.643749 0.037499 0.025001
0 0.349999 0.659375 0.028126 0.037500
0 0.403907 0.666407 0.035938 0.042187
0 0.242187 0.921095 0.024999 0.029688
0 0.021094 0.828124 0.042188 0.021874
0 0.224218 0.567188 0.029689 0.025001
0 0.128905 0.556250 0.029689 0.031249
0 0.164063 0.983593 0.031249 0.029688
0 0.046875 0.632031 0.018749 0.020313
0 0.100783 0.691405 0.014063 0.020313
0 0.056251 0.710937 0.015626 0.018750
0 0.139844 0.891406 0.017186 0.017187