0 0.833593 0.441405 0.029689 0.029688
0 0.663280 0.689063 0.032812 0.034376
0 0.732031 0.773438 0.042188 0.037500
0 0.415624 0.532031 0.024999 0.035937
0 0.312501 0.764844 0.037499 0.035937
0 0.470312 0.702344 0.031249 0.032812
0 0.579687 0.695314 0.034375 0.037500
0 0.610156 0.785155 0.029689 0.029688
0 0.611719 0.841407 0.026562 0.035937
0 0.515626 0.799218 0.028126 0.029688
0 0.471875 0.755469 0.024999 0.032812
0 0.390625 0.786718 0.037499 0.039063
0 0.428127 0.864063 0.034375 0.040624
0 0.532812 0.982812 0.028126 0.034375