0 0.777342 0.713282 0.020313 0.029688
0 0.671874 0.775001 0.028126 0.021874
0 0.433593 0.041405 0.029689 0.029688
0 0.760937 0.014062 0.034375 0.028124
0 0.690626 0.084374 0.024999 0.018750
0 0.263280 0.289063 0.032812 0.034376
0 0.332031 0.373438 0.042188 0.037500
0 0.014062 0.132031 0.028123 0.035937
0 0.070312 0.302344 0.031249 0.032812
0 0.179687 0.295314 0.034375 0.037500
0 0.210156 0.385155 0.029689 0.029688
0 0.211719 0.441407 0.026562 0.035937
0 0.115626 0.399218 0.028126 0.029688
0 0.071875 0.355469 0.024999 0.032812
0 0.022657 0.464063 0.045314 0.040624
0 0.132812 0.584375 0.028126 0.037500
0 0.257030 0.617187 0.045311 0.046875
0 0.628125 0.615626 0.034375 0.034376
0 0.693749 0.652344 0.031249 0.039063
0 0.774999 0.597655 0.024999 0.035937