0 0.710938 0.225001 0.031249 0.021874
0 0.264062 0.188280 0.024999 0.035937
0 0.703125 0.057812 0.028126 0.037500
0 0.616405 0.028125 0.035938 0.056249
0 0.545311 0.008594 0.015626 0.017187
0 0.411720 0.241406 0.026562 0.032812
0 0.642187 0.121095 0.024999 0.029688
0 0.349999 0.141405 0.024999 0.032812
0 0.425782 0.028124 0.032812 0.021874
0 0.919532 0.261719 0.026562 0.029688
0 0.918749 0.324999 0.037499 0.025001
0 0.325000 0.384376 0.034375 0.028125
0 0.460938 0.289844 0.031249 0.026562
0 0.564063 0.183593 0.031249 0.029688
0 0.628124 0.205469 0.024999 0.026562
0 0.952344 0.988282 0.051561 0.023436
0 0.840626 0.960157 0.040625 0.039063
0 0.729687 0.986719 0.037499 0.026562
0 0.223438 0.917188 0.028126 0.025001
0 0.442968 0.952343 0.017186 0.023437
0 0.482813 0.887500 0.018749 0.015626
0 0.817970 0.354687 0.020313 0.018750
0 0.275782 0.011718 0.017186 0.023437
0 0.288281 0.027345 0.017186 0.020313
0 0.307031 0.040626 0.014063 0.018750
0 0.316407 0.078907 0.017186 0.017187
0 0.366405 0.136718 0.017186 0.020313
0 0.539844 0.091406 0.017186 0.017187