0 0.973437 0.082032 0.024999 0.026562
0 0.808594 0.153905 0.026562 0.026562
0 0.712501 0.107031 0.028126 0.026562
0 0.717187 0.076563 0.024999 0.021874
0 0.756249 0.071876 0.024999 0.015626
0 0.783595 0.094531 0.014063 0.017187
0 0.561717 0.137500 0.023439 0.025001
0 0.618752 0.023437 0.021876 0.018750
0 0.585936 0.314062 0.021876 0.028125
0 0.356249 0.155469 0.037499 0.023437
0 0.169530 0.199219 0.035938 0.035937
0 0.072657 0.107812 0.032812 0.021874
0 0.080470 0.162501 0.026562 0.025001
0 0.043748 0.166407 0.018749 0.023437
0 0.385938 0.310156 0.028126 0.026562
0 0.909376 0.953907 0.018749 0.026562
0 0.881251 0.927343 0.015626 0.023437
0 0.823437 0.957032 0.021876 0.023437
0 0.789061 0.890625 0.034375 0.021874
0 0.826563 0.847656 0.021876 0.020313
0 0.877344 0.851562 0.026562 0.025001
0 0.648437 0.857031 0.024999 0.026562
0 0.588283 0.871093 0.026562 0.026562
0 0.757812 0.824219 0.028126 0.026562
0 0.687499 0.791406 0.028126 0.045312
0 0.746876 0.755470 0.028126 0.029688
0 0.656250 0.740625 0.021876 0.025001
0 0.568750 0.751561 0.040625 0.025001
0 0.427343 0.750782 0.035938 0.029688
0 0.207812 0.852343 0.018749 0.023437
0 0.115625 0.902343 0.024999 0.023437
0 0.092186 0.921874 0.018749 0.025001
0 0.154687 0.925782 0.018749 0.023437
0 0.300781 0.930470 0.023439 0.029688
0 0.384375 0.928125 0.021876 0.021874
0 0.417187 0.959374 0.021876 0.021874
0 0.462501 0.917968 0.024999 0.026562
0 0.225001 0.952344 0.024999 0.023437
0 0.221874 0.985156 0.034375 0.029688