0 0.844533 0.076563 0.026562 0.028125
0 0.892967 0.103906 0.023439 0.023437
0 0.814064 0.135155 0.018749 0.020313
0 0.952345 0.159375 0.029689 0.028125
0 0.933592 0.031249 0.023439 0.021874
0 0.917970 0.307813 0.029689 0.031249
0 0.667970 0.313282 0.026562 0.017187
0 0.602343 0.163280 0.029689 0.023437
0 0.573437 0.082032 0.024999 0.026562
0 0.408594 0.153905 0.026562 0.026562
0 0.312501 0.107031 0.028126 0.026562
0 0.317188 0.076563 0.024999 0.021874
0 0.356249 0.071876 0.024999 0.015626
0 0.383595 0.094531 0.014063 0.017187
0 0.161717 0.137500 0.023439 0.025001
0 0.218752 0.023437 0.021876 0.018750
0 0.185936 0.314062 0.021876 0.028125
0 0.755469 0.746095 0.017186 0.026562
0 0.707032 0.755470 0.020313 0.020313
0 0.774999 0.817968 0.018749 0.023437
0 0.735157 0.883593 0.026562 0.020313
0 0.716408 0.929688 0.020313 0.031249
0 0.903907 0.959374 0.032812 0.031249
0 0.509376 0.953907 0.018749 0.026562
0 0.481251 0.927343 0.015626 0.023437
0 0.423437 0.957032 0.021876 0.023437
0 0.389061 0.890625 0.034375 0.021874
0 0.426563 0.847656 0.021876 0.020313
0 0.477344 0.851562 0.026562 0.025001
0 0.248437 0.857031 0.024999 0.026562
0 0.188283 0.871093 0.026562 0.026562
0 0.357812 0.824219 0.028126 0.026562
0 0.287499 0.791406 0.028126 0.045312
0 0.346876 0.755470 0.028126 0.029688
0 0.256250 0.740625 0.021876 0.025001
0 0.168750 0.751561 0.040625 0.025001
0 0.022656 0.750782 0.045312 0.029688
0 0.014062 0.959374 0.028124 0.021874
0 0.062501 0.917968 0.024999 0.026562
0 0.674220 0.783594 0.020313 0.020313
0 0.801561 0.863282 0.024999 0.023437